  1   5   2   0   0   2 0.05 0.05 0.05 0.05   1   1   1   1   1   2   1   3   4
  1   5   4   3   1   2 0.02 0.02 0.02 0.02   0   0   0   0   1   4   1   2   3
  1   5   2  -2   1   2 0.02 0.02 0.02 0.02   0   0   0   0   1   4   1   3   2
  0   5   8  -3   1   1 0.00 0.00 0.00 0.00   0   0   0   0   1   3   4   2   1
  1   5   4   0   0   2 0.05 0.05 0.05 0.05   1   1   1   1   1   2   1   3   4
  1   5   4   4   1   2 0.02 0.02 0.02 0.02   0   0   0   0   1   4   2   1   3
  0   5   9   4   1   1 0.00 0.00 0.00 0.00   0   0   0   0   1   4   3   2   1
  1   5   5   0   0   1 0.50 0.50 0.50 0.50   1   1   1   1   1   1   3   4   2
  1   5   3   0   0   1 0.46 0.46 0.46 0.46   1   1   1   1   1   2   1   3   4
  1   5   2  -1   1   2 0.02 0.02 0.02 0.02   0   0   0   0   1   2   3   1   4
  0   5   6   1   1   1 0.00 0.00 0.00 0.00   0   0   0   0   1   3   1   4   2
  1   5   3   3   0   1 0.42 0.42 0.42 0.42   1   1   1   1   1   2   1   4   3
  0   5   3  -4   1   1 0.00 0.00 0.00 0.00   0   0   0   0   1   1   2   4   3
  1   5   6   1   0   2 0.05 0.05 0.05 0.05   1   1   1   1   1   4   1   2   3
  0   5   2  -5   1   1 0.00 0.00 0.00 0.00   0   0   0   0   1   4   2   1   3
  1   5   5   0   0   1 0.38 0.38 0.38 0.38   1   1   1   1   1   2   3   4   1
  1   5   1   1   0   1 0.34 0.34 0.34 0.34   1   1   1   1   1   2   3   1   4
  0   5   7  -3   1   1 0.00 0.00 0.00 0.00   0   0   0   0   1   4   3   2   1
  1   5   1   0   0   1 0.30 0.30 0.30 0.30   1   1   1   1   1   3   1   2   4
  1   5   2  -5   1   2 0.02 0.02 0.02 0.02   0   0   0   0   1   4   1   3   2
  1   5   4   3   1   2 0.02 0.02 0.02 0.02   0   0   0   0   1   3   4   2   1
  1   5   4   0   0   2 0.05 0.05 0.05 0.05   1   1   1   1   1   1   4   2   3
  1   5   2  -5   1   2 0.02 0.02 0.02 0.02   0   0   0   0   1   4   1   2   3
  1   5   5   0   0   1 0.26 0.26 0.26 0.26   1   1   1   1   1   1   3   4   2
  1   5   1   0   0   1 0.22 0.22 0.22 0.22   1   1   1   1   1   3   1   2   4
  1   5   2  -4   1   2 0.02 0.02 0.02 0.02   0   0   0   0   1   1   4   3   2
  0   5   5   6   1   1 0.00 0.00 0.00 0.00   0   0   0   0   1   1   3   2   4
  1   5   3   0   0   1 0.18 0.18 0.18 0.18   1   1   1   1   1   4   2   1   3
  0   5  10   7   1   1 0.00 0.00 0.00 0.00   0   0   0   0   1   1   2   4   3
  1   5   6   0   0   2 0.05 0.05 0.05 0.05   1   1   1   1   1   3   1   2   4
  1   5   3   0   0   1 0.14 0.14 0.14 0.14   1   1   1   1   1   4   1   2   3
  1   5   1   0   0   1 0.10 0.10 0.10 0.10   1   1   1   1   1   3   2   4   1
  1   5   6   4   1   2 0.02 0.02 0.02 0.02   0   0   0   0   1   1   4   2   3
  1   5   1   0   0   1 0.06 0.06 0.06 0.06   1   1   1   1   1   2   3   1   4
  1   5   6   4   1   2 0.02 0.02 0.02 0.02   0   0   0   0   1   3   4   1   2
  1   5   5  -3   1   1 0.02 0.02 0.02 0.02   0   0   0   0   1   1   2   4   3
  1   5   5  -5   1   1 0.02 0.02 0.02 0.02   0   0   0   0   1   4   1   3   2
  0   5   1  -7   1   1 0.00 0.00 0.00 0.00   0   0   0   0   1   2   3   1   4
  0   5   4   5   1   1 0.00 0.00 0.00 0.00   0   0   0   0   1   2   1   3   4
  1   5   6   0   0   2 0.05 0.05 0.05 0.05   1   1   1   1   1   4   3   1   2
  1   5   4  -7   1   2 0.02 0.02 0.02 0.02   0   0   0   0   1   4   3   2   1
  1   5   6   4   1   2 0.02 0.02 0.02 0.02   0   0   0   0   1   4   2   3   1
  1   5   5   0   0   1 0.05 0.05 0.05 0.05   1   1   1   1   1   4   3   1   2
  1   5   3   3   1   1 0.02 0.02 0.02 0.02   0   0   0   0   1   1   4   3   2
  1   5   3   5   1   1 0.02 0.02 0.02 0.02   0   0   0   0   1   1   2   4   3
  1   5   1   0   0   1 0.05 0.05 0.05 0.05   1   1   1   1   1   1   3   2   4
  1   5   2   0   0   2 0.05 0.05 0.05 0.05   1   1   1   1   2   1   4   2   3
  1   5   4  -8   1   2 0.02 0.02 0.02 0.02   0   0   0   0   2   2   3   4   1
  1   5   5  -3   1   1 0.02 0.02 0.02 0.02   0   0   0   0   2   3   2   4   1
  1   5   3   4   1   1 0.02 0.02 0.02 0.02   0   0   0   0   2   1   3   2   4
  1   5   3   0   0   1 0.05 0.05 0.05 0.05   1   1   1   1   2   4   3   2   1
  1   5   6   5   1   2 0.02 0.02 0.02 0.02   0   0   0   0   2   2   4   1   3
  1   5   5  -4   1   1 0.02 0.02 0.02 0.02   0   0   0   0   2   2   1   3   4
  1   5   1  -7   0   1 0.02 0.02 0.02 0.02   0   0   0   0   2   4   1   2   3
  1   5   1   0   0   1 0.05 0.05 0.05 0.05   1   1   1   1   2   2   3   1   4
  1   5   4   0   0   2 0.05 0.05 0.05 0.05   1   1   1   1   2   4   1   2   3
  1   5   5  -3   1   1 0.02 0.02 0.02 0.02   0   0   0   0   2   2   4   3   1
  1   5   1  -6   1   1 0.02 0.02 0.02 0.02   0   0   0   0   2   2   3   1   4
  1   5   3   0   0   1 0.05 0.05 0.05 0.05   1   1   1   1   2   4   3   2   1
  1   5   6   3   1   2 0.02 0.02 0.02 0.02   0   0   0   0   2   2   1   3   4
  1   5   3   4   1   1 0.02 0.02 0.02 0.02   0   0   0   0   2   1   4   2   3
  1   5   1  -5   1   1 0.02 0.02 0.02 0.02   0   0   0   0   2   1   3   4   2
  1   5   1   0   0   1 0.05 0.05 0.05 0.05   1   1   1   1   2   1   4   3   2
  1   5   6  -3   1   2 0.02 0.02 0.02 0.02   0   0   0   0   2   3   2   4   1
  1   5   5  -8   1   1 0.02 0.02 0.02 0.02   0   0   0   0   2   1   4   3   2
  1   5   1  -5   1   1 0.02 0.02 0.02 0.02   0   0   0   0   2   2   3   1   4
  1   5   2   0   0   2 0.05 0.05 0.05 0.05   1   1   1   1   3   3   2   4   1
  1   5   3   0   0   1 0.05 0.05 0.05 0.05   1   1   1   1   3   1   4   3   2
  1   5   1  -5   1   1 0.02 0.02 0.02 0.02   0   0   0   0   3   3   1   2   4
  1   5   1  -6   1   1 0.02 0.02 0.02 0.02   0   0   0   0   3   2   3   4   1
  1   5   4   1   1   2 0.02 0.02 0.02 0.02   0   0   0   0   3   3   4   2   1
  1   5   3   0   0   1 0.05 0.05 0.05 0.05   1   1   1   1   3   1   4   2   3
  1   5   1  -7   1   1 0.02 0.02 0.02 0.02   0   0   0   0   3   1   2   4   3
  1   5   2  -4   1   2 0.02 0.02 0.02 0.02   0   0   0   0   4   2   4   3   1
  1   5   3   4   1   1 0.02 0.02 0.02 0.02   0   0   0   0   4   4   2   3   1
  1   5   3   0   0   1 0.05 0.05 0.05 0.05   1   1   1   1   4   1   3   2   4
  1   5   3   5   1   1 0.02 0.02 0.02 0.02   0   0   0   0   5   2   1   3   4
  1   3   3   5   1   1 0.02 0.02 0.02 0.02   0   0   0   0   1   4   2   1   3
  1   3   5   0   0   1 0.05 0.05 0.05 0.05   1   1   1   1   1   1   4   3   2
  0   3   2  -5   1   1 0.00 0.00 0.00 0.00   0   0   0   0   1   2   1   3   4
  1   3   6   0   0   2 0.05 0.05 0.05 0.05   1   1   1   1   1   3   1   2   4
  1   3   1  -3   1   1 0.02 0.02 0.02 0.02   0   0   0   0   1   4   1   2   3
  1   3   3   4   1   1 0.02 0.02 0.02 0.02   0   0   0   0   1   1   3   4   2
  1   3   3   0   0   1 0.05 0.05 0.05 0.05   1   1   1   1   1   3   4   2   1
  0   3  10   2   1   1 0.00 0.00 0.00 0.00   0   0   0   0   1   2   3   1   4
  1   3   4  -3   1   2 0.02 0.02 0.02 0.02   0   0   0   0   1   3   2   4   1
  0   3   1  -7   1   1 0.00 0.00 0.00 0.00   0   0   0   0   1   1   3   4   2
  0   3   4   6   1   1 0.00 0.00 0.00 0.00   0   0   0   0   1   2   4   1   3
  0   3   9   4   1   1 0.00 0.00 0.00 0.00   0   0   0   0   1   1   4   3   2
  0   3   3  -9   1   1 0.00 0.00 0.00 0.00   0   0   0   0   1   1   4   2   3
  1   3   1  -5   1   1 0.02 0.02 0.02 0.02   0   0   0   0   1   2   4   1   3
  1   3   1  -5   1   1 0.02 0.02 0.02 0.02   0   0   0   0   1   3   4   1   2
  1   3   6   6   1   2 0.02 0.02 0.02 0.02   0   0   0   0   1   3   1   4   2
  1   3   2   0   0   2 0.05 0.05 0.05 0.05   1   1   1   1   1   3   4   1   2
  1   3   4  -7   1   2 0.02 0.02 0.02 0.02   0   0   0   0   1   2   3   4   1
  1   3   2  -5   1   2 0.02 0.02 0.02 0.02   0   0   0   0   1   4   2   3   1
  1   3   4   0   0   2 0.05 0.05 0.05 0.05   1   1   1   1   1   3   1   4   2
  0   3   6 -10   1   1 0.00 0.00 0.00 0.00   0   0   0   0   1   2   3   1   4
  1   3   5   0   0   1 0.05 0.05 0.05 0.05   1   1   1   1   1   4   1   3   2
  1   3   4  -5   1   2 0.02 0.02 0.02 0.02   0   0   0   0   1   3   4   2   1
  1   3   6   6   1   2 0.02 0.02 0.02 0.02   0   0   0   0   1   3   4   2   1
  1   3   6   0   0   2 0.05 0.05 0.05 0.05   1   1   1   1   1   2   3   1   4
  1   3   4  -4   1   2 0.02 0.02 0.02 0.02   0   0   0   0   1   4   1   3   2
  1   3   5  -5   1   1 0.02 0.02 0.02 0.02   0   0   0   0   1   3   4   2   1
  1   3   5  -4   1   1 0.02 0.02 0.02 0.02   0   0   0   0   1   1   3   2   4
  1   3   2  -5   1   2 0.02 0.02 0.02 0.02   0   0   0   0   1   1   2   4   3
  0   3   7  -8   1   1 0.00 0.00 0.00 0.00   0   0   0   0   1   2   4   3   1
  1   3   1   0   0   1 0.05 0.05 0.05 0.05   1   1   1   1   1   4   3   2   1
  1   3   3   6   1   1 0.02 0.02 0.02 0.02   0   0   0   0   1   3   4   1   2
  0   3   8  -3   1   1 0.00 0.00 0.00 0.00   0   0   0   0   1   2   1   4   3
  1   3   3   4   1   1 0.02 0.02 0.02 0.02   0   0   0   0   1   4   1   3   2
  1   3   6   0   0   2 0.05 0.05 0.05 0.05   1   1   1   1   1   3   4   1   2
  1   3   4  -6   1   2 0.02 0.02 0.02 0.02   0   0   0   0   1   3   4   2   1
  1   3   6   3   1   2 0.02 0.02 0.02 0.02   0   0   0   0   1   4   2   3   1
  1   3   5   0   0   1 0.05 0.05 0.05 0.05   1   1   1   1   1   4   2   3   1
  1   3   1  -2   1   1 0.02 0.02 0.02 0.02   0   0   0   0   1   3   4   2   1
  0   3   5   6   1   1 0.00 0.00 0.00 0.00   0   0   0   0   1   4   2   3   1
  1   3   3   6   1   1 0.02 0.02 0.02 0.02   0   0   0   0   1   1   2   3   4
  1   3   1   0   0   1 0.05 0.05 0.05 0.05   0   0   0   0   1   1   3   2   4
  1   3   2   0   0   2 0.05 0.05 0.05 0.05   1   1   1   1   1   1   3   4   2
  1   3   2  -5   1   2 0.02 0.02 0.02 0.02   0   0   0   0   1   3   2   1   4
  1   3   5   0   0   1 0.05 0.05 0.05 0.05   1   1   1   1   1   2   1   3   4
  1   3   2  -7   1   2 0.02 0.02 0.02 0.02   0   0   0   0   1   1   4   3   2
  1   3   5  -5   1   1 0.02 0.02 0.02 0.02   0   0   0   0   2   4   1   2   3
  1   3   6   0   0   2 0.05 0.05 0.05 0.05   1   1   1   1   2   2   1   4   3
  1   3   3   6   1   1 0.02 0.02 0.02 0.02   0   0   0   0   2   3   2   1   4
  1   3   2  -7   1   2 0.02 0.02 0.02 0.02   0   0   0   0   2   3   4   2   1
  1   3   4  -5   1   2 0.02 0.02 0.02 0.02   0   0   0   0   2   2   1   3   4
  1   3   5   0   0   1 0.05 0.05 0.05 0.05   1   1   1   1   2   3   2   1   4
  1   3   6   0   0   2 0.05 0.05 0.05 0.05   1   1   1   1   2   4   1   3   2
  1   3   1  -8   1   1 0.02 0.02 0.02 0.02   0   0   0   0   2   1   4   2   3
  1   3   6   4   1   2 0.02 0.02 0.02 0.02   0   0   0   0   2   4   1   3   2
  1   3   5  -5   1   1 0.02 0.02 0.02 0.02   0   0   0   0   2   4   3   1   2
  1   3   1   0   0   1 0.05 0.05 0.05 0.05   1   1   1   1   2   3   1   2   4
  1   3   2  -7   1   2 0.02 0.02 0.02 0.02   0   0   0   0   2   1   3   4   2
  1   3   5  -5   1   1 0.02 0.02 0.02 0.02   0   0   0   0   2   3   4   1   2
  1   3   6   0   0   2 0.05 0.05 0.05 0.05   1   1   1   1   3   1   3   2   4
  1   3   5   2   1   1 0.02 0.02 0.02 0.02   0   0   0   0   3   4   3   2   1
  1   3   6   6   1   2 0.02 0.02 0.02 0.02   0   0   0   0   3   4   2   3   1
  1   3   1   0   0   1 0.05 0.05 0.05 0.05   1   1   1   1   3   2   1   4   3
  1   3   6   5   1   2 0.02 0.02 0.02 0.02   0   0   0   0   4   2   1   3   4
  1   3   1  -4   1   1 0.02 0.02 0.02 0.02   0   0   0   0   4   2   1   3   4
  1   2   6   0   0   2 0.05 0.05 0.05 0.05   1   1   1   1   1   1   2   3   4
  0   2   8  -6   1   1 0.00 0.00 0.00 0.00   0   0   0   0   1   3   1   2   4
  1   2   1  -5   1   1 0.02 0.02 0.02 0.02   0   0   0   0   1   3   1   4   2
  1   2   5   0   0   1 0.05 0.05 0.05 0.05   1   1   1   1   1   2   4   3   1
  1   2   2  -4   1   2 0.02 0.02 0.02 0.02   0   0   0   0   1   3   4   1   2
  1   2   1  -5   1   1 0.02 0.02 0.02 0.02   0   0   0   0   1   4   2   1   3
  1   2   2  -4   1   2 0.02 0.02 0.02 0.02   0   0   0   0   1   2   4   3   1
  0   2   2  -8   1   1 0.00 0.00 0.00 0.00   0   0   0   0   1   3   2   4   1
  1   2   4   0   0   2 0.05 0.05 0.05 0.05   1   1   1   1   1   1   4   3   2
  1   2   5  -5   1   1 0.02 0.02 0.02 0.02   0   0   0   0   1   4   2   3   1
  1   2   4 -10   1   2 0.02 0.02 0.02 0.02   0   0   0   0   1   2   3   4   1
  0   2   3  -6   1   1 0.00 0.00 0.00 0.00   0   0   0   0   1   1   2   3   4
  1   2   6   4   1   2 0.02 0.02 0.02 0.02   0   0   0   0   1   4   2   3   1
  1   2   4   0   0   2 0.05 0.05 0.05 0.05   1   1   1   1   1   4   3   2   1
  1   2   1   0   0   1 0.05 0.05 0.05 0.05   1   1   1   1   1   1   2   4   3
  1   2   2   2   1   2 0.02 0.02 0.02 0.02   0   0   0   0   1   3   4   1   2
  1   2   5  -3   1   1 0.02 0.02 0.02 0.02   0   0   0   0   1   3   4   2   1
  1   2   1  -4   1   1 0.02 0.02 0.02 0.02   0   0   0   0   1   2   1   4   3
  1   2   2  -5   1   2 0.02 0.02 0.02 0.02   0   0   0   0   1   4   2   1   3
  0   2  10   6   1   1 0.00 0.00 0.00 0.00   0   0   0   0   1   2   1   4   3
  1   2   1   0   0   1 0.05 0.05 0.05 0.05   1   1   1   1   1   1   4   2   3
  1   2   3   6   1   1 0.02 0.02 0.02 0.02   0   0   0   0   1   2   1   3   4
  1   2   4   0   0   2 0.05 0.05 0.05 0.05   1   1   1   1   1   1   4   2   3
  1   2   2  -2   1   2 0.02 0.02 0.02 0.02   0   0   0   0   1   1   3   2   4
  1   2   3   4   1   1 0.02 0.02 0.02 0.02   0   0   0   0   1   2   1   3   4
  0   2   6  -7   1   1 0.00 0.00 0.00 0.00   0   0   0   0   1   1   4   2   3
  1   2   6   3   1   2 0.02 0.02 0.02 0.02   0   0   0   0   1   3   4   1   2
  1   2   6   0   0   2 0.05 0.05 0.05 0.05   1   1   1   1   1   3   2   4   1
  1   2   6   5   1   2 0.02 0.02 0.02 0.02   0   0   0   0   1   3   2   1   4
  1   2   5   0   0   1 0.05 0.05 0.05 0.05   1   1   1   1   1   1   4   2   3
  1   2   4  -8   1   2 0.02 0.02 0.02 0.02   0   0   0   0   1   1   2   3   4
  1   2   3   4   1   1 0.02 0.02 0.02 0.02   0   0   0   0   1   1   4   2   3
  0   2   1  -7   1   1 0.00 0.00 0.00 0.00   0   0   0   0   1   4   2   3   1
  1   2   4   0   0   2 0.05 0.05 0.05 0.05   1   1   1   1   1   4   2   1   3
  0   2   4   6   1   1 0.00 0.00 0.00 0.00   0   0   0   0   1   1   3   4   2
  1   2   3   6   1   1 0.02 0.02 0.02 0.02   0   0   0   0   1   2   3   1   4
  1   2   3   0   0   1 0.05 0.05 0.05 0.05   1   1   1   1   1   4   2   1   3
  1   2   3   5   1   1 0.02 0.02 0.02 0.02   0   0   0   0   1   4   1   3   2
  0   2   9   8   1   1 0.00 0.00 0.00 0.00   0   0   0   0   1   1   2   3   4
  1   2   2  -3   1   2 0.02 0.02 0.02 0.02   0   0   0   0   1   3   4   2   1
  1   2   5   0   1   1 0.02 0.02 0.02 0.02   0   0   0   0   1   1   3   2   4
  1   2   5   0   0   1 0.05 0.05 0.05 0.05   1   1   1   1   1   1   2   4   3
  1   2   6   5   1   2 0.02 0.02 0.02 0.02   0   0   0   0   1   2   4   3   1
  0   2   5   9   0   1 0.00 0.00 0.00 0.00   0   0   0   0   1   2   4   3   1
  1   2   1  -6   1   1 0.02 0.02 0.02 0.02   0   0   0   0   1   4   1   3   2
  0   2   7  -8   1   1 0.00 0.00 0.00 0.00   0   0   0   0   1   1   3   2   4
  1   2   6   0   0   2 0.05 0.05 0.05 0.05   1   1   1   1   2   4   2   1   3
  1   2   5  -4   1   1 0.02 0.02 0.02 0.02   0   0   0   0   2   2   3   4   1
  1   2   4  -9   1   2 0.02 0.02 0.02 0.02   0   0   0   0   2   4   2   1   3
  1   2   4 -10   1   2 0.02 0.02 0.02 0.02   0   0   0   0   2   3   1   2   4
  1   2   1   0   0   1 0.05 0.05 0.05 0.05   1   1   1   1   2   3   1   2   4
  1   2   1  -4   1   1 0.02 0.02 0.02 0.02   0   0   0   0   2   1   3   2   4
  1   2   4   0   0   2 0.05 0.05 0.05 0.05   1   1   1   1   2   2   4   1   3
  1   2   6   5   1   2 0.02 0.02 0.02 0.02   0   0   0   0   2   2   3   1   4
  1   2   5  -6   1   1 0.02 0.02 0.02 0.02   0   0   0   0   2   3   4   2   1
  1   2   4  -7   1   2 0.02 0.02 0.02 0.02   0   0   0   0   2   3   2   4   1
  1   2   3   0   0   1 0.05 0.05 0.05 0.05   1   1   1   1   2   4   1   3   2
  1   2   5  -8   1   1 0.02 0.02 0.02 0.02   0   0   0   0   2   3   2   1   4
  0   2   5   9   1   1 0.00 0.00 0.00 0.00   0   0   0   0   2   4   2   3   1
  1   2   6   0   0   2 0.05 0.05 0.05 0.05   1   1   1   1   3   1   3   4   2
  1   2   1  -5   1   1 0.02 0.02 0.02 0.02   0   0   0   0   3   4   1   3   2
  1   2   4  -7   1   2 0.02 0.02 0.02 0.02   0   0   0   0   3   4   2   1   3
  1   2   3   0   0   1 0.05 0.05 0.05 0.05   1   1   1   1   3   4   1   2   3
  1   2   6   4   1   2 0.02 0.02 0.02 0.02   0   0   0   0   4   3   1   4   2
  1   2   3   6   1   1 0.02 0.02 0.02 0.02   0   0   0   0   4   2   4   1   3
  1   1   6   0   0   2 0.05 0.05 0.05 0.05   1   1   1   1   1   3   4   2   1
  0   1   6  -7   1   1 0.00 0.00 0.00 0.00   0   0   0   0   1   3   4   2   1
  1   1   4  -5   1   2 0.02 0.02 0.02 0.02   0   0   0   0   1   2   1   4   3
  1   1   2  -5   1   2 0.02 0.02 0.02 0.02   0   0   0   0   1   4   3   1   2
  1   1   1  -4   1   1 0.02 0.02 0.02 0.02   0   0   0   0   1   3   2   1   4
  1   1   3   0   0   1 0.05 0.05 0.05 0.05   1   1   1   1   1   3   2   1   4
  1   1   2   0   0   2 0.05 0.05 0.05 0.05   1   1   1   1   1   2   4   1   3
  1   1   4  -5   1   2 0.02 0.02 0.02 0.02   0   0   0   0   1   4   2   1   3
  1   1   5  -4   1   1 0.02 0.02 0.02 0.02   0   0   0   0   1   1   2   3   4
  0   1   2  -7   1   1 0.00 0.00 0.00 0.00   0   0   0   0   1   4   3   1   2
  1   1   5  -5   1   1 0.02 0.02 0.02 0.02   0   0   0   0   1   1   2   4   3
  1   1   3   0   0   1 0.05 0.05 0.05 0.05   1   1   1   1   1   1   3   4   2
  1   1   2  -3   1   2 0.02 0.02 0.02 0.02   0   0   0   0   1   1   3   2   4
  1   1   5  -2   1   1 0.02 0.02 0.02 0.02   0   0   0   0   1   4   2   3   1
  1   1   4   0   0   2 0.05 0.05 0.05 0.05   1   1   1   1   1   3   1   4   2
  1   1   1  -4   1   1 0.02 0.02 0.02 0.02   0   0   0   0   1   1   2   3   4
  0   1   9   4   1   1 0.00 0.00 0.00 0.00   0   0   0   0   1   1   4   2   3
  1   1   6   3   1   2 0.02 0.02 0.02 0.02   0   0   0   0   1   4   1   3   2
  1   1   2  -4   1   2 0.02 0.02 0.02 0.02   0   0   0   0   1   3   4   2   1
  1   1   6   0   0   2 0.05 0.05 0.05 0.05   1   1   1   1   1   3   1   4   2
  1   1   4  -5   1   2 0.02 0.02 0.02 0.02   0   0   0   0   1   4   2   1   3
  1   1   2  -4   1   2 0.02 0.02 0.02 0.02   0   0   0   0   1   4   3   2   1
  1   1   3   0   0   1 0.05 0.05 0.05 0.05   1   1   1   1   1   1   2   3   4
  1   1   6   0   0   2 0.05 0.05 0.05 0.05   1   1   1   1   1   4   3   1   2
  0   1   3  -2   1   1 0.00 0.00 0.00 0.00   0   0   0   0   1   2   3   1   4
  0   1   7  -6   1   1 0.00 0.00 0.00 0.00   0   0   0   0   1   2   1   3   4
  1   1   3   5   1   1 0.02 0.02 0.02 0.02   0   0   0   0   1   2   4   1   3
  0   1  10   7   1   1 0.00 0.00 0.00 0.00   0   0   0   0   1   4   3   2   1
  1   1   1  -4   1   1 0.02 0.02 0.02 0.02   0   0   0   0   1   1   2   4   3
  0   1   1 -10   1   1 0.00 0.00 0.00 0.00   0   0   0   0   1   1   3   2   4
  1   1   5   0   0   1 0.05 0.05 0.05 0.05   1   1   1   1   1   1   3   2   4
  1   1   4  -8   1   2 0.02 0.02 0.02 0.02   0   0   0   0   1   3   2   4   1
  1   1   1  -7   1   1 0.02 0.02 0.02 0.02   0   0   0   0   1   1   3   4   2
  1   1   6   0   1   2 0.02 0.02 0.02 0.02   0   0   0   0   1   3   1   4   2
  1   1   3   5   1   1 0.02 0.02 0.02 0.02   0   0   0   0   1   3   2   4   1
  1   1   3   0   0   1 0.05 0.05 0.05 0.05   1   1   1   1   1   4   1   3   2
  1   1   6   0   0   2 0.05 0.05 0.05 0.05   1   1   1   1   1   4   1   3   2
  0   1   8  -5   1   1 0.00 0.00 0.00 0.00   0   0   0   0   1   3   4   2   1
  0   1   5   8   1   1 0.00 0.00 0.00 0.00   0   0   0   0   1   4   3   2   1
  1   1   1  -7   1   1 0.02 0.02 0.02 0.02   0   0   0   0   1   2   1   3   4
  1   1   5  -8   1   1 0.02 0.02 0.02 0.02   0   0   0   0   1   1   4   3   2
  1   1   1   0   0   1 0.05 0.05 0.05 0.05   0   0   0   0   1   2   4   1   3
  1   1   2  -6   1   2 0.02 0.02 0.02 0.02   0   0   0   0   1   3   4   1   2
  1   1   4  -8   1   2 0.02 0.02 0.02 0.02   0   0   0   0   1   2   1   4   3
  1   1   5   0   0   1 0.05 0.05 0.05 0.05   1   1   1   1   1   1   4   3   2
  0   1   4   6   1   1 0.00 0.00 0.00 0.00   0   0   0   0   1   3   4   2   1
  1   1   6   0   0   2 0.05 0.05 0.05 0.05   1   1   1   1   2   1   3   4   2
  1   1   3   7   1   1 0.02 0.02 0.02 0.02   0   0   0   0   2   2   3   1   4
  1   1   2  -5   1   2 0.02 0.02 0.02 0.02   0   0   0   0   2   3   1   4   2
  1   1   3   5   1   1 0.02 0.02 0.02 0.02   0   0   0   0   2   4   1   2   3
  1   1   4  -6   1   2 0.02 0.02 0.02 0.02   0   0   0   0   2   1   3   4   2
  1   1   6   0   0   2 0.05 0.05 0.05 0.05   1   1   1   1   2   4   3   2   1
  1   1   3   0   0   1 0.05 0.05 0.05 0.05   1   1   1   1   2   4   3   2   1
  1   1   6   5   1   2 0.02 0.02 0.02 0.02   0   0   0   0   2   2   4   3   1
  1   1   5  -5   1   1 0.02 0.02 0.02 0.02   0   0   0   0   2   4   1   2   3
  1   1   3   7   1   1 0.02 0.02 0.02 0.02   0   0   0   0   2   2   4   1   3
  1   1   6   7   1   2 0.02 0.02 0.02 0.02   0   0   0   0   2   3   4   2   1
  1   1   1   0   0   1 0.05 0.05 0.05 0.05   1   1   1   1   2   4   1   3   2
  1   1   5  -5   1   1 0.02 0.02 0.02 0.02   0   0   0   0   2   1   4   3   2
  1   1   6   0   0   2 0.05 0.05 0.05 0.05   1   1   1   1   3   1   2   4   3
  1   1   6   7   1   2 0.02 0.02 0.02 0.02   0   0   0   0   3   1   2   4   3
  1   1   3   8   1   1 0.02 0.02 0.02 0.02   0   0   0   0   3   4   2   1   3
  1   1   1   0   0   1 0.05 0.05 0.05 0.05   1   1   1   1   3   3   1   2   4
  1   1   6   6   1   2 0.02 0.02 0.02 0.02   0   0   0   0   4   2   4   3   1
  1   1   1  -5   1   1 0.02 0.02 0.02 0.02   0   0   0   0   4   1   3   2   4
  1   4   1  -4   1   1 0.02 0.02 0.02 0.02   0   0   0   0   1   2   1   3   4
  1   4   3   0   0   1 0.05 0.05 0.05 0.05   1   1   1   1   1   3   1   2   4
  1   4   4   0   0   2 0.05 0.05 0.05 0.05   1   1   1   1   1   2   4   3   1
  1   4   6   3   1   2 0.02 0.02 0.02 0.02   0   0   0   0   1   4   2   1   3
  0   4   7  -5   1   1 0.00 0.00 0.00 0.00   0   0   0   0   1   3   2   4   1
  1   4   4  -6   1   2 0.02 0.02 0.02 0.02   0   0   0   0   1   1   4   3   2
  1   4   1  -6   1   1 0.02 0.02 0.02 0.02   0   0   0   0   1   1   2   4   3
  1   4   1  -7   1   1 0.02 0.02 0.02 0.02   0   0   0   0   1   1   2   4   3
  0   4   8  -7   1   1 0.00 0.00 0.00 0.00   0   0   0   0   1   2   4   1   3
  0   4   4   6   1   1 0.00 0.00 0.00 0.00   0   0   0   0   1   4   3   1   2
  1   4   6   0   0   2 0.05 0.05 0.05 0.05   1   1   1   1   1   4   1   3   2
  1   4   2  -4   1   2 0.02 0.02 0.02 0.02   0   0   0   0   1   3   2   1   4
  1   4   2  -5   1   2 0.02 0.02 0.02 0.02   0   0   0   0   1   3   2   1   4
  0   4   5   9   1   1 0.00 0.00 0.00 0.00   0   0   0   0   1   4   3   1   2
  1   4   3   0   0   1 0.05 0.05 0.05 0.05   1   1   1   1   1   4   2   1   3
  0   4   3  -4   1   1 0.00 0.00 0.00 0.00   0   0   0   0   1   1   4   3   2
  1   4   4   0   0   2 0.05 0.05 0.05 0.05   1   1   1   1   1   3   2   1   4
  1   4   6   4   1   2 0.02 0.02 0.02 0.02   0   0   0   0   1   2   1   3   4
  1   4   4  -6   1   2 0.02 0.02 0.02 0.02   0   0   0   0   1   3   2   1   4
  0   4   2  -7   1   1 0.00 0.00 0.00 0.00   0   0   0   0   1   2   3   1   4
  0   4   9   3   1   1 0.00 0.00 0.00 0.00   0   0   0   0   1   4   1   2   3
  1   4   1  -8   1   1 0.02 0.02 0.02 0.02   0   0   0   0   1   1   2   3   4
  1   4   6   0   0   2 0.05 0.05 0.05 0.05   1   1   1   1   1   1   2   4   3
  1   4   4  -5   1   2 0.02 0.02 0.02 0.02   0   0   0   0   1   1   2   3   4
  1   4   6   4   1   2 0.02 0.02 0.02 0.02   0   0   0   0   1   3   2   4   1
  1   4   3   6   1   1 0.02 0.02 0.02 0.02   0   0   0   0   1   1   4   2   3
  1   4   5   0   0   1 0.05 0.05 0.05 0.05   1   1   1   1   1   2   1   3   4
  1   4   6   0   0   2 0.05 0.05 0.05 0.05   1   1   1   1   1   1   2   3   4
  1   4   5  -5   1   1 0.02 0.02 0.02 0.02   0   0   0   0   1   4   2   1   3
  0   4  10   6   1   1 0.00 0.00 0.00 0.00   0   0   0   0   1   3   4   1   2
  1   4   4  -4   1   2 0.02 0.02 0.02 0.02   0   0   0   0   1   4   1   3   2
  1   4   1  -3   1   1 0.02 0.02 0.02 0.02   0   0   0   0   1   2   3   1   4
  1   4   2  -4   1   2 0.02 0.02 0.02 0.02   0   0   0   0   1   1   2   3   4
  0   4   1 -10   1   1 0.00 0.00 0.00 0.00   0   0   0   0   1   4   2   1   3
  0   4   6 -10   1   1 0.00 0.00 0.00 0.00   0   0   0   0   1   1   4   3   2
  1   4   3   0   0   1 0.05 0.05 0.05 0.05   1   1   1   1   1   3   2   1   4
  1   4   3   5   1   1 0.02 0.02 0.02 0.02   0   0   0   0   1   4   1   3   2
  1   4   3   6   1   1 0.02 0.02 0.02 0.02   0   0   0   0   1   2   4   3   1
  1   4   2   0   0   2 0.05 0.05 0.05 0.05   1   1   1   1   1   3   1   4   2
  1   4   2  -1   1   2 0.02 0.02 0.02 0.02   0   0   0   0   1   4   1   3   2
  1   4   5   0   0   1 0.05 0.05 0.05 0.05   1   1   1   1   1   1   2   3   4
  1   4   5  -4   1   1 0.02 0.02 0.02 0.02   0   0   0   0   1   3   1   4   2
  1   4   5  -4   1   1 0.02 0.02 0.02 0.02   0   0   0   0   1   1   2   4   3
  1   4   5   0   0   1 0.05 0.05 0.05 0.05   1   1   1   1   1   3   1   2   4
  1   4   2  -5   1   2 0.02 0.02 0.02 0.02   0   0   0   0   1   3   2   4   1
  1   4   1  -6   1   1 0.02 0.02 0.02 0.02   0   0   0   0   1   3   2   4   1
  1   4   3   6   1   1 0.02 0.02 0.02 0.02   0   0   0   0   2   3   1   2   4
  1   4   4   0   0   2 0.05 0.05 0.05 0.05   1   1   1   1   2   3   4   2   1
  1   4   6   6   1   2 0.02 0.02 0.02 0.02   0   0   0   0   2   4   1   3   2
  1   4   3   0   0   1 0.05 0.05 0.05 0.05   1   1   1   1   2   2   4   1   3
  1   4   4  -6   1   2 0.02 0.02 0.02 0.02   0   0   0   0   2   4   3   1   2
  1   4   6   0   0   2 0.05 0.05 0.05 0.05   1   1   1   1   2   1   3   2   4
  1   4   5  -3   1   1 0.02 0.02 0.02 0.02   0   0   0   0   2   1   4   2   3
  1   4   6   3   1   2 0.02 0.02 0.02 0.02   0   0   0   0   2   2   4   3   1
  1   4   3   5   1   1 0.02 0.02 0.02 0.02   0   0   0   0   2   4   1   3   2
  1   4   2  -2   1   2 0.02 0.02 0.02 0.02   0   0   0   0   2   2   4   3   1
  1   4   5   0   0   1 0.05 0.05 0.05 0.05   1   1   1   1   2   2   3   1   4
  1   4   5  -4   1   1 0.02 0.02 0.02 0.02   0   0   0   0   2   3   2   4   1
  1   4   4   0   0   2 0.05 0.05 0.05 0.05   1   1   1   1   3   3   4   2   1
  1   4   3   7   1   1 0.02 0.02 0.02 0.02   0   0   0   0   3   3   4   1   2
  1   4   6   5   1   2 0.02 0.02 0.02 0.02   0   0   0   0   3   4   2   1   3
  1   4   5   0   0   1 0.05 0.05 0.05 0.05   1   1   1   1   3   4   2   3   1
  1   4   4  -6   1   2 0.02 0.02 0.02 0.02   0   0   0   0   4   3   4   1   2
  1   4   5   2   1   1 0.02 0.02 0.02 0.02   0   0   0   0   4   2   3   4   1
