  1   4   1   0   0   1 0.80 0.80 0.80 0.80   1   1   0   1   1   3   1   2   4
  1   4   1   0   0   1 0.76 0.76 0.80 0.76   1   0   0   1   1   1   2   3   4
  1   4   2   0   0   2 0.30 0.30 0.30 0.30   0   1   1   0   1   3   2   4   1
  1   4   1   0   0   1 0.72 0.76 0.82 0.72   1   1   0   0   1   2   4   3   1
  1   4   2  -2   1   2 0.30 0.26 0.26 0.30   0   0   0   0   1   1   2   3   4
  1   4   6   3   1   2 0.32 0.26 0.26 0.32   0   0   0   0   1   4   3   2   1
  0   4   2   0   0   1 0.00 0.00 0.00 0.00   1   0   0   0   1   2   3   1   4
  1   4   5   0   0   1 0.68 0.72 0.82 0.72   0   0   1   0   1   3   1   4   2
  0   4   5   7   1   1 0.00 0.00 0.00 0.00   0   0   0   0   1   2   4   3   1
  0   4   8   0   0   1 0.00 0.00 0.00 0.00   1   1   0   0   1   3   4   1   2
  1   4   3  10   1   1 0.68 0.72 0.78 0.74   0   0   0   0   1   2   1   4   3
  1   4   1  -3   1   1 0.70 0.74 0.78 0.74   0   0   0   0   1   1   3   4   2
  1   4   3   3   1   1 0.70 0.74 0.80 0.76   0   0   0   0   1   1   3   2   4
  0   4   7  -5   1   1 0.00 0.00 0.00 0.00   0   0   0   0   1   3   1   4   2
  1   4   4  -7   1   2 0.32 0.28 0.28 0.32   0   0   0   0   1   1   4   3   2
  1   4   2  -2   1   2 0.34 0.28 0.28 0.34   0   0   0   0   1   2   3   4   1
  1   4   6   0   0   2 0.34 0.30 0.30 0.34   0   1   0   0   1   3   2   4   1
  1   4   5   0   1   1 0.72 0.76 0.80 0.76   0   0   0   0   1   4   2   3   1
  0   4   9  10   1   1 0.00 0.00 0.00 0.00   0   0   0   0   1   2   1   3   4
  1   4   4   0   0   2 0.36 0.26 0.30 0.36   0   0   0   1   1   4   1   2   3
  1   4   4  -7   1   2 0.36 0.26 0.32 0.32   0   0   0   0   1   1   2   4   3
  1   4   1  -3   1   1 0.72 0.76 0.82 0.78   0   0   0   0   1   4   2   1   3
  1   4   6   4   1   2 0.38 0.28 0.32 0.32   0   0   0   0   1   4   1   2   3
  1   4   2   0   0   2 0.38 0.28 0.34 0.34   1   0   0   0   1   1   2   4   3
  1   4   4  -4   1   2 0.34 0.30 0.34 0.34   0   0   0   0   1   4   1   2   3
  1   4   5   0   0   1 0.74 0.78 0.82 0.78   0   1   0   0   1   2   4   3   1
  1   4   6  -3   1   2 0.34 0.30 0.36 0.36   0   0   0   0   1   4   1   2   3
  1   4   3  10   1   1 0.74 0.74 0.84 0.80   0   0   0   0   1   1   2   4   3
  1   4   5  -3   1   1 0.76 0.74 0.84 0.80   0   0   0   0   1   4   3   2   1
  1   4   4  -7   1   2 0.36 0.32 0.36 0.36   0   0   0   0   1   2   1   4   3
  1   4   6   7   1   2 0.36 0.32 0.38 0.38   0   0   0   0   1   2   3   1   4
  0   4  10  10   1   1 0.00 0.00 0.00 0.00   0   0   0   0   1   3   1   4   2
  1   4   2  -2   1   2 0.38 0.34 0.38 0.38   0   0   0   0   1   3   1   2   4
  1   4   6   0   0   2 0.38 0.34 0.40 0.40   0   0   0   1   1   4   3   2   1
  1   4   5   0   0   1 0.76 0.76 0.86 0.82   0   1   0   0   1   2   3   1   4
  0   4   3  -2   1   1 0.00 0.00 0.00 0.00   0   0   0   0   1   3   4   1   2
  1   4   5   0   0   1 0.78 0.72 0.86 0.82   0   1   0   0   1   2   3   4   1
  0   4   4   7   1   1 0.00 0.00 0.00 0.00   0   0   0   0   1   4   2   3   1
  0   4   6 -10   1   1 0.00 0.00 0.00 0.00   0   0   0   0   1   1   3   4   2
  1   4   3   0   0   1 0.78 0.68 0.88 0.84   1   0   0   0   1   1   2   4   3
  1   4   1   0   0   1 0.74 0.68 0.88 0.84   0   1   0   0   1   2   3   4   1
  1   4   4  -6   1   2 0.40 0.36 0.40 0.36   0   0   0   0   1   2   1   3   4
  0   4   1 -10   1   1 0.00 0.00 0.00 0.00   0   0   0   0   1   2   4   3   1
  1   4   3   0   0   1 0.74 0.64 0.90 0.86   0   0   1   0   1   3   1   2   4
  1   4   2  -2   1   2 0.40 0.36 0.42 0.36   0   0   0   0   1   1   4   3   2
  1   4   3   6   1   1 0.76 0.64 0.86 0.86   0   0   0   0   1   3   1   2   4
  1   4   1  -3   1   1 0.76 0.66 0.86 0.88   0   0   0   0   2   4   2   1   3
  1   4   1  -3   1   1 0.78 0.66 0.88 0.88   0   0   0   0   2   3   2   4   1
  1   4   2  -1   1   2 0.42 0.38 0.42 0.38   0   0   0   0   2   4   1   3   2
  1   4   1  -1   1   1 0.78 0.68 0.88 0.90   0   0   0   0   2   1   4   3   2
  0   4   2  -4   1   1 0.00 0.00 0.00 0.00   0   0   0   0   2   1   2   3   4
  1   4   5  -1   1   1 0.80 0.68 0.90 0.90   0   0   0   0   2   4   3   2   1
  0   4   8  -1   1   1 0.00 0.00 0.00 0.00   0   0   0   0   2   4   3   2   1
  1   4   6   4   1   2 0.42 0.38 0.44 0.38   0   0   0   0   2   4   3   2   1
  1   4   4  -5   1   2 0.44 0.40 0.44 0.40   0   0   0   0   2   4   2   1   3
  1   4   2  -1   1   2 0.44 0.40 0.46 0.40   0   0   0   0   2   3   1   2   4
  1   4   5   0   0   1 0.80 0.70 0.90 0.92   1   1   0   0   2   2   1   4   3
  1   4   6   6   1   2 0.46 0.42 0.46 0.42   0   0   0   0   2   4   1   3   2
  1   4   5   0   0   1 0.76 0.66 0.92 0.92   0   0   0   1   2   4   2   3   1
  1   4   5   0   0   1 0.76 0.66 0.92 0.88   0   0   1   0   2   1   2   4   3
  1   4   3   6   1   1 0.78 0.68 0.88 0.88   0   0   0   0   2   2   4   1   3
  1   4   1  -1   1   1 0.78 0.68 0.88 0.90   0   0   0   0   2   1   3   2   4
  1   4   3   0   0   1 0.80 0.70 0.90 0.90   0   0   1   1   2   4   1   3   2
  1   4   5   0   0   1 0.80 0.70 0.86 0.86   0   0   0   1   3   4   1   3   2
  1   4   5  -1   1   1 0.82 0.72 0.86 0.82   0   0   0   0   3   1   2   4   3
  1   4   5  -1   1   1 0.82 0.72 0.88 0.82   0   0   0   0   3   3   4   1   2
  1   4   3   6   1   1 0.84 0.74 0.88 0.84   0   0   0   0   3   1   4   3   2
  1   4   5   0   1   1 0.84 0.74 0.90 0.84   0   0   0   0   4   2   4   3   1
  1   5   4  -3   1   2 0.46 0.42 0.48 0.42   0   0   0   0   1   3   2   1   4
  1   5   1   0   1   1 0.86 0.76 0.90 0.86   0   0   0   0   1   4   3   2   1
  1   5   3   6   1   1 0.86 0.76 0.92 0.86   0   0   0   0   1   4   1   2   3
  0   5   2  -3   1   1 0.00 0.00 0.00 0.00   0   0   0   0   1   1   3   4   2
  1   5   1  -1   1   1 0.88 0.78 0.92 0.88   0   0   0   0   1   2   3   1   4
  1   5   1  -2   1   1 0.88 0.78 0.94 0.88   0   0   0   0   1   4   2   3   1
  0   5   5   9   1   1 0.00 0.00 0.00 0.00   0   0   0   0   1   2   4   3   1
  1   5   5  -1   1   1 0.90 0.80 0.94 0.90   0   0   0   0   1   2   1   3   4
  1   5   6   4   1   2 0.48 0.44 0.48 0.44   0   0   0   0   1   2   3   1   4
  1   5   1  -3   1   1 0.90 0.80 0.96 0.90   0   0   0   0   1   3   1   2   4
  1   5   3   5   1   1 0.92 0.82 0.96 0.92   0   0   0   0   1   2   1   3   4
  1   5   5  -1   1   1 0.92 0.82 0.98 0.92   0   0   0   0   1   3   4   1   2
  0   5   7  -7   1   1 0.00 0.00 0.00 0.00   0   0   0   0   1   2   1   4   3
  1   5   6   3   1   2 0.48 0.44 0.50 0.44   0   0   0   0   1   3   4   2   1
  1   5   2  -3   1   2 0.50 0.46 0.50 0.46   0   0   0   0   1   1   4   2   3
  1   5   6   0   0   2 0.50 0.46 0.52 0.46   1   1   0   0   1   3   1   4   2
  1   5   4  -7   1   2 0.46 0.42 0.52 0.48   0   0   0   0   1   4   3   1   2
  1   5   1  -2   1   1 0.94 0.84 0.98 0.94   0   0   0   0   1   2   3   1   4
  1   5   5  -1   1   1 0.94 0.84 1.00 0.94   0   0   0   0   1   3   2   4   1
  1   5   3   5   1   1 0.96 0.86 1.00 0.96   0   0   0   0   1   1   2   3   4
  0   5   8   0   1   1 0.00 0.00 0.00 0.00   0   0   0   0   1   2   1   3   4
  1   5   2  -1   1   2 0.46 0.42 0.54 0.48   0   0   0   0   1   2   3   4   1
  1   5   4  -3   1   2 0.48 0.44 0.54 0.50   0   0   0   0   1   2   4   3   1
  1   5   2  -1   1   2 0.48 0.44 0.56 0.50   0   0   0   0   1   2   4   3   1
  1   5   5   0   1   1 0.96 0.86 1.00 0.96   0   0   0   0   1   1   4   3   2
  1   5   6   3   1   2 0.50 0.46 0.56 0.52   0   0   0   0   1   3   2   1   4
  1   5   5  -2   1   1 0.98 0.88 1.00 0.98   0   0   0   0   1   3   2   4   1
  0   5   4   6   1   1 0.00 0.00 0.00 0.00   0   0   0   0   1   3   1   4   2
  0   5  10   6   1   1 0.00 0.00 0.00 0.00   0   0   0   0   1   2   3   4   1
  0   5   1  -8   1   1 0.00 0.00 0.00 0.00   0   0   0   0   1   3   1   2   4
  0   5   3  -1   1   1 0.00 0.00 0.00 0.00   0   0   0   0   1   1   3   2   4
  1   5   5   0   1   1 0.98 0.88 1.00 0.98   0   0   0   0   1   4   3   2   1
  1   5   3   0   0   1 1.00 0.90 1.00 1.00   1   1   0   0   1   4   3   1   2
  1   5   2  -1   1   2 0.50 0.46 0.58 0.52   0   0   0   0   1   2   4   3   1
  0   5   6 -10   1   1 0.00 0.00 0.00 0.00   0   0   0   0   1   3   2   4   1
  1   5   4 -10   1   2 0.52 0.48 0.58 0.54   0   0   0   0   1   3   1   4   2
  1   5   3   6   1   1 0.96 0.86 1.00 1.00   0   0   0   0   1   1   3   4   2
  1   5   2  -1   1   2 0.52 0.48 0.60 0.54   0   0   0   0   1   1   3   4   2
  1   5   6   4   1   2 0.54 0.50 0.60 0.56   0   0   0   0   1   4   2   3   1
  0   5   9   4   1   1 0.00 0.00 0.00 0.00   0   0   0   0   1   1   2   4   3
  1   5   3   6   1   1 0.96 0.86 1.00 1.00   0   0   0   0   1   3   1   2   4
  1   5   6   4   1   2 0.54 0.50 0.62 0.56   0   0   0   0   1   2   4   3   1
  1   5   1  -4   1   1 0.98 0.88 1.00 1.00   0   0   0   0   1   4   3   2   1
  1   5   2  -1   1   2 0.56 0.52 0.62 0.58   0   0   0   0   1   4   3   1   2
  1   5   4 -10   1   2 0.56 0.52 0.64 0.58   0   0   0   0   1   4   3   1   2
  1   5   4  -5   1   2 0.58 0.54 0.64 0.60   0   0   0   0   1   1   3   2   4
  1   5   6   3   1   2 0.58 0.54 0.66 0.60   0   0   0   0   2   1   2   4   3
  1   5   3   3   1   1 0.98 0.88 1.00 1.00   0   0   0   0   2   4   1   2   3
  1   3   3   4   1   1 1.00 0.90 1.00 1.00   0   0   0   0   1   1   2   4   3
  1   3   2  -1   1   2 0.60 0.56 0.66 0.62   0   0   0   0   1   1   4   3   2
  1   3   3   3   1   1 1.00 0.90 1.00 1.00   0   0   0   0   1   1   4   2   3
  0   3   7  -5   1   1 0.00 0.00 0.00 0.00   0   0   0   0   1   3   4   1   2
  1   3   2  -2   1   2 0.60 0.56 0.68 0.62   0   0   0   0   1   2   4   3   1
  0   3   9   4   1   1 0.00 0.00 0.00 0.00   0   0   0   0   1   4   1   2   3
  1   3   5   0   0   1 1.00 0.92 1.00 1.00   1   1   1   0   1   1   3   4   2
  1   3   6   4   1   2 0.62 0.58 0.68 0.64   0   0   0   0   1   1   3   4   2
  1   3   1  -1   1   1 0.96 0.88 0.96 1.00   0   0   0   0   1   2   1   4   3
  1   3   5  -2   1   1 0.96 0.88 0.96 1.00   0   0   0   0   1   1   2   4   3
  1   3   1  -2   1   1 0.98 0.90 0.98 1.00   0   0   0   0   1   1   4   3   2
  1   3   5  -1   1   1 0.98 0.90 0.98 1.00   0   0   0   0   1   2   1   3   4
  1   3   4  -6   1   2 0.62 0.58 0.70 0.64   0   0   0   0   1   2   3   4   1
  1   3   6   3   1   2 0.64 0.60 0.70 0.66   0   0   0   0   1   3   4   2   1
  1   3   3   0   0   1 1.00 0.92 1.00 1.00   0   0   1   0   1   1   3   4   2
  0   3  10   8   1   1 0.00 0.00 0.00 0.00   0   0   0   0   1   1   4   2   3
  1   3   1   0   0   1 1.00 0.92 0.96 1.00   1   1   1   0   1   1   3   2   4
  1   3   5   0   0   1 0.96 0.88 0.92 1.00   0   0   0   1   1   4   1   3   2
  1   3   2  -1   1   2 0.64 0.60 0.72 0.66   0   0   0   0   1   4   2   3   1
  1   3   1  -1   1   1 0.96 0.88 0.92 0.96   0   0   0   0   1   3   1   2   4
  1   3   4  -3   1   2 0.66 0.62 0.72 0.68   0   0   0   0   1   3   2   1   4
  1   3   3   3   1   1 0.98 0.90 0.94 0.96   0   0   0   0   1   4   1   2   3
  0   3   5   6   1   1 0.00 0.00 0.00 0.00   0   0   0   0   1   2   3   4   1
  0   3   2  -3   1   1 0.00 0.00 0.00 0.00   0   0   0   0   1   1   4   3   2
  1   3   2   0   0   2 0.66 0.62 0.74 0.68   1   1   1   1   1   4   1   3   2
  1   3   3   0   0   1 0.98 0.90 0.94 0.98   1   0   0   0   1   3   4   1   2
  0   3   4   4   1   1 0.00 0.00 0.00 0.00   0   0   0   0   1   4   1   2   3
  1   3   4  -4   1   2 0.62 0.58 0.70 0.64   0   0   0   0   1   2   1   3   4
  1   3   3   3   1   1 0.94 0.92 0.96 0.98   0   0   0   0   1   3   1   4   2
  1   3   4   0   0   2 0.62 0.58 0.70 0.64   1   0   0   0   1   3   4   2   1
  0   3   3   0   1   1 0.00 0.00 0.00 0.00   0   0   0   0   1   4   2   1   3
  1   3   6   3   1   2 0.58 0.60 0.72 0.66   0   0   0   0   1   3   4   1   2
  1   3   2   0   1   2 0.58 0.60 0.72 0.66   0   0   0   0   1   2   3   1   4
  1   3   6   3   1   2 0.60 0.62 0.74 0.68   0   0   0   0   1   3   4   1   2
  1   3   5  -1   1   1 0.94 0.92 0.96 1.00   0   0   0   0   1   4   1   2   3
  1   3   4  -4   1   2 0.60 0.62 0.74 0.68   0   0   0   0   1   4   1   2   3
  1   3   1   0   0   1 0.96 0.94 0.98 1.00   0   0   1   0   1   1   2   4   3
  1   3   2  -1   1   2 0.62 0.64 0.76 0.70   0   0   0   0   1   2   3   1   4
  1   3   5  -1   1   1 0.96 0.94 0.94 1.00   0   0   0   0   1   1   3   4   2
  1   3   4  -5   1   2 0.62 0.64 0.76 0.70   0   0   0   0   1   4   2   1   3
  1   3   6   3   1   2 0.64 0.66 0.78 0.72   0   0   0   0   1   4   2   1   3
  0   3   8  -1   1   1 0.00 0.00 0.00 0.00   0   0   0   0   1   3   2   4   1
  0   3   1  -7   1   1 0.00 0.00 0.00 0.00   0   0   0   0   1   3   4   2   1
  1   3   6   4   1   2 0.64 0.66 0.78 0.72   0   0   0   0   1   4   3   1   2
  1   3   1  -4   1   1 0.98 0.96 0.94 1.00   0   0   0   0   1   1   4   2   3
  0   3   6  -9   1   1 0.00 0.00 0.00 0.00   0   0   0   0   1   4   2   3   1
  1   3   5   0   0   1 0.98 0.96 0.96 1.00   0   0   1   0   2   4   2   3   1
  1   3   3   6   1   1 1.00 0.98 0.92 1.00   0   0   0   0   2   4   2   3   1
  1   3   1   0   0   1 1.00 0.98 0.92 1.00   0   0   1   0   2   3   4   2   1
  1   3   5  -1   1   1 1.00 1.00 0.88 1.00   0   0   0   0   2   4   3   2   1
  1   3   2  -1   1   2 0.66 0.68 0.80 0.74   0   0   0   0   2   4   3   2   1
  1   3   3   0   0   1 1.00 1.00 0.88 1.00   0   0   1   0   2   1   3   2   4
  1   3   4  -9   1   2 0.66 0.68 0.80 0.74   0   0   0   0   2   4   2   3   1
  1   3   1  -4   1   1 1.00 1.00 0.84 1.00   0   0   0   0   2   3   2   4   1
  1   3   5  -1   1   1 1.00 1.00 0.84 1.00   0   0   0   0   3   4   2   3   1
  1   3   1  -6   1   1 1.00 1.00 0.86 1.00   0   0   0   0   3   1   4   2   3
  1   3   3   4   1   1 1.00 1.00 0.86 1.00   0   0   0   0   3   2   4   1   3
  1   1   5  -1   1   1 1.00 1.00 0.88 1.00   0   0   0   0   1   4   3   1   2
  0   1   8  -1   1   1 0.00 0.00 0.00 0.00   0   0   0   0   1   4   1   3   2
  1   1   4  -6   1   2 0.68 0.70 0.82 0.76   0   0   0   0   1   4   1   2   3
  1   1   2  -1   1   2 0.68 0.70 0.82 0.76   0   0   0   0   1   4   1   2   3
  1   1   5  -1   1   1 1.00 1.00 0.88 1.00   0   0   0   0   1   1   2   4   3
  0   1   4   3   1   1 0.00 0.00 0.00 0.00   0   0   0   0   1   3   4   1   2
  1   1   6   4   1   2 0.70 0.72 0.84 0.78   0   0   0   0   1   3   2   1   4
  1   1   2  -1   1   2 0.70 0.72 0.84 0.78   0   0   0   0   1   4   3   1   2
  1   1   5  -1   1   1 1.00 1.00 0.90 1.00   0   0   0   0   1   2   4   3   1
  1   1   4  -4   1   2 0.72 0.74 0.86 0.80   0   0   0   0   1   3   2   1   4
  0   1   5   6   1   1 0.00 0.00 0.00 0.00   0   0   0   0   1   1   2   4   3
  1   1   2  -1   1   2 0.72 0.74 0.86 0.80   0   0   0   0   1   2   3   4   1
  1   1   3   4   1   1 1.00 1.00 0.90 1.00   0   0   0   0   1   1   2   3   4
  1   1   1  -2   1   1 1.00 1.00 0.92 1.00   0   0   0   0   1   2   4   3   1
  1   1   3   4   1   1 1.00 1.00 0.92 1.00   0   0   0   0   1   3   4   1   2
  0   1   2  -6   1   1 0.00 0.00 0.00 0.00   0   0   0   0   1   1   3   4   2
  0   1   6 -10   1   1 0.00 0.00 0.00 0.00   0   0   0   0   1   4   2   3   1
  1   1   5  -4   1   1 1.00 1.00 0.94 1.00   0   0   0   0   1   3   2   1   4
  1   1   1  -4   1   1 1.00 1.00 0.94 1.00   0   0   0   0   1   2   1   4   3
  1   1   6   4   1   2 0.74 0.76 0.88 0.82   0   0   0   0   1   1   2   3   4
  0   1  10   7   1   1 0.00 0.00 0.00 0.00   0   0   0   0   1   2   1   4   3
  1   1   5  -3   1   1 1.00 1.00 0.96 1.00   0   0   0   0   1   3   4   1   2
  1   1   6   4   1   2 0.74 0.76 0.88 0.82   0   0   0   0   1   2   4   3   1
  1   1   2  -1   1   2 0.76 0.78 0.90 0.84   0   0   0   0   1   2   1   4   3
  1   1   2  -1   1   2 0.76 0.78 0.90 0.84   0   0   0   0   1   2   4   3   1
  1   1   4 -10   1   2 0.78 0.80 0.92 0.86   0   0   0   0   1   2   1   3   4
  1   1   3   4   1   1 1.00 1.00 0.96 1.00   0   0   0   0   1   2   1   3   4
  1   1   5  -1   1   1 1.00 1.00 0.98 1.00   0   0   0   0   1   2   4   1   3
  1   1   6   4   1   2 0.78 0.80 0.92 0.86   0   0   0   0   1   3   2   4   1
  0   1   3  -1   1   1 0.00 0.00 0.00 0.00   0   0   0   0   1   3   1   2   4
  1   1   4  -5   1   2 0.80 0.82 0.94 0.88   0   0   0   0   1   4   2   1   3
  1   1   1  -2   1   1 1.00 1.00 0.98 1.00   0   0   0   0   1   3   1   2   4
  1   1   4  -4   1   2 0.80 0.82 0.94 0.88   0   0   0   0   1   2   3   1   4
  1   1   3   5   1   1 1.00 1.00 1.00 1.00   0   0   0   0   1   1   2   3   4
  1   1   1  -2   1   1 1.00 1.00 1.00 1.00   0   0   0   0   1   1   4   3   2
  1   1   3   4   1   1 1.00 1.00 1.00 1.00   0   0   0   0   1   2   3   4   1
  0   1   9   4   1   1 0.00 0.00 0.00 0.00   0   0   0   0   1   1   2   4   3
  0   1   7  -5   1   1 0.00 0.00 0.00 0.00   0   0   0   0   1   2   4   1   3
  1   1   6   5   1   2 0.82 0.84 0.96 0.90   0   0   0   0   1   2   4   3   1
  1   1   4  -4   1   2 0.82 0.84 0.96 0.90   0   0   0   0   1   4   1   2   3
  1   1   6   4   1   2 0.84 0.86 0.98 0.92   0   0   0   0   1   1   2   4   3
  1   1   2  -1   1   2 0.84 0.86 0.98 0.92   0   0   0   0   1   1   3   4   2
  1   1   3   4   1   1 1.00 1.00 1.00 1.00   0   0   0   0   1   1   4   2   3
  1   1   1  -2   1   1 1.00 1.00 1.00 1.00   0   0   0   0   1   1   2   3   4
  1   1   1  -2   1   1 1.00 1.00 1.00 1.00   0   0   0   0   1   3   4   1   2
  0   1   1  -9   1   1 0.00 0.00 0.00 0.00   0   0   0   0   1   2   1   3   4
  1   2   1  -1   1   1 1.00 1.00 1.00 1.00   0   0   0   0   1   1   2   4   3
  1   2   4  -4   1   2 0.86 0.88 1.00 0.94   0   0   0   0   1   1   2   4   3
  0   2   9   4   1   1 0.00 0.00 0.00 0.00   0   0   0   0   1   1   4   3   2
  1   2   1  -1   1   1 1.00 1.00 1.00 1.00   0   0   0   0   1   3   2   1   4
  1   2   5  -1   1   1 1.00 1.00 1.00 1.00   0   0   0   0   1   1   4   3   2
  0   2   4   4   1   1 0.00 0.00 0.00 0.00   0   0   0   0   1   3   2   4   1
  1   2   2  -1   1   2 0.86 0.88 1.00 0.94   0   0   0   0   1   3   1   2   4
  1   2   5  -1   1   1 1.00 1.00 1.00 1.00   0   0   0   0   1   1   3   2   4
  0   2   7  -4   1   1 0.00 0.00 0.00 0.00   0   0   0   0   1   2   3   1   4
  1   2   5   0   1   1 1.00 1.00 1.00 1.00   0   0   0   0   1   2   4   3   1
  1   2   1   0   0   1 1.00 1.00 1.00 1.00   0   0   0   1   1   1   2   3   4
  1   2   3   4   1   1 1.00 1.00 1.00 0.96   0   0   0   0   1   4   3   1   2
  1   2   5  -1   1   1 1.00 1.00 1.00 0.96   0   0   0   0   1   1   2   4   3
  1   2   6   0   0   2 0.88 0.90 1.00 0.96   1   0   0   0   1   1   4   2   3
  1   2   3   3   1   1 1.00 1.00 1.00 0.98   0   0   0   0   1   3   4   2   1
  0   2   3  -1   1   1 0.00 0.00 0.00 0.00   0   0   0   0   1   3   4   2   1
  1   2   2  -1   1   2 0.84 0.90 1.00 0.96   0   0   0   0   1   2   3   4   1
  0   2   6  -9   1   1 0.00 0.00 0.00 0.00   0   0   0   0   1   2   1   4   3
  1   2   6   4   1   2 0.84 0.92 1.00 0.98   0   0   0   0   1   1   2   4   3
  1   2   2  -1   1   2 0.86 0.92 1.00 0.98   0   0   0   0   1   3   4   1   2
  1   2   4   0   0   2 0.86 0.94 1.00 1.00   0   0   0   1   1   4   3   2   1
  0   2   2  -4   1   1 0.00 0.00 0.00 0.00   0   0   0   0   1   1   2   3   4
  1   2   6   4   1   2 0.88 0.94 1.00 0.96   0   0   0   0   1   2   4   3   1
  1   2   1  -2   1   1 1.00 1.00 1.00 0.98   0   0   0   0   1   4   1   2   3
  1   2   6   4   1   2 0.88 0.96 1.00 0.96   0   0   0   0   1   3   4   2   1
  0   2   5   7   1   1 0.00 0.00 0.00 0.00   0   0   0   0   1   3   1   4   2
  1   2   2  -1   1   2 0.90 0.96 1.00 0.98   0   0   0   0   1   3   1   2   4
  1   2   3   0   0   1 1.00 1.00 1.00 1.00   1   0   0   0   1   4   2   3   1
  1   2   3   4   1   1 0.96 1.00 1.00 1.00   0   0   0   0   1   2   3   4   1
  1   2   3   4   1   1 0.96 1.00 1.00 1.00   0   0   0   0   1   2   3   1   4
  1   2   4  -3   1   2 0.90 0.98 1.00 0.98   0   0   0   0   1   2   1   3   4
  0   2  10   4   1   1 0.00 0.00 0.00 0.00   0   0   0   0   1   4   3   1   2
  1   2   6   4   1   2 0.92 0.98 1.00 1.00   0   0   0   0   1   1   2   3   4
  1   2   4   0   0   2 0.92 1.00 1.00 1.00   0   0   0   1   1   3   1   4   2
  1   2   3   4   1   1 0.98 1.00 1.00 1.00   0   0   0   0   1   2   3   1   4
  0   2   8  -1   1   1 0.00 0.00 0.00 0.00   0   0   0   0   1   1   2   3   4
  1   2   1   0   0   1 0.98 1.00 1.00 1.00   1   1   0   0   1   2   3   1   4
  1   2   5   0   0   1 0.94 0.96 1.00 1.00   0   0   0   1   1   2   3   1   4
  1   2   1   0   0   1 0.94 0.96 1.00 0.96   1   0   0   0   1   3   4   2   1
  1   2   2   0   0   2 0.94 1.00 1.00 0.96   0   0   1   0   1   1   4   2   3
  0   2   1 -10   1   1 0.00 0.00 0.00 0.00   0   0   0   0   1   1   2   4   3
  1   2   5  -1   1   1 0.90 0.98 1.00 0.96   0   0   0   0   1   1   2   4   3
  1   2   2   0   0   2 0.94 1.00 0.96 0.96   0   0   0   1   1   1   4   2   3
  1   2   4   0   0   2 0.96 1.00 0.96 0.92   1   0   0   0   1   4   1   3   2
  1   2   6   4   1   2 0.92 1.00 0.98 0.92   0   0   0   0   1   2   1   3   4
  1   2   4   0   0   2 0.92 1.00 0.98 0.94   0   0   1   0   1   4   1   2   3
  1   2   1   0   0   1 0.90 0.98 1.00 0.98   0   0   1   0   2   3   1   2   4
  1   2   6   4   1   2 0.94 1.00 0.94 0.94   0   0   0   0   2   2   1   3   4
  1   2   4  -4   1   2 0.94 1.00 0.94 0.96   0   0   0   0   2   1   4   3   2
  1   2   3   0   0   1 0.92 1.00 0.96 0.98   0   0   0   1   2   1   4   3   2
  1   2   4   0   0   2 0.96 1.00 0.96 0.96   0   0   0   1   2   1   3   4   2
  1   2   1   0   0   1 0.92 1.00 0.96 0.94   1   0   0   0   2   3   1   4   2
  1   2   5  -1   1   1 0.88 1.00 0.98 0.94   0   0   0   0   2   3   2   4   1
  1   2   1   0   0   1 0.88 1.00 0.98 0.96   0   0   0   1   2   4   2   1   3
  1   2   2  -1   1   2 0.96 1.00 0.96 0.92   0   0   0   0   2   2   4   1   3
  1   2   2  -1   1   2 0.98 1.00 0.98 0.92   0   0   0   0   2   3   2   4   1
  1   2   4   0   0   2 0.98 1.00 0.98 0.94   0   0   0   1   2   1   3   2   4
  1   2   4   0   0   2 1.00 1.00 1.00 0.90   0   1   0   0   2   3   1   4   2
  1   2   1  -2   1   1 0.90 1.00 1.00 0.92   0   0   0   0   3   1   4   3   2
  1   2   3   0   0   1 0.90 1.00 1.00 0.92   0   1   0   0   3   1   2   4   3
  1   2   4  -4   1   2 1.00 0.96 1.00 0.90   0   0   0   0   3   1   2   3   4
  1   2   1   0   0   1 0.92 0.96 1.00 0.94   0   0   0   1   3   3   1   2   4
  1   2   1  -1   1   1 0.92 0.96 1.00 0.90   0   0   0   0   3   3   2   1   4
  1   2   4  -2   1   2 1.00 0.96 1.00 0.92   0   0   0   0   3   2   3   4   1
  1   2   4  -2   1   2 1.00 0.98 1.00 0.92   0   0   0   0   3   2   3   4   1
  1   2   3   4   1   1 0.94 0.98 1.00 0.90   0   0   0   0   4   4   1   3   2
  1   2   1  -1   1   1 0.94 0.98 1.00 0.92   0   0   0   0   4   2   4   3   1
