  1   3   5   0   0   1 0.80 0.80 0.80 0.80   0   0   1   0   1   3   4   1   2
  1   3   6   0   0   2 0.40 0.40 0.40 0.40   0   0   1   0   1   2   1   3   4
  0   3   6  -4   1   1 0.00 0.00 0.00 0.00   0   0   0   0   1   4   2   1   3
  1   3   5   0   0   1 0.80 0.80 0.76 0.80   0   0   1   0   1   2   4   1   3
  0   3   1  -6   1   1 0.00 0.00 0.00 0.00   0   0   0   0   1   3   2   4   1
  1   3   6   5   1   2 0.40 0.40 0.36 0.40   0   0   0   0   1   3   4   2   1
  0   3   8  -8   1   1 0.00 0.00 0.00 0.00   0   0   0   0   1   1   2   4   3
  1   3   6   4   1   2 0.43 0.43 0.36 0.43   0   0   0   0   1   2   3   1   4
  1   3   4  -3   1   2 0.43 0.43 0.39 0.43   0   0   0   0   1   3   2   1   4
  1   3   3   0   0   1 0.83 0.83 0.72 0.83   1   1   1   0   1   4   2   3   1
  1   3   4   0   0   2 0.46 0.46 0.39 0.46   1   0   1   0   1   4   1   2   3
  1   3   1   0   0   1 0.79 0.79 0.68 0.83   1   0   0   1   1   4   1   3   2
  1   3   1   0   0   1 0.75 0.79 0.68 0.79   1   0   1   0   1   3   4   2   1
  1   3   5   0   0   1 0.71 0.82 0.64 0.79   1   0   1   1   1   3   1   4   2
  1   3   4  -2   1   2 0.42 0.46 0.35 0.46   0   0   0   0   1   2   1   4   3
  1   3   3   0   0   1 0.67 0.82 0.60 0.75   1   1   0   0   1   3   1   4   2
  1   3   2   0   0   2 0.42 0.49 0.35 0.49   1   0   1   1   1   4   1   2   3
  0   3   2  -1   1   1 0.00 0.00 0.00 0.00   0   0   0   0   1   2   1   4   3
  1   3   1  -1   1   1 0.63 0.78 0.60 0.75   0   0   0   0   1   1   4   3   2
  1   3   4  -4   1   2 0.38 0.49 0.31 0.45   0   0   0   0   1   1   3   2   4
  1   3   2   0   0   2 0.38 0.52 0.31 0.45   1   0   1   1   1   3   1   4   2
  1   3   1  -2   1   1 0.63 0.78 0.63 0.78   0   0   0   0   1   4   2   3   1
  0   3   3  -1   1   1 0.00 0.00 0.00 0.00   0   0   0   0   1   4   1   2   3
  1   3   3  -1   1   1 0.66 0.81 0.63 0.78   0   0   0   0   1   2   4   1   3
  1   3   6   2   1   2 0.34 0.52 0.27 0.41   0   0   0   0   1   2   4   3   1
  1   3   1   0   0   1 0.66 0.81 0.66 0.81   1   1   1   0   1   1   4   3   2
  1   3   2  -3   1   2 0.34 0.55 0.27 0.41   0   0   0   0   1   4   2   1   3
  1   3   2   0   0   2 0.37 0.55 0.30 0.44   1   1   0   0   1   2   3   4   1
  0   3   4   5   1   1 0.00 0.00 0.00 0.00   0   0   0   0   1   4   3   2   1
  1   3   6   5   1   2 0.33 0.51 0.30 0.44   0   0   0   0   1   4   2   1   3
  1   3   5  -3   1   1 0.62 0.77 0.62 0.81   0   0   0   0   1   1   4   3   2
  1   3   1  -1   1   1 0.62 0.77 0.62 0.84   0   0   0   0   1   2   3   1   4
  0   3   7  -2   1   1 0.00 0.00 0.00 0.00   0   0   0   0   1   1   2   4   3
  1   3   3   6   1   1 0.65 0.80 0.65 0.84   0   0   0   0   1   1   3   4   2
  0   3   5   7   1   1 0.00 0.00 0.00 0.00   0   0   0   0   1   2   3   4   1
  1   3   5  -4   1   1 0.65 0.80 0.65 0.87   0   0   0   0   1   3   1   4   2
  0   3  10   8   1   1 0.00 0.00 0.00 0.00   0   0   0   0   1   2   4   3   1
  1   3   3   4   1   1 0.68 0.83 0.68 0.87   0   0   0   0   1   3   2   4   1
  1   3   3   0   0   1 0.68 0.83 0.68 0.90   0   0   1   1   1   4   1   2   3
  1   3   4  -2   1   2 0.33 0.51 0.33 0.47   0   0   0   0   1   4   3   1   2
  1   3   4  -3   1   2 0.36 0.54 0.33 0.47   0   0   0   0   1   3   4   1   2
  1   3   2  -2   1   2 0.36 0.54 0.36 0.50   0   0   0   0   1   4   3   1   2
  1   3   5  -6   1   1 0.71 0.86 0.64 0.86   0   0   0   0   1   1   4   2   3
  0   3   9   3   1   1 0.00 0.00 0.00 0.00   0   0   0   0   1   1   4   2   3
  1   3   2   0   0   2 0.39 0.57 0.36 0.50   1   0   0   0   1   3   4   1   2
  1   3   6   4   1   2 0.35 0.57 0.39 0.53   0   0   0   0   1   2   4   1   3
  1   3   5   0   0   1 0.71 0.86 0.64 0.86   1   0   0   0   2   3   1   4   2
  1   3   6   3   1   2 0.35 0.60 0.39 0.53   0   0   0   0   2   1   2   3   4
  1   3   5   0   0   1 0.67 0.89 0.67 0.89   0   1   0   0   2   1   2   4   3
  1   3   3   5   1   1 0.67 0.85 0.67 0.89   0   0   0   0   2   4   3   2   1
  1   3   4  -3   1   2 0.38 0.60 0.42 0.56   0   0   0   0   2   3   4   1   2
  1   3   1  -2   1   1 0.70 0.85 0.70 0.92   0   0   0   0   2   3   2   4   1
  1   3   1  -5   1   1 0.70 0.88 0.70 0.92   0   0   0   0   2   1   3   4   2
  1   3   5  -8   1   1 0.73 0.88 0.73 0.95   0   0   0   0   2   1   4   3   2
  1   3   3   0   0   1 0.73 0.91 0.73 0.95   1   0   0   0   2   1   4   2   3
  1   3   2   0   0   2 0.38 0.63 0.42 0.56   0   1   0   1   2   3   4   1   2
  1   3   2  -2   1   2 0.41 0.59 0.45 0.52   0   0   0   0   2   1   4   2   3
  1   3   1  -1   1   1 0.69 0.91 0.76 0.98   0   0   0   0   2   2   4   3   1
  1   3   2   0   1   2 0.41 0.59 0.45 0.52   0   0   0   0   2   3   4   1   2
  1   3   3   2   1   1 0.69 0.94 0.76 0.98   0   0   0   0   2   4   3   1   2
  1   3   2  -2   1   2 0.44 0.62 0.48 0.55   0   0   0   0   2   3   2   4   1
  1   3   5  -5   1   1 0.72 0.94 0.79 1.00   0   0   0   0   3   2   4   1   3
  1   3   5  -6   1   1 0.72 0.97 0.79 1.00   0   0   0   0   3   3   2   4   1
  1   3   3   6   1   1 0.75 0.97 0.82 1.00   0   0   0   0   3   3   4   2   1
  1   3   2   0   0   2 0.44 0.62 0.48 0.55   1   0   1   0   3   3   1   2   4
  1   3   2   0   0   2 0.40 0.65 0.44 0.58   0   1   0   0   4   2   1   3   4
  1   3   2   0   0   2 0.40 0.61 0.44 0.58   1   0   1   1   5   1   4   3   2
  1   3   2   1   1   2 0.36 0.61 0.40 0.54   0   0   0   0   6   1   4   2   3
  1   4   3   3   1   1 0.75 1.00 0.82 1.00   0   0   0   0   1   3   2   4   1
  1   4   4  -2   1   2 0.36 0.64 0.40 0.54   0   0   0   0   1   3   2   4   1
  1   4   3   0   0   1 0.78 1.00 0.85 1.00   1   1   0   0   1   1   2   4   3
  1   4   1  -1   1   1 0.74 0.96 0.85 1.00   0   0   0   0   1   4   2   1   3
  1   4   3   0   0   1 0.74 0.96 0.88 1.00   1   1   0   0   1   2   1   4   3
  1   4   3   0   0   1 0.70 0.92 0.88 1.00   1   1   1   0   1   3   1   4   2
  1   4   6   0   0   2 0.39 0.64 0.43 0.57   1   1   0   0   1   1   4   2   3
  0   4   5  10   1   1 0.00 0.00 0.00 0.00   0   0   0   0   1   4   3   2   1
  1   4   6   0   0   2 0.35 0.60 0.43 0.57   0   1   0   0   1   2   3   1   4
  1   4   1   0   0   1 0.66 0.88 0.84 1.00   0   1   0   0   1   2   4   3   1
  1   4   2   0   0   2 0.35 0.56 0.46 0.60   1   1   0   0   1   1   3   2   4
  1   4   1  -1   1   1 0.66 0.84 0.84 1.00   0   0   0   0   1   1   3   2   4
  0   4   2  -3   1   1 0.00 0.00 0.00 0.00   0   0   0   0   1   2   3   4   1
  0   4   7  -6   1   1 0.00 0.00 0.00 0.00   0   0   0   0   1   2   4   1   3
  1   4   1   0   0   1 0.69 0.84 0.87 1.00   1   0   1   0   1   4   2   3   1
  1   4   4   0   0   2 0.31 0.52 0.46 0.60   0   1   0   0   1   1   3   2   4
  0   4   8  -9   1   1 0.00 0.00 0.00 0.00   0   0   0   0   1   4   3   2   1
  0   4  10  10   1   1 0.00 0.00 0.00 0.00   0   0   0   0   1   4   1   3   2
  1   4   6   0   0   2 0.31 0.48 0.49 0.63   1   1   0   0   1   1   2   3   4
  1   4   2   0   0   2 0.27 0.44 0.49 0.63   0   0   1   0   1   3   2   1   4
  0   4   3   3   1   1 0.00 0.00 0.00 0.00   0   0   0   0   1   1   2   4   3
  1   4   1   0   0   1 0.65 0.87 0.83 1.00   1   1   1   0   1   1   2   4   3
  1   4   2   0   0   2 0.27 0.44 0.45 0.66   0   1   1   0   1   1   2   4   3
  1   4   5   0   0   1 0.61 0.83 0.79 1.00   0   0   1   1   1   4   1   2   3
  1   4   4  -3   1   2 0.30 0.40 0.41 0.66   0   0   0   0   1   2   1   4   3
  1   4   5   0   0   1 0.61 0.83 0.75 0.96   0   1   0   0   1   4   3   2   1
  1   4   2   0   0   2 0.30 0.40 0.41 0.69   1   0   1   0   1   3   4   1   2
  1   4   5   0   0   1 0.64 0.79 0.75 0.96   0   0   1   1   1   1   2   4   3
  1   4   5   0   0   1 0.64 0.79 0.71 0.92   1   0   1   0   1   1   3   4   2
  1   4   3   6   1   1 0.60 0.82 0.67 0.92   0   0   0   0   1   3   4   2   1
  0   4   1  -1   1   1 0.00 0.00 0.00 0.00   0   0   0   0   1   4   3   1   2
  0   4   9   8   1   1 0.00 0.00 0.00 0.00   0   0   0   0   1   1   2   3   4
  1   4   4   0   0   2 0.26 0.43 0.37 0.69   1   0   1   0   1   1   4   3   2
  0   4   4   9   1   1 0.00 0.00 0.00 0.00   0   0   0   0   1   1   4   3   2
  1   4   4   0   0   2 0.22 0.43 0.33 0.72   0   0   1   1   1   1   4   3   2
  1   4   6   0   0   2 0.22 0.46 0.29 0.68   1   1   0   0   1   3   1   4   2
  1   4   4  -5   1   2 0.18 0.42 0.29 0.68   0   0   0   0   1   3   4   1   2
  1   4   2  -4   1   2 0.18 0.42 0.32 0.71   0   0   0   0   1   1   3   4   2
  1   4   6   4   1   2 0.21 0.45 0.32 0.71   0   0   0   0   1   3   2   4   1
  1   4   6   5   1   2 0.21 0.45 0.35 0.74   0   0   0   0   1   3   4   1   2
  1   4   5   0   0   1 0.60 0.82 0.67 0.95   1   1   1   1   1   4   3   2   1
  0   4   6  -3   1   1 0.00 0.00 0.00 0.00   0   0   0   0   1   4   2   3   1
  1   4   2  -4   1   2 0.24 0.48 0.35 0.74   0   0   0   0   1   3   4   2   1
  1   4   1   0   0   1 0.56 0.78 0.63 0.91   0   1   0   0   1   2   4   1   3
  1   4   3   0   0   1 0.56 0.74 0.63 0.91   1   1   1   1   1   4   3   2   1
  1   4   5   0   0   1 0.52 0.70 0.59 0.87   1   1   0   0   1   3   2   1   4
  1   4   3   4   1   1 0.48 0.66 0.59 0.87   0   0   0   0   2   3   2   4   1
  1   4   3   0   0   1 0.48 0.66 0.62 0.90   1   1   0   0   2   4   2   3   1
  1   4   3   4   1   1 0.44 0.62 0.62 0.90   0   0   0   0   2   3   1   4   2
  1   4   6   7   1   2 0.24 0.48 0.38 0.77   0   0   0   0   2   4   1   2   3
  1   4   6   0   0   2 0.27 0.51 0.38 0.77   0   1   0   1   2   4   3   1   2
  1   4   1  -3   1   1 0.44 0.62 0.65 0.93   0   0   0   0   2   2   4   3   1
  1   4   2  -4   1   2 0.27 0.47 0.41 0.73   0   0   0   0   2   3   2   1   4
  1   4   1  -2   1   1 0.47 0.65 0.65 0.93   0   0   0   0   2   3   2   4   1
  1   4   4  -5   1   2 0.30 0.47 0.41 0.73   0   0   0   0   2   1   2   4   3
  1   4   6   0   0   2 0.30 0.50 0.44 0.76   0   1   0   0   2   2   1   3   4
  1   4   2  -1   1   2 0.33 0.46 0.44 0.76   0   0   0   0   2   2   4   3   1
  1   4   1  -3   1   1 0.47 0.65 0.68 0.96   0   0   0   0   2   1   4   3   2
  1   4   2  -2   1   2 0.33 0.46 0.47 0.79   0   0   0   0   2   4   3   1   2
  1   4   5   0   0   1 0.50 0.68 0.68 0.96   0   1   1   1   2   4   3   1   2
  1   4   5   0   0   1 0.50 0.64 0.64 0.92   1   0   1   0   2   3   4   2   1
  1   4   2  -2   1   2 0.36 0.49 0.47 0.79   0   0   0   0   2   4   1   3   2
  1   4   5   0   0   1 0.46 0.64 0.60 0.92   0   1   1   1   2   3   4   1   2
  1   4   5 -10   1   1 0.46 0.60 0.56 0.88   0   0   0   0   2   2   4   3   1
  1   4   4   0   0   2 0.36 0.49 0.50 0.82   1   0   1   0   2   2   3   4   1
  1   4   4  -6   1   2 0.32 0.52 0.46 0.82   0   0   0   0   2   4   2   1   3
  1   4   6   0   0   2 0.32 0.52 0.46 0.85   0   1   1   0   2   1   2   4   3
  1   4   5   0   0   1 0.49 0.60 0.56 0.88   1   1   0   0   2   3   4   2   1
  1   4   1  -4   1   1 0.45 0.56 0.59 0.91   0   0   0   0   2   2   1   3   4
  1   4   3   0   0   1 0.45 0.56 0.59 0.91   1   1   0   0   2   1   2   3   4
  1   4   5   0   0   1 0.41 0.52 0.62 0.94   1   1   1   1   2   2   4   1   3
  1   4   3   0   0   1 0.37 0.48 0.58 0.90   1   0   1   0   3   1   3   4   2
  1   4   6   6   1   2 0.35 0.48 0.42 0.85   0   0   0   0   3   4   3   2   1
  1   4   6   6   1   2 0.35 0.48 0.42 0.88   0   0   0   0   3   4   2   3   1
  1   4   5   0   0   1 0.33 0.48 0.54 0.90   0   0   1   1   3   3   4   1   2
  1   4   5   0   0   1 0.33 0.51 0.50 0.86   0   1   0   0   3   2   4   1   3
  1   4   5   0   0   1 0.36 0.47 0.50 0.86   0   1   0   0   3   2   4   3   1
  1   4   4   0   0   2 0.38 0.51 0.45 0.88   1   0   0   0   3   1   3   2   4
  1   4   6   0   0   2 0.34 0.51 0.45 0.91   1   1   0   0   3   4   1   3   2
  1   4   5   0   0   1 0.36 0.43 0.53 0.89   1   1   0   0   3   3   1   2   4
  1   4   3   6   1   1 0.32 0.39 0.53 0.89   0   0   0   0   3   4   1   3   2
  1   4   5   0   0   1 0.32 0.39 0.56 0.92   1   1   0   0   3   1   3   4   2
  1   4   3   4   1   1 0.28 0.35 0.56 0.92   0   0   0   0   4   4   1   2   3
  1   4   5  -5   1   1 0.28 0.35 0.59 0.95   0   0   0   0   4   1   2   3   4
  1   4   5   0   0   1 0.31 0.38 0.59 0.95   0   0   1   1   4   4   3   2   1
  1   4   5  -8   1   1 0.31 0.38 0.55 0.91   0   0   0   0   4   3   4   2   1
  1   4   4   0   0   2 0.30 0.47 0.48 0.91   0   1   0   0   4   3   2   1   4
  1   4   6   6   1   2 0.30 0.43 0.48 0.94   0   0   0   0   4   1   2   3   4
  1   4   5   0   0   1 0.34 0.41 0.55 0.91   0   1   1   1   4   2   4   1   3
  1   4   5  -8   1   1 0.34 0.37 0.51 0.87   0   0   0   0   4   4   2   3   1
  1   4   5  -7   1   1 0.37 0.37 0.51 0.87   0   0   0   0   5   2   4   1   3
  1   4   4  -2   1   2 0.33 0.43 0.51 0.94   0   0   0   0   5   1   4   3   2
  1   4   5  -6   1   1 0.37 0.40 0.54 0.90   0   0   0   0   5   1   3   2   4
  0   2   8  -4   1   1 0.00 0.00 0.00 0.00   0   0   0   0   1   3   4   1   2
  1   2   1  -2   1   1 0.40 0.40 0.54 0.90   0   0   0   0   1   4   1   3   2
  1   2   3   3   1   1 0.40 0.43 0.57 0.93   0   0   0   0   1   2   1   4   3
  1   2   1  -3   1   1 0.43 0.43 0.57 0.93   0   0   0   0   1   2   1   3   4
  1   2   3   4   1   1 0.43 0.46 0.60 0.96   0   0   0   0   1   4   2   3   1
  0   2   4   0   1   1 0.00 0.00 0.00 0.00   0   0   0   0   1   2   1   3   4
  1   2   5   0   0   1 0.46 0.46 0.60 0.96   0   1   0   0   1   4   1   3   2
  1   2   5  -2   1   1 0.46 0.42 0.63 0.99   0   0   0   0   1   4   1   2   3
  1   2   5   0   0   1 0.49 0.42 0.63 0.99   1   1   0   0   1   1   2   3   4
  0   2   7  -3   1   1 0.00 0.00 0.00 0.00   0   0   0   0   1   1   3   4   2
  1   2   2  -3   1   2 0.33 0.46 0.51 0.97   0   0   0   0   1   1   2   3   4
  0   2   6  -2   1   1 0.00 0.00 0.00 0.00   0   0   0   0   1   3   1   2   4
  1   2   4  -2   1   2 0.36 0.46 0.54 0.97   0   0   0   0   1   4   3   1   2
  1   2   1   0   0   1 0.45 0.38 0.66 1.00   1   1   0   0   1   1   2   4   3
  0   2  10   6   1   1 0.00 0.00 0.00 0.00   0   0   0   0   1   4   1   2   3
  0   2   2  -1   1   1 0.00 0.00 0.00 0.00   0   0   0   0   1   1   3   4   2
  1   2   2  -2   1   2 0.36 0.49 0.54 1.00   0   0   0   0   1   4   1   3   2
  0   2   5  10   1   1 0.00 0.00 0.00 0.00   0   0   0   0   1   4   1   2   3
  1   2   4  -4   1   2 0.39 0.49 0.57 1.00   0   0   0   0   1   1   3   4   2
  1   2   6   0   0   2 0.39 0.52 0.57 1.00   1   1   0   1   1   2   4   1   3
  1   2   1   0   0   1 0.41 0.34 0.66 1.00   1   1   0   0   1   2   3   1   4
  1   2   1  -4   1   1 0.37 0.30 0.69 1.00   0   0   0   0   1   2   3   1   4
  1   2   6   0   0   2 0.35 0.48 0.60 0.96   0   1   0   1   1   3   1   2   4
  1   2   4   0   0   2 0.35 0.44 0.60 0.92   1   0   1   0   1   3   2   1   4
  1   2   5  -7   1   1 0.37 0.30 0.69 1.00   0   0   0   0   1   1   2   3   4
  1   2   2  -1   1   2 0.31 0.44 0.56 0.92   0   0   0   0   1   3   1   4   2
  1   2   2   0   0   2 0.31 0.47 0.56 0.95   1   0   1   1   1   3   4   1   2
  1   2   3   0   0   1 0.40 0.33 0.72 1.00   1   0   0   0   1   4   1   3   2
  1   2   1  -3   1   1 0.36 0.33 0.72 1.00   0   0   0   0   1   4   2   3   1
  1   2   6   0   0   2 0.27 0.47 0.52 0.91   0   1   1   1   1   2   4   1   3
  0   2   9   2   1   1 0.00 0.00 0.00 0.00   0   0   0   0   1   1   3   2   4
  1   2   2   0   0   2 0.27 0.43 0.48 0.87   0   1   1   1   1   1   4   2   3
  1   2   3   0   0   1 0.36 0.36 0.75 1.00   1   0   1   1   1   2   1   4   3
  1   2   4   0   0   2 0.30 0.39 0.44 0.83   0   0   1   1   1   1   4   3   2
  1   2   5   0   0   1 0.32 0.36 0.71 0.96   1   0   1   1   1   2   1   3   4
  1   2   4  -2   1   2 0.30 0.39 0.40 0.79   0   0   0   0   1   1   3   2   4
  0   2   1  -3   1   1 0.00 0.00 0.00 0.00   0   0   0   0   1   3   4   1   2
  0   2   3   0   1   1 0.00 0.00 0.00 0.00   0   0   0   0   1   3   1   2   4
  1   2   3   0   0   1 0.28 0.39 0.67 0.92   1   1   1   1   1   3   1   2   4
  1   2   5   0   0   1 0.24 0.35 0.63 0.88   1   0   1   1   1   1   2   4   3
  1   2   6   0   0   2 0.33 0.42 0.40 0.79   0   0   1   0   1   4   2   3   1
  1   2   4  -3   1   2 0.33 0.42 0.36 0.82   0   0   0   0   1   1   4   3   2
  1   2   6   5   1   2 0.36 0.45 0.36 0.82   0   0   0   0   1   1   3   2   4
  1   2   2   0   0   2 0.36 0.45 0.39 0.85   1   0   1   1   1   1   3   4   2
  1   2   6   4   1   2 0.32 0.48 0.35 0.81   0   0   0   0   1   3   1   4   2
  1   2   3   0   0   1 0.20 0.35 0.59 0.84   0   1   1   1   1   4   2   3   1
  1   2   5   0   0   1 0.20 0.31 0.55 0.80   0   0   1   1   2   2   3   1   4
  1   2   5   0   0   1 0.23 0.31 0.51 0.76   1   0   1   1   2   1   2   4   3
  1   2   1   0   0   1 0.19 0.34 0.47 0.72   0   0   0   1   2   4   1   2   3
  1   2   6   0   0   2 0.32 0.48 0.35 0.81   0   1   0   0   2   1   3   2   4
  1   2   1   0   0   1 0.19 0.34 0.47 0.68   0   1   0   0   2   3   2   1   4
  1   2   6   6   1   2 0.35 0.44 0.38 0.84   0   0   0   0   2   1   4   2   3
  1   2   4  -3   1   2 0.35 0.44 0.38 0.84   0   0   0   0   2   2   3   4   1
  1   2   2  -2   1   2 0.38 0.47 0.41 0.87   0   0   0   0   2   4   3   1   2
  1   2   3   0   0   1 0.22 0.30 0.50 0.68   0   1   0   0   2   1   2   3   4
  1   2   6   0   0   2 0.38 0.47 0.41 0.87   1   1   0   0   2   2   1   4   3
  1   2   2   0   0   2 0.34 0.43 0.44 0.90   1   0   1   0   2   3   2   4   1
  1   2   3   0   0   1 0.22 0.26 0.50 0.71   0   0   1   1   2   3   2   4   1
  1   2   4  -5   1   2 0.30 0.43 0.40 0.90   0   0   0   0   2   1   3   4   2
  1   2   5  -4   1   1 0.25 0.26 0.46 0.67   0   0   0   0   2   2   4   1   3
  1   2   3   0   1   1 0.25 0.29 0.46 0.67   0   0   0   0   2   3   4   1   2
  1   2   5  -2   1   1 0.28 0.29 0.49 0.70   0   0   0   0   2   4   3   2   1
  1   2   6   2   1   2 0.30 0.46 0.40 0.93   0   0   0   0   2   4   1   3   2
  1   2   2  -2   1   2 0.33 0.46 0.43 0.93   0   0   0   0   2   3   2   4   1
  1   2   3   0   0   1 0.28 0.32 0.49 0.70   0   1   0   1   2   4   1   2   3
  1   2   5  -7   1   1 0.31 0.28 0.52 0.66   0   0   0   0   3   2   3   1   4
  1   2   5  -3   1   1 0.31 0.28 0.52 0.66   0   0   0   0   3   1   4   3   2
  1   2   1  -1   1   1 0.34 0.31 0.55 0.69   0   0   0   0   3   2   3   1   4
  1   2   6   0   0   2 0.33 0.49 0.43 0.96   1   1   0   0   3   1   4   2   3
  1   2   1   0   0   1 0.34 0.31 0.55 0.69   1   0   0   0   3   1   4   3   2
  1   2   3   1   1   1 0.30 0.34 0.58 0.72   0   0   0   0   3   2   3   4   1
  1   2   6   1   1   2 0.29 0.45 0.46 0.96   0   0   0   0   3   4   1   2   3
  1   2   2   0   1   2 0.29 0.45 0.46 0.99   0   0   0   0   3   3   1   4   2
  1   2   3   0   0   1 0.30 0.34 0.58 0.72   0   1   1   1   3   3   1   2   4
  1   2   3   0   0   1 0.33 0.30 0.54 0.68   1   0   0   0   3   4   3   1   2
  1   2   6   2   1   2 0.32 0.48 0.49 0.99   0   0   0   0   4   3   1   4   2
  1   2   1  -1   1   1 0.29 0.30 0.54 0.68   0   0   0   0   4   4   1   2   3
  1   2   3   0   1   1 0.29 0.33 0.57 0.71   0   0   0   0   4   4   3   1   2
  1   2   3   1   1   1 0.32 0.33 0.57 0.71   0   0   0   0   4   4   1   2   3
  1   1   3   0   0   1 0.32 0.36 0.60 0.74   1   0   0   0   1   3   1   2   4
  1   1   3   0   1   1 0.28 0.36 0.60 0.74   0   0   0   0   1   2   3   1   4
  1   1   4   0   0   2 0.32 0.48 0.49 1.00   0   1   1   0   1   2   3   1   4
  1   1   4   0   0   2 0.35 0.44 0.45 1.00   1   1   0   0   1   4   1   3   2
  0   1   2  -1   1   1 0.00 0.00 0.00 0.00   0   0   0   0   1   4   3   2   1
  0   1   7  -3   1   1 0.00 0.00 0.00 0.00   0   0   0   0   1   1   3   4   2
  1   1   6   0   0   2 0.31 0.40 0.45 1.00   1   1   1   1   1   4   2   1   3
  1   1   5   0   0   1 0.28 0.39 0.63 0.77   1   1   1   1   1   3   4   2   1
  1   1   2   0   0   2 0.27 0.36 0.41 0.96   1   1   1   1   1   2   1   3   4
  1   1   2   0   0   2 0.23 0.32 0.37 0.92   0   0   1   1   1   4   2   3   1
  1   1   5   0   0   1 0.24 0.35 0.59 0.73   1   1   1   1   1   2   3   1   4
  1   1   2   0   0   2 0.23 0.32 0.33 0.88   0   0   1   1   1   2   4   3   1
  1   1   1   0   0   1 0.20 0.31 0.55 0.69   0   1   1   1   1   3   1   2   4
  1   1   6   0   0   2 0.26 0.35 0.29 0.84   0   0   1   1   1   3   4   1   2
  1   1   3   0   0   1 0.20 0.27 0.51 0.65   1   1   0   1   1   4   1   3   2
  0   1   1  -2   1   1 0.00 0.00 0.00 0.00   0   0   0   0   1   1   2   3   4
  1   1   4   0   0   2 0.26 0.35 0.25 0.80   1   1   1   1   1   2   3   4   1
  0   1  10   5   1   1 0.00 0.00 0.00 0.00   0   0   0   0   1   1   3   4   2
  1   1   4   0   0   2 0.22 0.31 0.21 0.76   1   1   0   1   1   1   4   2   3
  1   1   6   0   0   2 0.18 0.27 0.21 0.72   0   0   0   1   1   3   4   1   2
  1   1   4   0   0   2 0.18 0.27 0.24 0.68   0   1   0   1   1   1   3   4   2
  1   1   5   0   0   1 0.16 0.23 0.51 0.61   0   0   0   1   1   1   2   3   4
  1   1   2   0   0   2 0.21 0.23 0.24 0.64   0   1   0   1   1   4   3   2   1
  0   1   6   0   0   1 0.00 0.00 0.00 0.00   0   0   0   1   1   2   3   1   4
  1   1   1   0   0   1 0.16 0.23 0.54 0.57   0   1   1   1   1   3   2   4   1
  0   1   8  -2   1   1 0.00 0.00 0.00 0.00   0   0   0   0   1   1   4   2   3
  1   1   6   0   0   2 0.21 0.19 0.27 0.60   1   1   1   1   1   3   2   4   1
  0   1   5   8   1   1 0.00 0.00 0.00 0.00   0   0   0   0   1   3   2   4   1
  1   1   5  -3   1   1 0.19 0.19 0.50 0.53   0   0   0   0   1   4   3   2   1
  1   1   2   0   0   2 0.17 0.15 0.23 0.56   0   0   0   1   1   2   3   1   4
  1   1   5  -3   1   1 0.19 0.19 0.50 0.53   0   0   0   0   1   4   1   2   3
  1   1   1   0   0   1 0.22 0.22 0.53 0.56   0   0   1   1   1   2   4   1   3
  1   1   3   0   0   1 0.22 0.22 0.49 0.52   0   0   0   1   1   3   2   4   1
  1   1   5   0   0   1 0.25 0.25 0.49 0.48   1   1   1   0   1   1   2   4   3
  1   1   3   0   0   1 0.21 0.21 0.45 0.48   0   1   1   1   1   3   1   4   2
  1   1   4   0   0   2 0.17 0.15 0.23 0.52   0   0   1   1   1   2   4   1   3
  1   1   1   0   0   1 0.21 0.17 0.41 0.44   0   0   1   1   1   1   2   3   4
  1   1   3   0   0   1 0.24 0.17 0.37 0.40   1   0   1   1   1   4   3   1   2
  1   1   2   0   0   2 0.20 0.18 0.19 0.48   0   0   0   1   1   4   2   1   3
  0   1   4   9   1   1 0.00 0.00 0.00 0.00   0   0   0   0   1   1   4   2   3
  1   1   1   0   0   1 0.20 0.20 0.33 0.36   0   0   0   1   1   2   1   4   3
  0   1   3  -1   1   1 0.00 0.00 0.00 0.00   0   0   0   0   1   3   1   4   2
  1   1   6   0   0   2 0.20 0.18 0.19 0.44   0   1   0   1   1   4   2   3   1
  0   1   9   4   1   1 0.00 0.00 0.00 0.00   0   0   0   0   1   1   4   2   3
  1   1   1   0   0   1 0.20 0.20 0.33 0.32   0   1   0   1   1   3   4   2   1
  1   1   6   4   1   2 0.23 0.14 0.22 0.40   0   0   0   0   1   1   2   4   3
  1   1   3   0   0   1 0.23 0.16 0.36 0.28   0   0   1   1   2   4   1   3   2
  1   1   4   0   0   2 0.23 0.14 0.22 0.40   0   0   0   1   2   3   2   4   1
  1   1   4   0   0   2 0.26 0.17 0.25 0.36   1   0   0   0   2   3   4   2   1
  1   1   6   0   0   2 0.22 0.17 0.25 0.36   1   1   0   1   2   4   2   1   3
  1   1   5  -4   1   1 0.23 0.16 0.32 0.24   0   0   0   0   2   2   3   4   1
  1   1   2   0   0   2 0.18 0.13 0.28 0.32   0   1   0   1   2   2   1   4   3
  1   1   2   0   1   2 0.18 0.09 0.28 0.28   0   0   0   0   2   4   2   3   1
  1   1   5  -2   1   1 0.26 0.19 0.32 0.24   0   0   0   0   2   1   4   3   2
  1   1   2   0   0   2 0.21 0.09 0.31 0.28   0   0   1   1   2   1   4   3   2
  1   1   1  -2   1   1 0.26 0.19 0.35 0.27   0   0   0   0   2   3   1   2   4
  1   1   6   6   1   2 0.21 0.12 0.27 0.24   0   0   0   0   2   2   1   3   4
  1   1   3   1   0   1 0.29 0.22 0.35 0.27   0   0   0   1   2   4   3   1   2
  1   1   4  -5   1   2 0.24 0.12 0.27 0.24   0   0   0   0   2   3   1   4   2
  1   1   4   0   0   2 0.24 0.15 0.30 0.27   0   0   0   1   2   3   2   4   1
  1   1   6   0   0   2 0.27 0.15 0.30 0.23   1   0   0   0   2   1   2   4   3
  1   1   4   0   0   2 0.23 0.18 0.33 0.23   0   0   1   1   2   2   4   3   1
  1   1   5   0   0   1 0.29 0.22 0.38 0.23   1   0   1   0   2   1   3   4   2
  1   1   2   0   0   2 0.23 0.18 0.29 0.19   1   0   1   0   2   1   3   4   2
  0   1   6  -3   1   1 0.00 0.00 0.00 0.00   0   0   0   0   2   4   3   2   1
  1   1   1  -5   1   1 0.25 0.25 0.34 0.23   0   0   0   0   2   3   2   4   1
  1   1   6   3   1   2 0.19 0.21 0.25 0.19   0   0   0   0   2   2   1   3   4
  1   1   2  -1   1   2 0.19 0.21 0.25 0.22   0   0   0   0   2   3   4   1   2
  1   1   1  -3   1   1 0.25 0.25 0.34 0.26   0   0   0   0   2   2   4   1   3
  1   1   3   0   0   1 0.28 0.28 0.37 0.26   1   1   0   0   2   3   1   4   2
  1   1   5   0   0   1 0.24 0.24 0.37 0.29   0   1   0   0   2   3   4   1   2
  1   1   3   0   0   1 0.24 0.20 0.40 0.29   1   0   1   1   2   3   4   1   2
  1   1   4  -3   1   2 0.22 0.24 0.28 0.22   0   0   0   0   2   1   2   3   4
  1   1   1  -3   1   1 0.20 0.20 0.36 0.25   0   0   0   0   2   4   3   1   2
  1   1   3   4   1   1 0.20 0.23 0.36 0.25   0   0   0   0   2   2   4   3   1
  1   1   2   0   0   2 0.22 0.24 0.28 0.25   0   0   1   1   2   4   2   1   3
  1   1   1   0   0   1 0.23 0.23 0.39 0.28   1   1   0   0   2   1   3   4   2
  1   1   6   0   0   2 0.25 0.27 0.24 0.21   0   1   0   0   2   2   1   4   3
  1   1   1   0   0   1 0.19 0.19 0.39 0.28   0   0   1   1   2   1   2   3   4
  1   1   3   3   1   1 0.19 0.19 0.35 0.24   0   0   0   0   3   1   2   4   3
  1   1   4   0   0   2 0.25 0.23 0.24 0.21   1   0   0   0   3   1   2   4   3
  1   1   4  -4   1   2 0.21 0.23 0.27 0.24   0   0   0   0   3   3   4   2   1
  1   1   6   6   1   2 0.21 0.26 0.27 0.24   0   0   0   0   3   4   2   1   3
  1   1   2  -1   1   2 0.24 0.26 0.30 0.27   0   0   0   0   3   3   1   4   2
  1   1   2   0   1   2 0.24 0.29 0.30 0.27   0   0   0   0   3   1   4   3   2
  1   1   3   0   0   1 0.22 0.22 0.35 0.24   0   1   1   0   3   4   2   1   3
  1   1   4   0   0   2 0.27 0.29 0.33 0.30   1   0   0   0   3   3   2   4   1
  1   1   6   0   0   2 0.23 0.32 0.33 0.30   0   1   0   0   3   1   3   2   4
  1   1   4   0   0   2 0.23 0.28 0.36 0.33   1   1   0   0   3   2   3   4   1
  1   1   5  -7   1   1 0.22 0.18 0.31 0.27   0   0   0   0   3   2   1   3   4
  1   1   2  -8   1   2 0.19 0.24 0.36 0.33   0   0   0   0   3   3   4   2   1
  1   1   3   5   1   1 0.25 0.18 0.31 0.27   0   0   0   0   3   2   1   3   4
  1   1   5  -4   1   1 0.25 0.21 0.34 0.30   0   0   0   0   3   4   1   2   3
  1   1   3   7   1   1 0.28 0.21 0.34 0.30   0   0   0   0   3   1   3   4   2
  1   1   2  -2   1   2 0.19 0.24 0.39 0.36   0   0   0   0   3   2   1   3   4
  1   1   1   0   0   1 0.28 0.24 0.37 0.33   1   0   0   0   3   4   3   2   1
  1   1   6   0   0   2 0.22 0.27 0.39 0.36   1   1   1   1   3   1   2   3   4
  1   1   1  -1   1   1 0.24 0.24 0.37 0.33   0   0   0   0   3   1   4   3   2
  1   1   4  -2   1   2 0.18 0.23 0.35 0.32   0   0   0   0   4   4   2   3   1
  1   1   3   0   0   1 0.24 0.27 0.40 0.36   0   1   0   0   4   2   4   3   1
  1   1   4   0   0   2 0.18 0.23 0.35 0.32   0   1   0   1   4   2   3   1   4
  1   1   6   3   1   2 0.21 0.19 0.38 0.28   0   0   0   0   4   1   4   3   2
  1   1   4  -4   1   2 0.21 0.19 0.38 0.28   0   0   0   0   4   3   4   2   1
  1   1   1   0   0   1 0.27 0.23 0.40 0.36   1   1   1   0   4   3   2   4   1
  1   1   6   4   1   2 0.24 0.22 0.41 0.31   0   0   0   0   4   4   1   3   2
  1   1   3   6   1   1 0.23 0.19 0.36 0.39   0   0   0   0   5   1   3   4   2
  1   1   4   0   0   2 0.24 0.22 0.41 0.31   0   0   1   1   5   1   3   2   4
  1   1   1   0   0   1 0.23 0.19 0.36 0.39   0   0   0   1   5   1   2   4   3
  1   1   4  -3   1   2 0.27 0.25 0.37 0.27   0   0   0   0   6   3   2   1   4
  1   1   1   0   0   1 0.26 0.22 0.39 0.35   1   1   0   0   6   4   3   1   2
  1   1   1   0   0   1 0.22 0.18 0.39 0.35   0   0   1   1   7   2   4   1   3
  1   1   1   0   0   1 0.22 0.18 0.35 0.31   0   0   0   1   8   1   2   3   4
  1   1   1   0   0   1 0.25 0.21 0.35 0.27   0   0   0   1   9   2   4   1   3
  1   1   1   0   0   1 0.25 0.21 0.38 0.23   0   0   1   0  10   3   1   4   2
  1   1   1   0   0   1 0.28 0.24 0.34 0.23   1   0   0   0  11   3   2   1   4
  1   1   1   0   0   1 0.24 0.24 0.34 0.26   1   0   1   1  12   2   1   4   3
  1   1   1   0   0   1 0.20 0.27 0.30 0.22   0   0   1   0  13   1   2   4   3
  1   1   1  -2   1   1 0.20 0.27 0.26 0.22   0   0   0   0  14   1   4   2   3
  0   5   6  -4   1   1 0.00 0.00 0.00 0.00   0   0   0   0   1   4   3   1   2
  1   5   3   5   1   1 0.23 0.30 0.26 0.25   0   0   0   0   1   3   4   1   2
  0   5   5   8   1   1 0.00 0.00 0.00 0.00   0   0   0   0   1   4   2   3   1
  1   5   1  -4   1   1 0.23 0.30 0.29 0.25   0   0   0   0   1   3   4   1   2
  1   5   2  -5   1   2 0.27 0.25 0.37 0.27   0   0   0   0   1   4   2   1   3
  1   5   3   4   1   1 0.26 0.33 0.29 0.28   0   0   0   0   1   3   4   1   2
  0   5   1  -2   1   1 0.00 0.00 0.00 0.00   0   0   0   0   1   2   1   4   3
  1   5   1  -2   1   1 0.26 0.33 0.32 0.28   0   0   0   0   1   3   2   1   4
  1   5   5  -1   1   1 0.29 0.36 0.32 0.31   0   0   0   0   1   1   4   3   2
  1   5   3   0   0   1 0.29 0.36 0.35 0.31   0   1   0   0   1   2   4   3   1
  0   5   9   3   1   1 0.00 0.00 0.00 0.00   0   0   0   0   1   1   4   3   2
  1   5   2  -2   1   2 0.30 0.28 0.40 0.30   0   0   0   0   1   4   3   1   2
  1   5   1  -2   1   1 0.32 0.32 0.35 0.34   0   0   0   0   1   4   1   3   2
  1   5   6   2   1   2 0.30 0.28 0.40 0.30   0   0   0   0   1   4   2   1   3
  1   5   5  -1   1   1 0.32 0.32 0.38 0.34   0   0   0   0   1   4   3   1   2
  1   5   6   1   1   2 0.33 0.31 0.43 0.33   0   0   0   0   1   4   3   2   1
  0   5  10   5   1   1 0.00 0.00 0.00 0.00   0   0   0   0   1   4   2   1   3
  1   5   5  -3   1   1 0.35 0.35 0.38 0.37   0   0   0   0   1   4   1   2   3
  1   5   2   0   1   2 0.33 0.31 0.43 0.33   0   0   0   0   1   4   1   2   3
  1   5   4  -2   1   2 0.36 0.34 0.46 0.36   0   0   0   0   1   1   2   4   3
  1   5   2   0   1   2 0.36 0.34 0.46 0.36   0   0   0   0   1   1   3   4   2
  1   5   6   0   0   2 0.39 0.37 0.49 0.39   0   1   0   0   1   2   3   4   1
  0   5   7  -3   1   1 0.00 0.00 0.00 0.00   0   0   0   0   1   2   3   4   1
  1   5   1  -1   1   1 0.35 0.35 0.41 0.37   0   0   0   0   1   3   4   2   1
  1   5   6   0   0   2 0.39 0.33 0.49 0.39   1   1   1   0   1   4   3   2   1
  1   5   2   0   1   2 0.35 0.29 0.45 0.42   0   0   0   0   1   4   1   3   2
  0   5   4   2   1   1 0.00 0.00 0.00 0.00   0   0   0   0   1   3   4   2   1
  1   5   6   4   1   2 0.35 0.29 0.45 0.42   0   0   0   0   1   4   3   1   2
  1   5   4  -3   1   2 0.38 0.32 0.48 0.45   0   0   0   0   1   1   2   4   3
  1   5   4  -5   1   2 0.38 0.32 0.48 0.45   0   0   0   0   1   1   2   4   3
  0   5   3   0   1   1 0.00 0.00 0.00 0.00   0   0   0   0   1   3   2   1   4
  0   5   2  -1   1   1 0.00 0.00 0.00 0.00   0   0   0   0   1   2   1   4   3
  1   5   5  -5   1   1 0.38 0.38 0.41 0.40   0   0   0   0   1   3   4   2   1
  1   5   5  -6   1   1 0.38 0.38 0.44 0.40   0   0   0   0   1   3   4   2   1
  1   5   6   0   0   2 0.41 0.35 0.51 0.48   1   0   1   0   1   4   2   3   1
  1   5   3   0   0   1 0.41 0.41 0.44 0.43   1   0   1   0   1   2   4   3   1
  1   5   5  -6   1   1 0.37 0.41 0.40 0.43   0   0   0   0   1   2   1   3   4
  1   5   1  -2   1   1 0.37 0.44 0.40 0.46   0   0   0   0   1   2   4   1   3
  1   5   4  -2   1   2 0.37 0.35 0.47 0.48   0   0   0   0   1   4   1   2   3
  1   5   3   5   1   1 0.40 0.44 0.43 0.46   0   0   0   0   1   4   3   1   2
  1   5   3   7   1   1 0.40 0.47 0.43 0.49   0   0   0   0   1   4   2   3   1
  0   5   8  -2   1   1 0.00 0.00 0.00 0.00   0   0   0   0   1   2   1   4   3
  1   5   1  -2   1   1 0.43 0.47 0.46 0.49   0   0   0   0   1   3   4   2   1
  1   5   2   0   1   2 0.37 0.38 0.47 0.51   0   0   0   0   1   1   3   4   2
  1   5   4  -4   1   2 0.40 0.38 0.50 0.51   0   0   0   0   1   1   3   4   2
  1   5   4  -4   1   2 0.40 0.41 0.50 0.54   0   0   0   0   1   1   2   3   4
  1   5   3   4   1   1 0.43 0.50 0.46 0.52   0   0   0   0   2   4   2   3   1
  1   5   6   3   1   2 0.43 0.41 0.53 0.54   0   0   0   0   2   2   4   3   1
  1   5   6   3   1   2 0.43 0.44 0.53 0.57   0   0   0   0   2   3   4   1   2
  1   5   6   4   1   2 0.46 0.44 0.56 0.57   0   0   0   0   2   1   2   4   3
  1   5   3   0   0   1 0.46 0.50 0.49 0.52   1   1   1   0   2   2   4   1   3
  1   5   3   5   1   1 0.42 0.46 0.45 0.55   0   0   0   0   3   3   2   4   1
