  1   1   3   1  -5   2   2 0.05 0.05 0.05 0.05 0.35 0.05 1 0 1 1 0 0 3 5 4 1 6 2
  2   1   6   1  -5   1   1 0.50 0.50 0.50 0.50 0.80 0.50 1 1 1 1 1 1 2 3 6 4 5 1
  3   1   2   1  -5   1   1 0.45 0.50 0.50 0.50 0.75 0.50 1 1 1 1 1 1 3 2 4 5 6 1
  4   1   6   1  -7   0   2 0.05 0.05 0.05 0.05 0.35 0.05 0 0 1 1 1 1 6 3 4 5 2 1
  5   1   4   1  -2   0   2 0.05 0.05 0.05 0.05 0.35 0.05 1 0 1 0 1 1 5 3 6 1 2 4
  6   1   7   1   3   2   2 0.05 0.08 0.05 0.05 0.35 0.05 1 1 1 1 0 1 5 2 4 1 3 6
  7   1   7   1   2   0   2 0.05 0.08 0.02 0.05 0.35 0.02 1 1 1 0 0 1 6 1 2 3 4 5
  8   1   5   1  -3   1   1 0.40 0.50 0.50 0.50 0.75 0.45 1 1 1 1 1 1 1 4 5 2 3 6
  9   1   4   1   2   1   2 0.05 0.08 0.02 0.08 0.35 0.02 1 1 0 1 1 1 4 2 6 5 1 3
 10   1   1   1   3   1   1 0.40 0.50 0.45 0.50 0.75 0.40 1 1 1 1 1 1 2 6 1 3 4 5
 11   1   8   1   5   0   1 0.40 0.50 0.45 0.45 0.70 0.40 0 1 1 1 1 0 5 4 2 3 1 6
 12   1   7   1  -3   1   2 0.02 0.08 0.02 0.08 0.35 0.02 1 1 1 1 0 1 1 3 6 2 4 5
 13   1   3   1   7   1   1 0.40 0.50 0.45 0.45 0.70 0.40 1 1 1 1 1 1 1 5 3 6 4 2
 14   1   6   1   5   1   1 0.40 0.45 0.45 0.40 0.70 0.40 1 1 1 1 1 1 1 4 6 3 5 2
 15   1   4   1  -3   1   2 0.02 0.08 0.02 0.03 0.35 0.02 1 1 1 1 1 0 1 2 4 3 5 6
 16   1   8   1   3   1   2 0.02 0.08 0.02 0.03 0.30 0.02 1 1 1 0 1 1 1 2 6 3 5 4
 17   1   6   1  -2   1   1 0.40 0.40 0.45 0.40 0.65 0.40 1 1 1 1 1 1 3 5 2 6 1 4
 18   1   7   1  -3   0   2 0.02 0.08 0.02 0.03 0.25 0.02 0 1 1 1 1 0 4 3 5 2 1 6
 19   1   1   1  -2   0   2 0.02 0.08 0.02 0.03 0.25 0.02 1 1 1 0 1 0 3 2 1 5 6 4
 20   1   3   1   4   1   1 0.35 0.40 0.45 0.35 0.65 0.40 1 1 1 1 1 1 1 6 4 2 5 3
 21   1   9   1   7   1   1 0.35 0.40 0.40 0.35 0.60 0.40 1 1 1 1 1 1 2 4 3 5 1 6
 22   1   2   1   7   1   1 0.30 0.40 0.40 0.35 0.60 0.35 1 1 1 1 1 1 5 3 6 1 4 2
 23   1   7   1  -3   1   2 0.02 0.08 0.02 0.03 0.25 0.05 1 1 1 1 1 0 1 4 3 5 6 2
 24   1   4   1  -2   1   2 0.02 0.03 0.02 0.03 0.25 0.05 1 1 1 1 0 1 6 1 2 4 3 5
 25   1   7   1   3   1   1 0.30 0.35 0.40 0.30 0.60 0.35 1 1 1 1 1 1 5 6 1 3 2 4
 26   1   7   1   7   1   1 0.30 0.30 0.40 0.25 0.60 0.35 1 1 1 1 1 1 1 5 6 4 3 2
 27   1   2   1  -5   1   1 0.30 0.25 0.35 0.25 0.60 0.35 1 1 1 1 1 1 1 2 4 6 5 3
 28   1   7   1  -5   1   1 0.30 0.25 0.30 0.25 0.55 0.35 1 0 1 1 1 1 6 4 5 3 1 2
 29   1   1   1  -3   0   2 0.02 0.03 0.02 0.03 0.25 0.05 0 1 1 1 1 0 2 3 5 4 6 1
 30   1   5   1   5   2   2 0.05 0.03 0.02 0.03 0.25 0.05 0 1 1 1 0 1 4 2 1 6 5 3
 31   1   2   1  -5   1   1 0.25 0.25 0.30 0.25 0.55 0.35 1 1 1 1 1 1 4 3 2 5 1 6
 32   1   3   1   7   1   1 0.20 0.25 0.30 0.25 0.55 0.30 1 1 1 1 1 1 1 3 5 6 2 4
 33   1   1   1  -7   1   2 0.05 0.03 0.02 0.03 0.25 0.05 1 1 1 1 1 0 3 4 1 2 5 6
 34   1   6   1  -6   1   1 0.20 0.20 0.30 0.20 0.55 0.30 1 1 1 1 1 1 4 5 1 2 6 3
 35   1   6   1   5   1   1 0.20 0.20 0.25 0.20 0.55 0.25 1 1 1 1 1 1 3 4 1 5 6 2
 36   1   8   1  -3   0   2 0.05 0.03 0.02 0.03 0.20 0.05 0 0 1 1 1 1 4 6 5 3 1 2
 37   1   9   1   5   4   2 0.05 0.03 0.02 0.03 0.20 0.05 0 1 1 0 1 1 3 6 5 1 4 2
 38   1   1   1  -5   1   1 0.20 0.15 0.25 0.20 0.55 0.20 1 1 1 1 1 1 1 4 5 3 2 6
 39   1   9   1   7   1   1 0.20 0.10 0.25 0.20 0.55 0.15 1 1 1 1 0 1 1 2 6 3 4 5
 40   1   3   1   5   0   2 0.05 0.03 0.02 0.03 0.20 0.05 1 1 1 0 1 0 2 1 5 3 6 4
 41   1   2   1   3   0   1 0.20 0.10 0.25 0.15 0.55 0.15 1 1 1 0 1 0 2 5 1 3 6 4
 42   1   8   1   5   2   1 0.20 0.10 0.25 0.15 0.55 0.15 1 1 1 1 1 0 1 6 5 2 4 3
 43   1   7   1  -3   1   2 0.05 0.03 0.02 0.06 0.20 0.08 1 1 1 1 1 0 2 3 1 5 6 4
 44   1   5   1  -5   1   1 0.20 0.10 0.20 0.10 0.55 0.15 1 1 0 1 1 1 6 2 5 1 4 3
 45   1   2   1  -3   0   2 0.05 0.03 0.02 0.02 0.20 0.08 1 0 1 1 1 0 4 1 5 3 6 2
 46   1   6   1   7   1   1 0.20 0.10 0.20 0.05 0.55 0.15 1 1 1 1 1 0 1 4 2 3 5 6
 47   1   1   1  -3   0   2 0.05 0.06 0.02 0.02 0.20 0.08 1 0 1 0 1 1 1 6 5 3 2 4
 48   0   5   1   5   0   1 0.20 0.10 0.20 0.05 0.50 0.15 0 0 1 1 1 1 5 6 3 4 1 2
 49   1   6   1   3   0   1 0.20 0.10 0.20 0.05 0.50 0.15 1 1 1 0 1 0 1 3 5 2 6 4
 50   1   4   1  -7   0   2 0.05 0.06 0.02 0.02 0.20 0.08 0 1 1 1 1 0 5 3 2 4 1 6
 51   1   5   1   5   0   1 0.20 0.10 0.20 0.05 0.50 0.18 0 1 1 1 0 1 2 6 4 3 1 5
 52   1   8   1   5   2   1 0.20 0.10 0.20 0.05 0.50 0.18 0 0 1 1 1 1 3 4 2 5 6 1
 53   1   7   1  -7   1   1 0.20 0.10 0.20 0.05 0.50 0.13 1 1 1 0 1 1 1 3 5 2 6 4
 54   1   4   1  -8   1   2 0.08 0.06 0.02 0.02 0.20 0.11 1 0 1 1 1 1 5 3 1 6 4 2
 55   1   3   1  -3   0   2 0.08 0.06 0.02 0.02 0.20 0.11 0 1 1 0 1 1 5 3 2 6 1 4
 56   1   2   1  -6   1   1 0.20 0.10 0.20 0.05 0.50 0.08 1 1 1 0 1 1 1 5 2 3 6 4
 57   1   5   1   7   0   2 0.08 0.06 0.02 0.02 0.20 0.11 1 1 1 0 1 0 2 5 3 1 6 4
 58   1   4   1  -7   0   1 0.20 0.10 0.20 0.05 0.50 0.03 0 0 1 1 1 1 6 5 3 4 2 1
 59   0   5   1  10   0   1 0.23 0.10 0.20 0.05 0.50 0.03 1 1 1 0 0 1 6 1 2 3 4 5
 60   1   2   1  -4   0   1 0.23 0.10 0.20 0.05 0.50 0.03 0 1 1 1 1 0 4 3 5 2 1 6
 61   1   5   1  -5   0   1 0.23 0.10 0.20 0.05 0.50 0.03 0 1 1 1 0 1 2 6 4 3 5 1
 62   1   1   1  -7   0   1 0.26 0.10 0.20 0.05 0.53 0.03 1 1 0 0 1 1 2 6 5 1 3 4
 63   1   6   1  -7   1   1 0.26 0.10 0.20 0.08 0.53 0.03 1 1 0 1 1 1 1 5 2 4 3 6
 64   1   4   1  -5   0   2 0.08 0.06 0.02 0.05 0.20 0.11 0 1 1 1 1 0 3 5 4 2 1 6
 65   1   4   1  -8   1   1 0.26 0.10 0.20 0.08 0.53 0.02 1 0 1 1 1 1 6 4 1 3 5 2
 66   1   8   1   5   0   2 0.11 0.06 0.02 0.05 0.20 0.14 1 1 0 0 1 1 2 5 1 6 4 3
 67   1   6   1   7   0   2 0.11 0.06 0.02 0.05 0.20 0.14 1 1 0 1 0 1 1 4 6 2 3 5
 68   1   7   1  -5   1   1 0.26 0.10 0.20 0.08 0.48 0.02 1 1 0 1 1 1 5 1 6 4 2 3
 69   1   6   1   6   1   1 0.26 0.05 0.20 0.08 0.48 0.02 1 1 1 0 1 1 3 1 2 6 5 4
 70   0   4   1   8   0   2 0.11 0.06 0.05 0.05 0.20 0.14 0 0 1 1 1 1 6 5 4 3 2 1
 71   1   1   1  -6   1   1 0.26 0.05 0.20 0.08 0.43 0.02 1 1 1 1 1 0 1 3 5 2 4 6
 72   1   3   1   6   0   1 0.26 0.05 0.20 0.03 0.43 0.02 1 1 0 1 0 1 6 1 4 2 3 5
 73   1   9   1   8   0   2 0.11 0.06 0.05 0.05 0.20 0.14 0 0 1 1 1 1 6 5 4 3 1 2
 74   1   6   1  -3   1   2 0.11 0.09 0.05 0.05 0.20 0.14 1 1 1 1 1 1 4 3 5 1 2 6
 75   1   3   1  -5   1   2 0.11 0.04 0.05 0.05 0.20 0.09 1 1 0 1 1 1 5 6 2 1 4 3
 76   1   2   1  -7   1   2 0.11 0.04 0.05 0.02 0.20 0.09 1 1 0 1 1 1 6 2 1 4 5 3
 77   1   8   1  -5   0   2 0.11 0.04 0.05 0.02 0.15 0.09 1 0 1 1 1 0 3 1 5 4 2 6
 78   1   2   1   5   0   1 0.26 0.05 0.23 0.03 0.43 0.02 0 1 1 1 0 1 3 4 2 6 1 5
 79   1   7   1   6   1   1 0.26 0.05 0.23 0.03 0.46 0.02 1 1 0 1 1 1 6 4 1 2 5 3
 80   1   6   1   5   0   2 0.11 0.04 0.05 0.02 0.15 0.09 1 0 1 0 1 1 6 1 3 5 4 2
 81   1   9   1   7   1   1 0.26 0.05 0.23 0.03 0.41 0.02 1 1 1 1 1 0 4 5 1 2 3 6
 82   1   1   1  -6   1   1 0.26 0.05 0.18 0.03 0.41 0.02 1 1 1 1 1 0 2 3 4 5 1 6
 83   1   7   1  -7   0   2 0.11 0.07 0.05 0.02 0.15 0.09 1 1 0 1 0 1 1 6 2 4 3 5
 84   1   8   1   6   1   1 0.21 0.05 0.18 0.03 0.41 0.02 1 1 1 0 1 1 1 3 6 2 5 4
 85   1   8   1   7   1   1 0.21 0.05 0.18 0.03 0.36 0.02 1 1 1 0 1 1 1 2 3 6 5 4
 86   1   4   1  -7   0   1 0.21 0.05 0.18 0.03 0.31 0.02 1 1 0 0 1 1 1 2 5 6 3 4
 87   1   7   1  -8   0   2 0.11 0.07 0.05 0.02 0.15 0.09 0 1 0 1 1 1 2 4 5 6 3 1
 88   1   6   1   6   0   2 0.14 0.07 0.08 0.02 0.15 0.09 1 1 0 0 1 1 1 2 6 5 4 3
 89   1   9   1   6   1   2 0.14 0.07 0.08 0.05 0.15 0.09 1 1 1 1 1 0 2 1 4 3 6 5
 90   1   1   1  -6   0   2 0.14 0.07 0.08 0.05 0.10 0.09 1 1 0 1 0 1 2 1 6 4 5 3
 91   1   4   1  -6   0   2 0.14 0.07 0.11 0.05 0.10 0.09 0 0 1 1 1 1 3 6 4 5 2 1
 92   1   1   1  -6   0   2 0.14 0.07 0.11 0.05 0.10 0.09 0 1 1 1 1 0 4 3 5 2 6 1
 93   1   6   1   8   0   2 0.17 0.07 0.11 0.05 0.10 0.12 1 1 1 1 0 0 4 3 2 1 6 5
 94   1   4   1  -7   1   1 0.21 0.05 0.18 0.03 0.31 0.02 1 1 1 1 0 1 2 1 6 3 4 5
 95   1   7   1  -5   0   2 0.17 0.07 0.11 0.05 0.13 0.12 0 0 1 1 1 1 3 4 6 5 2 1
 96   1   4   1  -7   0   1 0.21 0.05 0.18 0.02 0.31 0.02 1 0 0 1 1 1 1 5 4 6 2 3
 97   1   6   1   7   0   2 0.17 0.10 0.11 0.05 0.13 0.12 0 1 1 1 0 1 6 2 4 3 1 5
 98   1   4   1  -6   1   1 0.21 0.05 0.21 0.02 0.31 0.02 1 1 0 1 1 1 1 2 5 4 3 6
 99   1   9   1   6   0   2 0.20 0.10 0.11 0.05 0.13 0.12 0 0 1 1 1 1 6 3 5 4 2 1
100   1   4   1  -6   0   1 0.21 0.05 0.21 0.02 0.31 0.02 1 0 0 1 1 1 4 1 5 6 3 2
101   0   3   1 -10   0   1 0.21 0.08 0.21 0.02 0.31 0.02 1 1 1 1 0 0 2 4 1 3 6 5
102   1   1   1  -7   0   2 0.20 0.10 0.11 0.05 0.13 0.12 1 0 0 1 1 1 5 6 4 1 3 2
103   0   2   1 -10   0   2 0.20 0.13 0.11 0.05 0.13 0.12 1 1 0 1 0 1 4 2 1 6 5 3
104   1   9   1   8   1   1 0.21 0.08 0.21 0.02 0.31 0.02 1 0 1 1 1 1 4 6 1 3 5 2
105   1   5   1   5   1   2 0.20 0.13 0.11 0.05 0.13 0.12 0 1 1 1 1 1 6 2 4 5 3 1
106   1   9   1   6   1   2 0.20 0.13 0.06 0.05 0.13 0.12 0 1 1 1 1 1 6 3 4 2 1 5
107   1   7   1  -7   0   2 0.20 0.13 0.06 0.05 0.08 0.12 1 1 0 1 0 1 2 1 6 4 3 5
108   0   4   1   8   0   1 0.21 0.08 0.21 0.02 0.26 0.02 0 1 1 1 1 0 4 2 3 5 1 6
109   0   2   1 -10   3   2 0.20 0.13 0.06 0.05 0.08 0.12 1 0 1 1 1 0 6 4 2 1 3 5
110   1   1   1  -7   0   2 0.20 0.13 0.06 0.05 0.08 0.12 1 0 1 1 1 0 5 4 1 3 6 2
111   1   8   1   4   0   1 0.21 0.08 0.21 0.02 0.26 0.02 0 1 0 1 1 1 4 6 5 2 1 3
112   1   6   1   7   0   1 0.21 0.08 0.24 0.02 0.26 0.02 1 1 1 0 1 0 3 5 1 2 4 6
113   1   8   1   6   1   2 0.20 0.13 0.06 0.05 0.08 0.15 0 1 1 1 1 1 6 2 4 3 1 5
114   1   3   1   6   2   2 0.20 0.13 0.06 0.05 0.03 0.15 0 1 1 1 1 1 4 2 1 3 6 5
115   0   3   1 -10   0   2 0.20 0.13 0.06 0.05 0.02 0.10 1 1 1 0 1 0 5 3 2 1 4 6
116   1   4   1  -8   2   2 0.20 0.13 0.06 0.05 0.02 0.10 1 1 1 0 1 0 5 2 1 6 3 4
117   1   8   1  -6   1   2 0.20 0.13 0.02 0.05 0.02 0.10 1 1 1 0 1 1 6 2 1 5 3 4
118   1   4   1  -8   1   1 0.21 0.08 0.24 0.02 0.26 0.02 1 0 1 1 1 1 1 6 4 3 5 2
119   1   2   1   5   0   2 0.20 0.13 0.02 0.05 0.02 0.10 0 1 1 1 1 0 3 2 5 4 1 6
120   1   8   1   6   1   1 0.21 0.08 0.24 0.02 0.21 0.02 0 1 1 1 1 1 3 2 5 4 6 1
121   1   9   1   7   1   1 0.21 0.08 0.24 0.02 0.21 0.02 1 0 1 1 1 1 6 5 1 3 4 2
122   1   6   1   7   0   2 0.23 0.13 0.02 0.05 0.02 0.10 0 1 1 1 0 1 3 2 6 4 1 5
123   1   2   1   7   0   2 0.23 0.13 0.02 0.05 0.02 0.10 1 1 0 1 1 0 2 1 5 4 6 3
124   1   4   1  -6   0   2 0.23 0.13 0.02 0.05 0.02 0.13 0 1 1 1 0 1 4 2 3 6 1 5
125   1   3   1   8   2   2 0.26 0.13 0.02 0.05 0.05 0.13 1 0 0 0 1 1 1 2 5 6 3 4
126   1   5   1  -6   0   2 0.26 0.13 0.02 0.05 0.05 0.13 1 0 1 1 1 0 3 5 4 1 6 2
127   1   6   1   8   1   1 0.21 0.08 0.24 0.02 0.21 0.02 0 1 1 1 1 1 4 6 2 5 3 1
128   1   2   1   7   0   2 0.26 0.16 0.02 0.05 0.05 0.13 0 1 0 1 1 1 4 5 2 6 3 1
129   1   4   1  -6   0   1 0.21 0.08 0.19 0.02 0.21 0.02 1 1 1 0 1 0 2 1 5 3 6 4
130   0   3   1 -10   0   1 0.21 0.08 0.19 0.02 0.21 0.02 1 1 0 0 1 1 2 6 5 1 3 4
131   1   1   1  -7   0   2 0.26 0.16 0.05 0.05 0.05 0.13 1 0 1 1 1 0 5 1 3 4 2 6
132   1   3   1  -6   1   1 0.21 0.08 0.19 0.02 0.21 0.02 1 1 1 1 1 0 2 1 3 4 5 6
133   1   7   1  -7   1   1 0.21 0.08 0.19 0.02 0.16 0.02 0 1 1 1 1 1 6 5 4 3 2 1
134   1   4   1  -8   1   1 0.21 0.03 0.19 0.02 0.16 0.02 1 1 0 1 1 1 6 1 4 2 5 3
135   1   7   1   6   1   2 0.26 0.16 0.05 0.05 0.05 0.16 1 1 1 0 1 1 3 2 5 1 4 6
136   1   8   1   6   0   2 0.26 0.16 0.05 0.05 0.05 0.11 1 0 1 1 1 0 3 1 5 4 2 6
137   0   5   1  10   3   2 0.26 0.19 0.05 0.05 0.05 0.11 1 1 0 1 1 1 4 5 1 6 2 3
138   1   8   1  -3   0   1 0.21 0.03 0.19 0.02 0.11 0.02 1 1 1 0 1 0 1 5 3 2 4 6
139   1   5   1   5   0   2 0.26 0.19 0.05 0.05 0.05 0.11 0 1 1 1 0 1 6 4 3 2 5 1
140   1   6   1   8   0   2 0.29 0.19 0.05 0.05 0.05 0.11 1 1 1 0 0 1 1 2 3 6 4 5
141   1   9   1   8   0   1 0.21 0.03 0.19 0.05 0.11 0.05 1 1 0 0 1 1 1 5 2 6 3 4
142   1   9   1   7   0   2 0.29 0.19 0.05 0.05 0.08 0.11 0 1 1 1 1 0 4 5 3 2 6 1
143   1   9   1   7   0   1 0.21 0.03 0.19 0.05 0.11 0.05 1 1 1 0 1 0 1 3 2 5 6 4
144   1   9   1   8   1   1 0.21 0.03 0.19 0.08 0.11 0.05 1 1 1 1 1 0 4 2 5 3 1 6
145   1   3   1   8   1   1 0.16 0.03 0.19 0.08 0.11 0.05 1 1 1 1 0 1 2 4 3 6 1 5
146   1   8   1   6   1   1 0.11 0.03 0.19 0.08 0.11 0.05 0 1 1 1 1 1 6 2 5 3 4 1
147   1   9   1   7   1   2 0.29 0.19 0.05 0.05 0.08 0.14 0 1 1 1 1 1 4 3 6 5 2 1
148   1   2   1   6   1   1 0.11 0.03 0.19 0.03 0.11 0.05 1 1 1 0 1 1 6 1 3 2 4 5
149   1   4   1  -7   0   1 0.11 0.03 0.19 0.03 0.06 0.05 1 0 1 0 1 1 6 3 5 1 2 4
150   0   1   1 -10   3   2 0.29 0.14 0.05 0.05 0.08 0.14 1 1 1 1 0 1 1 5 3 4 2 6
151   1   3   1   5   0   2 0.29 0.14 0.05 0.05 0.08 0.14 1 1 1 0 0 1 1 3 6 2 4 5
152   1   5   1  -5   0   1 0.11 0.03 0.19 0.03 0.06 0.05 1 1 1 0 1 0 2 3 5 1 6 4
153   1   9   1   7   0   2 0.29 0.14 0.05 0.08 0.08 0.14 1 1 1 0 1 0 3 1 5 2 4 6
154   1   2   1   6   0   2 0.29 0.14 0.05 0.08 0.08 0.14 1 1 1 0 0 1 6 3 1 2 5 4
155   1   1   1  -5   0   2 0.29 0.14 0.05 0.11 0.11 0.14 1 1 1 0 0 1 6 3 2 1 4 5
156   1   3   1   7   0   1 0.11 0.03 0.19 0.06 0.06 0.08 1 1 1 0 0 1 6 3 2 1 4 5
157   1   6   1   7   1   1 0.11 0.03 0.19 0.06 0.06 0.08 0 1 1 1 1 1 4 5 3 6 2 1
158   1   8   1   6   0   1 0.11 0.02 0.19 0.06 0.06 0.08 1 1 0 0 1 1 2 6 1 5 3 4
159   1   8   1   6   1   2 0.29 0.14 0.05 0.11 0.11 0.14 0 1 1 1 1 1 3 5 4 6 1 2
160   1   8   1   3   0   2 0.29 0.09 0.05 0.11 0.11 0.14 0 1 1 0 1 1 3 6 2 5 4 1
161   1   3   1   7   0   1 0.11 0.02 0.22 0.09 0.06 0.08 1 0 1 1 0 1 6 1 3 4 5 2
162   1   9   1   6   0   1 0.11 0.02 0.22 0.09 0.09 0.08 1 0 1 1 0 1 6 3 4 1 5 2
163   1   2   1  -3   0   2 0.32 0.09 0.05 0.14 0.11 0.14 1 0 1 1 0 1 3 1 6 4 2 5
164   1   4   1  -7   2   1 0.11 0.05 0.22 0.09 0.09 0.08 0 0 0 0 0 0 2 4 5 1 6 3
165   1   9   1   6   2   1 0.11 0.05 0.22 0.09 0.09 0.08 1 0 1 1 0 1 5 1 2 4 3 6
166   1   7   1  -7   0   1 0.11 0.05 0.17 0.09 0.09 0.03 1 1 1 0 1 0 1 3 2 5 6 4
167   1   6   1   6   0   2 0.32 0.09 0.05 0.14 0.14 0.14 1 1 1 0 0 1 3 1 6 2 5 4
168   1   5   1   7   0   2 0.32 0.09 0.05 0.14 0.14 0.14 1 1 0 1 1 0 5 4 2 1 6 3
169   1   9   1   5   0   1 0.11 0.05 0.17 0.09 0.09 0.03 1 1 1 1 0 0 1 2 4 3 5 6
170   1   1   1  -7   0   2 0.32 0.09 0.05 0.14 0.14 0.17 0 1 0 1 1 1 4 2 5 6 3 1
171   0   6   1  10   0   2 0.32 0.09 0.08 0.14 0.14 0.17 1 1 0 1 1 0 1 5 4 2 6 3
172   1   2   1   5   0   1 0.11 0.05 0.17 0.09 0.12 0.06 1 1 1 0 0 1 2 3 6 1 5 4
173   1   5   1   6   4   1 0.11 0.05 0.17 0.12 0.12 0.06 0 0 0 0 0 0 3 5 4 1 2 6
174   1   5   1  -6   0   2 0.32 0.09 0.08 0.14 0.14 0.17 1 0 1 1 0 1 1 3 4 6 5 2
175   1   2   1  -6   0   2 0.32 0.12 0.08 0.14 0.17 0.17 1 1 1 0 0 1 3 1 6 2 5 4
176   1   8   1   6   0   2 0.32 0.12 0.08 0.17 0.17 0.17 1 0 1 1 0 1 3 1 4 6 5 2
177   1   2   1   4   0   1 0.11 0.05 0.17 0.12 0.12 0.06 1 0 1 1 1 0 3 5 1 4 2 6
178   1   5   1   6   0   1 0.11 0.05 0.17 0.12 0.12 0.06 1 1 1 1 0 0 3 4 1 2 6 5
179   1   9   1   8   0   1 0.11 0.05 0.17 0.12 0.15 0.09 1 0 1 0 1 1 3 6 5 1 4 2
180   1   3   1   8   0   1 0.11 0.08 0.17 0.12 0.15 0.09 0 1 1 1 0 1 4 3 2 6 1 5
181   0   2   1 -10   0   1 0.11 0.08 0.17 0.12 0.15 0.09 1 0 1 0 1 1 5 3 1 6 4 2
182   1   8   1   6   0   2 0.32 0.12 0.08 0.17 0.20 0.17 0 1 1 0 1 1 3 5 2 6 4 1
183   1   9   1   6   0   1 0.11 0.08 0.17 0.12 0.15 0.09 1 0 1 1 0 1 6 3 1 4 5 2
184   1   1   1  -6   0   2 0.35 0.12 0.08 0.17 0.20 0.17 1 0 1 1 0 1 3 6 4 1 5 2
185   1   3   1   7   0   1 0.11 0.08 0.17 0.12 0.18 0.09 0 1 1 1 0 1 3 4 6 2 5 1
186   1   8   1   5   0   1 0.14 0.08 0.17 0.12 0.18 0.09 1 0 0 1 1 1 4 6 5 1 3 2
187   1   2   1   6   0   2 0.35 0.15 0.08 0.17 0.20 0.17 1 1 1 1 0 0 2 1 3 4 6 5
188   1   1   1  -6   1   1 0.14 0.11 0.17 0.12 0.18 0.09 1 1 1 1 1 0 5 3 1 2 4 6
189   1   9   1  -6   0   1 0.14 0.11 0.17 0.07 0.18 0.09 0 0 1 1 1 1 6 3 5 4 2 1
190   1   6   1   7   0   2 0.35 0.15 0.08 0.17 0.23 0.17 0 1 1 0 1 1 5 3 6 2 1 4
191   0   6   1  10   0   1 0.14 0.11 0.17 0.07 0.18 0.09 1 1 1 0 1 0 5 3 2 1 6 4
192   1   3   1   6   0   1 0.14 0.11 0.17 0.07 0.18 0.09 1 1 0 1 1 0 5 4 1 2 6 3
193   1   1   1  -6   0   2 0.35 0.15 0.08 0.20 0.23 0.17 0 1 1 1 0 1 4 6 2 3 1 5
194   1   9   1   7   2   1 0.14 0.11 0.20 0.07 0.18 0.09 0 1 1 1 0 1 3 6 2 5 4 1
195   1   2   1   4   2   1 0.14 0.11 0.20 0.02 0.18 0.09 0 1 1 1 0 1 1 3 4 5 2 6
196   1   1   1  -6   0   2 0.38 0.15 0.08 0.20 0.23 0.17 1 0 1 1 1 0 1 4 5 3 2 6
197   1   3   1   6   0   2 0.38 0.15 0.08 0.20 0.23 0.20 0 1 0 1 1 1 5 2 6 4 1 3
198   0   4   1  10   0   1 0.14 0.06 0.20 0.02 0.18 0.04 0 1 1 0 1 1 2 3 6 5 1 4
199   1   6   1   8   0   2 0.38 0.15 0.08 0.20 0.23 0.20 1 1 1 1 0 0 1 2 3 4 5 6
200   1   5   1   6   0   1 0.14 0.06 0.20 0.02 0.18 0.04 1 1 0 1 0 1 2 4 6 1 3 5
201   1   2   1   6   2   2 0.38 0.15 0.08 0.20 0.26 0.20 1 1 0 0 1 1 2 5 1 3 6 4
202   1   1   1  -6   0   1 0.14 0.06 0.20 0.02 0.21 0.04 1 1 1 0 1 0 3 5 1 2 6 4
203   1   4   1  -6   1   2 0.38 0.15 0.08 0.20 0.26 0.15 1 1 1 1 0 1 1 4 3 2 6 5
204   1   9   1   7   0   1 0.14 0.06 0.20 0.02 0.21 0.04 0 1 0 1 1 1 2 4 5 6 3 1
205   1   7   1  -6   1   1 0.17 0.06 0.23 0.02 0.21 0.04 1 1 1 1 1 0 2 4 3 1 5 6
206   1   7   1   5   1   2 0.38 0.15 0.08 0.20 0.26 0.10 1 1 1 0 1 1 3 1 5 2 6 4
207   1   5   1   6   1   1 0.17 0.06 0.23 0.02 0.16 0.04 1 1 1 0 1 1 2 6 5 1 3 4
208   1   9   1   6   1   2 0.38 0.15 0.08 0.20 0.26 0.05 1 1 1 1 1 0 4 1 5 2 3 6
209   0   1   1 -10   0   1 0.17 0.06 0.18 0.02 0.16 0.04 0 1 1 0 1 1 5 2 3 6 1 4
210   1   2   1   3   1   1 0.17 0.06 0.18 0.02 0.16 0.04 1 0 1 1 1 1 6 4 3 1 5 2
211   0   2   1 -10   0   1 0.17 0.06 0.18 0.02 0.11 0.04 0 1 1 1 0 1 2 6 3 4 5 1
212   1   8   1  -6   0   1 0.17 0.06 0.18 0.02 0.11 0.04 1 0 0 1 1 1 4 5 1 6 3 2
213   1   1   1  -7   0   1 0.17 0.06 0.18 0.02 0.11 0.04 1 0 1 0 1 1 6 1 5 3 4 2
214   1   9   1   8   0   2 0.38 0.15 0.03 0.20 0.26 0.05 1 0 1 1 1 0 4 1 3 5 6 2
215   1   5   1   7   1   2 0.38 0.18 0.03 0.20 0.26 0.05 1 0 1 1 1 1 1 6 4 5 3 2
216   1   6   1   7   0   2 0.38 0.18 0.02 0.20 0.26 0.05 0 1 1 0 1 1 3 2 5 6 4 1
217   1   9   1   8   1   2 0.41 0.18 0.02 0.20 0.26 0.05 0 1 1 1 1 1 3 2 5 6 4 1
218   1   3   1   6   1   2 0.41 0.18 0.02 0.15 0.26 0.05 1 1 1 0 1 1 2 3 1 5 6 4
219   1   4   1  -7   0   1 0.17 0.09 0.18 0.05 0.11 0.04 1 0 0 1 1 1 5 4 6 1 3 2
220   1   1   1  -8   0   1 0.17 0.09 0.21 0.05 0.11 0.04 1 1 0 1 1 0 1 2 5 4 3 6
221   1   1   1   4   0   1 0.17 0.09 0.21 0.05 0.11 0.07 1 0 1 1 0 1 1 3 6 4 2 5
222   1   8   1  -4   0   1 0.17 0.12 0.21 0.05 0.11 0.07 1 0 1 1 0 1 1 4 3 6 2 5
223   1   2   1  -5   0   2 0.41 0.18 0.02 0.15 0.26 0.02 1 1 1 1 0 0 2 4 1 3 5 6
224   1   5   1  -5   0   1 0.17 0.12 0.21 0.05 0.14 0.07 1 1 1 0 1 0 2 3 1 5 6 4
225   1   2   1   3   1   2 0.41 0.18 0.02 0.15 0.26 0.02 0 1 1 1 1 1 5 4 6 2 3 1
226   1   8   1  -6   1   2 0.41 0.18 0.02 0.15 0.26 0.02 1 1 0 1 1 1 5 2 4 1 6 3
227   1   5   1  -6   1   2 0.41 0.18 0.02 0.15 0.26 0.02 0 1 1 1 1 1 3 4 6 5 2 1
228   1   5   1  -5   1   2 0.41 0.13 0.02 0.15 0.26 0.02 1 1 1 0 1 1 3 5 1 6 2 4
229   1   4   1  -5   0   1 0.17 0.12 0.21 0.05 0.14 0.07 0 1 1 1 0 1 4 2 3 6 5 1
230   1   5   1   6   0   1 0.17 0.12 0.21 0.05 0.14 0.07 1 1 1 0 0 1 3 6 1 2 4 5
231   1   1   1  -6   1   2 0.41 0.08 0.02 0.15 0.26 0.02 0 1 1 1 1 1 4 3 2 6 5 1
232   1   3   1   8   0   1 0.17 0.12 0.21 0.08 0.17 0.07 0 1 1 1 1 0 3 2 4 5 6 1
233   1   3   1   5   0   1 0.20 0.12 0.21 0.08 0.17 0.10 1 1 0 1 1 0 4 2 1 5 3 6
234   1   4   1  -7   1   2 0.41 0.08 0.02 0.15 0.21 0.02 1 1 0 1 1 1 6 5 1 2 4 3
235   1   6   1   6   1   2 0.41 0.08 0.02 0.10 0.21 0.02 1 1 0 1 1 1 6 1 5 2 4 3
236   1   4   1  -8   1   2 0.41 0.08 0.02 0.05 0.21 0.02 1 1 1 0 1 1 3 1 5 2 6 4
237   1   3   1  -6   1   2 0.41 0.08 0.02 0.05 0.21 0.02 1 1 1 0 1 1 5 6 3 2 1 4
238   1   5   1   6   1   2 0.36 0.08 0.02 0.05 0.21 0.02 1 1 1 1 1 0 5 3 2 4 1 6
239   1   5   1   4   1   1 0.20 0.12 0.24 0.08 0.17 0.10 1 1 1 0 1 1 3 2 1 6 4 5
240   0   3   1 -10   0   2 0.31 0.08 0.02 0.05 0.21 0.02 1 0 1 1 1 0 5 3 1 4 6 2
241   1   1   1  -6   0   1 0.20 0.12 0.24 0.08 0.12 0.10 1 0 0 1 1 1 1 6 4 5 3 2
242   1   6   1   6   0   1 0.20 0.15 0.24 0.08 0.12 0.10 1 1 0 0 1 1 1 6 5 2 3 4
243   1   5   1  -7   1   1 0.20 0.15 0.27 0.08 0.12 0.10 1 1 0 1 1 1 5 2 1 6 4 3
244   1   7   1  -6   0   1 0.20 0.15 0.27 0.03 0.12 0.10 1 0 0 1 1 1 5 6 4 1 2 3
245   1   9   1   7   0   2 0.31 0.08 0.02 0.05 0.21 0.02 0 1 1 0 1 1 5 2 6 3 4 1
246   0   6   1  10   0   1 0.20 0.15 0.27 0.03 0.12 0.10 1 1 0 1 0 1 2 4 1 6 5 3
247   1   6   1   7   0   1 0.20 0.15 0.27 0.03 0.12 0.10 1 1 0 1 1 0 4 1 2 5 6 3
248   1   8   1   5   1   2 0.31 0.08 0.02 0.05 0.21 0.02 0 1 1 1 1 1 3 4 6 5 1 2
249   1   3   1   8   0   1 0.20 0.15 0.30 0.03 0.12 0.13 0 1 0 1 1 1 4 6 5 2 1 3
250   1   3   1   7   0   1 0.20 0.15 0.30 0.03 0.12 0.13 1 1 1 1 0 0 1 2 4 3 5 6
251   1   7   1  -6   0   1 0.20 0.15 0.30 0.03 0.12 0.13 1 1 1 0 1 0 3 5 2 1 4 6
252   1   2   1   5   2   1 0.20 0.15 0.30 0.03 0.12 0.16 0 1 1 1 1 0 3 2 6 4 1 5
253   1   8   1   5   0   2 0.31 0.03 0.02 0.05 0.21 0.02 1 1 1 0 0 1 3 2 1 6 4 5
254   0   6   1  10   0   2 0.31 0.03 0.02 0.08 0.21 0.02 0 1 1 0 1 1 5 6 2 3 4 1
255   1   4   1  -8   0   1 0.20 0.15 0.30 0.03 0.07 0.16 0 1 0 1 1 1 5 4 6 2 1 3
256   1   1   1  -8   0   1 0.23 0.15 0.33 0.03 0.07 0.16 1 0 1 0 1 1 6 1 5 3 4 2
257   1   3   1   8   0   2 0.31 0.03 0.02 0.08 0.21 0.02 0 1 1 1 0 1 4 2 3 6 5 1
258   1   7   1  -8   1   1 0.23 0.18 0.33 0.06 0.07 0.16 1 1 1 1 1 0 4 3 1 5 6 2
259   1   6   1   7   0   1 0.23 0.13 0.33 0.06 0.07 0.16 1 0 0 1 1 1 6 5 4 1 3 2
260   1   9   1   6   1   2 0.34 0.03 0.02 0.08 0.24 0.02 0 1 1 1 1 1 2 4 3 6 5 1
261   0   1   1 -10   0   1 0.23 0.13 0.33 0.06 0.07 0.16 1 1 1 0 1 0 5 3 1 2 6 4
262   0   5   1  10   0   2 0.34 0.03 0.02 0.08 0.19 0.02 1 1 1 0 0 1 3 1 2 6 4 5
263   0   1   1 -10   0   2 0.34 0.03 0.02 0.08 0.19 0.02 1 1 0 1 1 0 1 4 5 2 3 6
264   1   1   1  -8   0   1 0.23 0.13 0.33 0.06 0.07 0.16 0 1 1 1 0 1 6 2 3 4 1 5
265   1   9   1   6   1   2 0.34 0.03 0.02 0.08 0.19 0.02 1 1 1 1 0 1 3 1 6 4 2 5
266   1   6   1   8   0   1 0.23 0.13 0.33 0.06 0.07 0.16 0 1 0 1 1 1 4 2 6 5 3 1
267   1   4   1  -7   1   2 0.34 0.02 0.02 0.08 0.19 0.02 1 1 1 0 1 1 6 1 3 5 4 2
268   1   5   1  -5   0   1 0.26 0.13 0.36 0.06 0.07 0.16 1 1 0 1 0 1 2 1 6 4 3 5
269   1   1   1  -8   2   1 0.26 0.13 0.36 0.06 0.10 0.16 1 1 0 0 1 0 1 6 5 2 4 3
270   1   7   1  -7   0   1 0.26 0.13 0.36 0.06 0.10 0.16 0 0 1 1 1 1 4 5 3 6 1 2
271   1   4   1  -6   0   2 0.34 0.02 0.02 0.08 0.19 0.02 1 1 0 1 1 0 1 2 5 4 6 3
272   0   4   1  10   0   2 0.34 0.02 0.02 0.08 0.19 0.02 1 1 0 1 0 1 2 4 1 6 3 5
273   1   9   1   6   1   2 0.34 0.02 0.02 0.08 0.19 0.02 1 1 0 1 1 1 5 4 6 1 2 3
274   1   2   1   5   1   2 0.34 0.02 0.02 0.08 0.19 0.02 1 1 1 1 1 0 4 3 1 5 2 6
275   1   6   1   8   0   2 0.34 0.02 0.02 0.08 0.19 0.02 1 0 1 1 0 1 3 1 6 4 5 2
276   1   5   1   7   0   1 0.26 0.16 0.36 0.06 0.10 0.16 1 0 1 1 1 0 3 1 4 5 6 2
277   1   4   1  -8   0   2 0.34 0.02 0.02 0.08 0.19 0.02 1 1 1 0 0 1 2 3 1 6 4 5
278   1   3   1  -6   0   2 0.34 0.02 0.02 0.08 0.22 0.02 0 1 1 1 1 0 3 2 4 5 6 1
279   1   5   1  -6   1   2 0.34 0.02 0.02 0.08 0.22 0.05 1 1 1 1 1 0 5 4 3 2 1 6
280   1   6   1   6   0   2 0.29 0.02 0.02 0.08 0.22 0.05 1 1 0 1 0 1 2 4 1 6 3 5
281   1   7   1  -7   0   2 0.29 0.02 0.05 0.08 0.22 0.05 1 1 0 1 0 1 2 6 4 1 5 3
282   1   3   1   6   1   2 0.29 0.02 0.05 0.08 0.25 0.05 1 1 1 0 1 1 2 5 3 6 1 4
283   1   7   1  -8   1   1 0.26 0.16 0.36 0.06 0.10 0.16 1 1 1 0 1 1 3 1 2 5 4 6
284   1   1   1  -7   0   1 0.26 0.16 0.36 0.06 0.10 0.11 1 1 0 0 1 1 5 6 1 2 3 4
285   1   1   1  -7   0   2 0.24 0.02 0.05 0.08 0.25 0.05 0 0 1 1 1 1 3 6 4 5 1 2
286   1   5   1  -5   0   2 0.24 0.05 0.05 0.08 0.25 0.05 1 1 1 0 1 0 1 2 3 5 4 6
287   1   7   1  -7   1   2 0.24 0.05 0.05 0.11 0.25 0.05 1 1 0 1 1 1 6 2 1 4 5 3
288   1   3   1  -5   0   1 0.26 0.16 0.39 0.06 0.10 0.11 1 1 1 0 0 1 2 1 6 3 4 5
289   1   3   1   7   0   2 0.24 0.05 0.05 0.11 0.20 0.05 1 0 1 1 1 0 4 3 1 5 6 2
290   1   5   1   6   0   2 0.24 0.05 0.05 0.11 0.20 0.08 0 1 1 1 1 0 2 3 4 5 1 6
291   1   7   1  -7   0   2 0.27 0.05 0.05 0.11 0.20 0.08 1 0 0 1 1 1 1 4 5 6 2 3
292   1   4   1  -6   0   1 0.26 0.16 0.39 0.09 0.10 0.11 1 1 0 1 0 1 1 4 2 6 5 3
293   1   8   1   8   0   1 0.26 0.16 0.39 0.09 0.13 0.11 1 1 1 0 1 0 5 1 2 3 6 4
294   1   7   1  -6   0   1 0.26 0.16 0.39 0.09 0.13 0.11 0 1 1 1 1 0 2 3 5 4 1 6
295   1   7   1  -6   0   2 0.27 0.08 0.08 0.11 0.20 0.08 1 0 1 0 1 1 6 1 5 3 4 2
296   1   7   1  -6   0   1 0.29 0.16 0.39 0.09 0.13 0.14 1 0 1 1 1 0 5 1 3 4 2 6
297   1   3   1   8   1   2 0.27 0.08 0.08 0.11 0.20 0.08 0 1 1 1 1 1 3 6 5 4 2 1
298   1   2   1  -5   0   1 0.29 0.19 0.39 0.09 0.13 0.14 0 1 1 0 1 1 5 2 6 3 1 4
299   1   5   1  -8   1   1 0.29 0.19 0.39 0.12 0.13 0.14 1 1 1 1 0 1 1 4 6 2 5 3
300   1   2   1   7   0   1 0.29 0.19 0.34 0.12 0.13 0.14 0 1 0 1 1 1 4 2 5 6 3 1
301   1   8   1   6   1   1 0.32 0.19 0.34 0.12 0.13 0.14 0 1 1 1 1 1 6 2 3 5 1 4
302   1   3   1   7   1   2 0.27 0.03 0.08 0.11 0.20 0.08 1 1 0 1 1 1 4 1 2 6 5 3
303   1   2   1  -5   0   2 0.27 0.03 0.08 0.11 0.15 0.08 1 1 0 0 1 1 1 5 6 2 4 3
304   1   8   1   5   0   2 0.27 0.03 0.08 0.14 0.15 0.08 0 1 1 0 1 1 3 5 6 2 4 1
305   1   9   1  -7   0   2 0.27 0.03 0.08 0.14 0.15 0.08 0 1 1 1 0 1 3 4 2 6 5 1
306   1   2   1  -7   2   2 0.30 0.03 0.08 0.14 0.15 0.08 0 1 1 1 0 1 2 5 3 4 6 1
307   1   5   1  -5   0   2 0.30 0.03 0.08 0.14 0.15 0.03 0 0 1 1 1 1 4 6 5 3 1 2
308   1   2   1   7   0   2 0.30 0.03 0.08 0.14 0.15 0.03 0 1 0 1 1 1 2 5 4 6 1 3
309   1   8   1   7   0   2 0.33 0.03 0.11 0.14 0.15 0.03 0 0 1 1 1 1 4 3 5 6 1 2
310   1   1   1  -6   0   1 0.32 0.19 0.34 0.07 0.13 0.14 1 1 0 0 1 1 5 2 6 1 4 3
311   1   8   1  -6   0   1 0.32 0.19 0.37 0.07 0.13 0.14 0 1 0 1 1 1 4 6 5 2 3 1
312   1   5   1  -6   0   2 0.33 0.06 0.11 0.14 0.15 0.03 1 0 1 0 1 1 5 3 6 1 4 2
