  1   3   1   1  -5   0   2 0 0 0 0 0.04 0.04 0.04 0.04
  2   2   1  11   5   0   2 0 0 0 0 0.04 0.04 0.04 0.04
  3   4   2   7   4   0   2 0 0 0 0 0.04 0.04 0.04 0.04
  4   5   2   3   3   0   2 0 0 0 0 0.04 0.04 0.04 0.04
  5   5   1   7   3   1   2 0 0 1 0 0.06 0.06 0.06 0.06
  6   3   2   1  -3   0   2 0 0 0 0 0.06 0.06 0.06 0.06
  7   2   2  11   0   1   2 0 0 1 1 0.06 0.06 0.06 0.06
  8   5   2   2   0   1   1 0 1 1 1 0.40 0.40 0.40 0.40
  9   5   1   1   0   1   2 0 0 0 1 0.06 0.06 0.02 0.06
 10   3   2  10   0   1   1 1 1 0 1 0.40 0.36 0.36 0.36
 11   5   1   5   0   1   2 0 1 0 1 0.08 0.08 0.02 0.02
 12   3   2   6   0   1   1 1 0 0 1 0.36 0.32 0.36 0.32
 13   5   1  13  -1   1   2 0 0 1 1 0.08 0.04 0.04 0.02
 14   1   2   6   0   1   1 1 1 1 1 0.32 0.32 0.38 0.28
 15   3   1   8   0   1   1 1 1 1 1 0.40 0.40 0.40 0.40
 16   1   2  14   0   1   1 1 0 1 1 0.28 0.28 0.34 0.24
 17   5   1   1   0   1   2 0 0 0 1 0.10 0.04 0.02 0.02
 18   5   1   1  -5   0   2 0 0 0 0 0.10 0.06 0.02 0.02
 19   2   2   6   0   1   1 1 0 1 1 0.24 0.28 0.30 0.20
 20   1   1  15   0   0   2 0 0 0 0 0.12 0.06 0.04 0.02
 21   5   2   1  -3   0   2 0 0 0 0 0.08 0.08 0.02 0.02
 22   1   1   6   0   1   1 1 1 1 1 0.36 0.36 0.36 0.36
 23   2   2   7   0   1   2 1 0 0 1 0.08 0.08 0.02 0.02
 24   4   1   9   0   1   2 0 0 0 1 0.12 0.08 0.04 0.04
 25   2   1  11   0   1   2 0 0 0 1 0.14 0.08 0.06 0.02
 26   1   1  12   0   1   1 1 1 1 1 0.32 0.32 0.32 0.32
 27   3   2  11   4   0   2 0 0 0 0 0.04 0.10 0.04 0.02
 28   2   1   6   0   1   1 0 1 1 1 0.28 0.28 0.28 0.28
 29   3   1   4   0   1   1 1 1 1 1 0.28 0.24 0.24 0.24
 30   3   2  16   0   1   1 0 1 0 1 0.20 0.30 0.26 0.16
 31   2   1   4   0   1   1 0 1 0 1 0.24 0.20 0.20 0.20
 32   3   1   5   0   1   2 0 1 0 1 0.14 0.10 0.06 0.02
 33   1   1   7   3   0   2 0 0 0 0 0.16 0.06 0.08 0.02
 34   2   1   5   0   1   2 0 0 0 1 0.16 0.06 0.08 0.02
 35   1   2   9  -1   0   2 0 0 0 0 0.04 0.10 0.04 0.02
 36   5   1   3   0   1   2 0 0 1 0 0.18 0.08 0.10 0.02
 37   3   1   3   1   0   2 0 0 0 0 0.18 0.08 0.06 0.02
 38   1   1  10   0   1   1 1 0 0 0 0.24 0.16 0.20 0.16
 39   1   1  16   2   0   1 0 0 0 0 0.20 0.16 0.22 0.16
 40   1   1   7   0   1   2 1 0 0 0 0.20 0.10 0.06 0.04
 41   3   2  11   3   0   2 0 0 0 0 0.06 0.12 0.06 0.04
 42   4   1   6   0   1   1 0 1 0 1 0.20 0.18 0.22 0.18
 43   5   1  11   0   1   2 0 0 0 1 0.16 0.10 0.08 0.04
 44   1   1   6   0   0   1 0 0 0 0 0.22 0.14 0.24 0.14
 45   2   2   2  -5   0   1 0 0 0 0 0.20 0.26 0.26 0.12
 46   4   1   9  -2   0   2 0 0 0 0 0.16 0.12 0.08 0.02
 47   5   1  14   0   1   1 0 0 0 1 0.22 0.14 0.24 0.14
 48   4   1   7   3   0   2 0 0 0 0 0.18 0.12 0.10 0.02
 49   3   1  16   0   1   1 0 0 1 1 0.24 0.16 0.26 0.10
 50   5   2  14   0   1   1 0 0 0 1 0.22 0.26 0.28 0.12
 51   1   2   5  -1   0   2 0 0 0 0 0.06 0.12 0.06 0.04
 52   5   1   2   0   1   1 1 0 0 1 0.24 0.16 0.22 0.06
 53   2   1  14   0   1   1 0 0 0 1 0.20 0.18 0.22 0.02
 54   2   2  12   7   0   1 0 0 0 0 0.22 0.28 0.28 0.08
 55   1   1   9  -2   0   2 0 0 0 0 0.18 0.14 0.10 0.04
 56   1   1  13   0   1   2 1 0 0 1 0.20 0.14 0.12 0.04
 57   1   1   1  -2   0   2 0 0 0 0 0.16 0.16 0.12 0.02
 58   4   2   3   1   0   2 0 0 0 0 0.08 0.14 0.08 0.06
 59   5   2  12   7   0   1 0 0 0 0 0.24 0.28 0.30 0.08
 60   3   2  12   0   1   1 0 1 0 0 0.24 0.30 0.30 0.10
 61   4   2   5  -2   0   2 0 0 0 0 0.08 0.14 0.08 0.06
 62   1   2  10  -4   0   1 0 0 0 0 0.26 0.26 0.32 0.10
 63   4   1   6  -2   0   1 0 0 0 0 0.20 0.18 0.24 0.02
 64   4   1   4   0   1   1 0 0 1 0 0.22 0.20 0.24 0.02
 65   1   2   2   0   1   1 1 0 1 0 0.26 0.26 0.32 0.12
 66   2   2   5   0   1   2 1 0 1 0 0.10 0.16 0.10 0.08
 67   1   1  12   0   1   1 1 1 1 0 0.22 0.20 0.20 0.04
 68   5   1   5  -2   0   2 0 0 0 0 0.16 0.16 0.14 0.02
 69   3   2   4   0   1   1 0 1 0 0 0.22 0.28 0.28 0.12
 70   4   1   1   0   1   2 1 1 0 0 0.18 0.18 0.14 0.04
 71   4   1   5   0   1   2 1 0 0 0 0.14 0.14 0.16 0.04
 72   4   1  13   0   1   2 1 0 1 0 0.10 0.14 0.16 0.06
 73   3   1   9  -2   0   2 0 0 0 0 0.06 0.16 0.12 0.06
 74   1   2   6   0   1   1 1 1 1 1 0.22 0.24 0.28 0.14
 75   2   1  16   0   1   1 1 1 1 1 0.18 0.16 0.16 0.04
 76   4   2   6   0   1   1 1 1 0 0 0.18 0.20 0.24 0.10
 77   5   1  10   0   1   1 0 1 0 0 0.14 0.12 0.12 0.02
 78   1   1   2  -7   0   1 0 0 0 0 0.14 0.08 0.12 0.02
 79   5   1  16   2   0   1 0 0 0 0 0.16 0.08 0.14 0.04
 80   2   2  15   1   0   2 0 0 0 0 0.06 0.16 0.06 0.08
 81   5   2  12   5   0   1 0 0 0 0 0.14 0.16 0.24 0.10
 82   5   2   7   3   0   2 0 0 0 0 0.06 0.18 0.06 0.10
 83   2   1  10  -3   0   1 0 0 0 0 0.16 0.10 0.14 0.04
 84   5   1   6  -3   0   1 0 0 0 0 0.18 0.10 0.16 0.06
 85   4   2  10  -2   0   1 0 0 0 0 0.14 0.16 0.26 0.12
 86   4   1   8   0   1   1 0 0 1 1 0.18 0.12 0.16 0.06
 87   5   2   4   3   0   1 0 0 0 0 0.16 0.18 0.26 0.12
 88   4   2   4   3   0   1 0 0 0 0 0.16 0.18 0.28 0.14
 89   5   1   4   0   1   1 0 0 1 0 0.20 0.12 0.12 0.02
 90   3   1  14  -4   0   1 0 0 0 0 0.20 0.14 0.08 0.02
 91   1   1  10  -2   0   1 0 0 0 0 0.22 0.14 0.08 0.04
 92   4   2  11   3   0   2 0 0 0 0 0.08 0.18 0.08 0.10
 93   5   2   5  -1   0   2 0 0 0 0 0.08 0.20 0.08 0.12
 94   1   1  15   0   1   2 1 1 0 0 0.06 0.16 0.12 0.08
 95   3   1   4   2   0   1 0 0 0 0 0.22 0.16 0.10 0.04
 96   3   2   8   2   0   1 0 0 0 0 0.18 0.20 0.28 0.14
 97   2   2  10   0   1   1 1 0 0 1 0.18 0.20 0.30 0.16
 98   5   2  11   0   1   2 0 0 1 1 0.10 0.20 0.10 0.12
 99   3   1   2   0   1   1 1 0 1 0 0.24 0.16 0.10 0.06
100   3   2   6   0   1   1 0 0 0 1 0.14 0.22 0.30 0.12
101   4   1  12   7   0   1 0 0 0 0 0.20 0.18 0.06 0.06
102   4   1   7   0   1   2 0 0 1 0 0.02 0.12 0.14 0.08
103   3   2   7   3   0   2 0 0 0 0 0.10 0.22 0.06 0.08
104   1   2   3   0   1   2 0 0 1 0 0.12 0.22 0.06 0.08
105   3   2   2  -7   0   1 0 0 0 0 0.14 0.22 0.32 0.08
106   2   2   7   0   1   2 0 0 1 0 0.12 0.24 0.02 0.10
107   4   1   2  -7   0   1 0 0 0 0 0.20 0.18 0.06 0.08
108   2   2   4   7   0   1 0 0 0 0 0.16 0.24 0.32 0.08
109   2   2  13  -2   0   2 0 0 0 0 0.14 0.24 0.02 0.10
110   4   1  13  -2   0   2 0 0 0 0 0.02 0.12 0.10 0.10
111   3   2   1  -1   0   2 0 0 0 0 0.14 0.26 0.02 0.12
112   3   2  16   3   0   1 0 0 0 0 0.16 0.24 0.34 0.10
113   1   2  15   0   1   2 0 0 1 0 0.16 0.26 0.04 0.12
114   5   2   9  -2   0   2 0 0 0 0 0.16 0.28 0.02 0.14
115   4   1  11   3   0   2 0 0 0 0 0.04 0.14 0.10 0.10
116   1   1  11   4   0   2 0 0 0 0 0.04 0.14 0.12 0.12
117   2   1  16   0   1   1 0 0 1 0 0.22 0.20 0.08 0.08
118   1   2   1  -2   0   2 0 0 0 0 0.18 0.28 0.02 0.14
119   1   1  11   3   1   2 0 0 1 0 0.06 0.16 0.12 0.12
120   1   2  14   0   1   1 0 0 1 1 0.18 0.26 0.34 0.10
121   2   2   1  -2   0   2 0 0 0 0 0.18 0.30 0.04 0.16
122   3   2   1  -2   0   2 0 0 0 0 0.20 0.30 0.04 0.16
123   4   2   1   0   1   2 0 0 0 1 0.20 0.32 0.06 0.18
124   1   2   4   0   1   1 0 1 0 1 0.18 0.26 0.30 0.06
125   4   2   1   0   1   2 0 1 0 1 0.22 0.32 0.06 0.14
126   3   2   4   0   1   1 0 1 1 1 0.20 0.22 0.30 0.02
127   1   2  10   0   1   1 0 0 0 1 0.20 0.18 0.26 0.02
128   3   2  15   0   1   2 1 1 0 1 0.22 0.28 0.08 0.10
129   5   2  12   0   1   1 0 1 0 1 0.22 0.18 0.26 0.02
130   2   2   3   0   1   2 0 1 0 1 0.18 0.24 0.08 0.06
131   4   1  10   0   1   1 0 1 1 1 0.22 0.20 0.04 0.10
132   3   1  13   0   1   2 0 1 0 1 0.06 0.16 0.08 0.14
133   1   1   1  -3   0   2 0 0 0 0 0.08 0.12 0.08 0.10
134   3   2  14   0   1   1 0 0 1 1 0.22 0.14 0.28 0.02
135   5   2   8   3   0   1 0 0 0 0 0.24 0.14 0.24 0.02
136   2   1   7   0   1   2 0 0 1 1 0.08 0.12 0.10 0.10
137   1   1   4   3   0   1 0 0 0 0 0.24 0.16 0.02 0.06
138   5   2   5  -1   0   2 0 0 0 0 0.18 0.20 0.10 0.02
139   4   2  16   2   0   1 0 0 0 0 0.24 0.16 0.24 0.02
140   2   1  14  -3   0   1 0 0 0 0 0.24 0.16 0.02 0.06
141   4   2  14   0   1   1 0 0 0 1 0.26 0.16 0.26 0.04
142   5   2  13   0   1   2 0 1 0 1 0.20 0.20 0.10 0.02
143   5   2  10  -2   0   1 0 0 0 0 0.26 0.18 0.26 0.02
144   5   1   8   3   0   1 0 0 0 0 0.26 0.18 0.04 0.08
145   4   2  15   2   0   2 0 0 0 0 0.20 0.16 0.12 0.02
146   1   1   7   3   0   2 0 0 0 0 0.10 0.14 0.06 0.06
147   1   1   8   4   0   1 0 0 0 0 0.26 0.18 0.04 0.08
148   2   2  13  -2   0   2 0 0 0 0 0.22 0.16 0.12 0.02
149   5   1   4   3   0   1 0 0 0 0 0.28 0.20 0.06 0.10
150   4   1   1  -1   0   2 0 0 0 0 0.10 0.14 0.06 0.06
151   5   2   9  -2   0   2 0 0 0 0 0.22 0.18 0.14 0.04
152   2   2  16   0   1   1 0 0 1 0 0.28 0.18 0.28 0.02
153   4   2  14  -2   0   1 0 0 0 0 0.28 0.20 0.24 0.04
154   2   1   4   0   1   1 0 0 0 1 0.28 0.20 0.06 0.10
155   3   1   5  -2   0   2 0 0 0 0 0.12 0.16 0.08 0.08
156   4   2   6  -3   0   1 0 0 0 0 0.30 0.20 0.24 0.04
157   5   2  11   5   0   2 0 0 0 0 0.24 0.18 0.14 0.04
158   1   2  15   3   0   2 0 0 0 0 0.24 0.20 0.16 0.06
159   1   1   8   0   1   1 1 1 0 0 0.30 0.22 0.08 0.06
160   1   1   3   2   0   2 0 0 0 0 0.12 0.16 0.08 0.08
161   2   1   1   0   1   2 0 0 0 1 0.14 0.18 0.10 0.10
162   5   2   3   2   0   2 0 0 0 0 0.26 0.20 0.16 0.06
163   5   1   3   3   0   2 0 0 0 0 0.14 0.18 0.10 0.06
164   1   2  12   8   0   1 0 0 0 0 0.30 0.22 0.26 0.06
165   5   2  10  -4   0   1 0 0 0 0 0.32 0.22 0.26 0.06
166   3   1  15   2   0   2 0 0 0 0 0.16 0.20 0.12 0.06
167   2   1   8   0   1   1 0 1 0 0 0.26 0.18 0.08 0.06
168   3   1  11   5   0   2 0 0 0 0 0.16 0.20 0.12 0.08
169   3   1   6  -7   0   1 0 0 0 0 0.26 0.14 0.10 0.08
170   2   1  15   0   1   2 0 1 0 0 0.18 0.22 0.14 0.08
171   5   2  13  -2   0   2 0 0 0 0 0.26 0.22 0.18 0.08
172   3   2  10  -6   0   1 0 0 0 0 0.32 0.24 0.28 0.08
173   2   2   6  -5   0   1 0 0 0 0 0.34 0.24 0.28 0.08
174   2   1   8   6   0   1 0 0 0 0 0.28 0.14 0.10 0.08
175   3   2   8   5   0   1 0 0 0 0 0.34 0.26 0.30 0.10
176   5   2  14  -3   0   1 0 0 0 0 0.36 0.26 0.30 0.10
177   5   1  10  -7   0   1 0 0 0 0 0.28 0.16 0.12 0.10
178   4   1  12  10   0   1 0 0 0 0 0.30 0.16 0.12 0.10
179   5   2  10   0   1   1 1 0 0 0 0.36 0.28 0.32 0.12
180   3   2   5  -3   0   2 0 0 0 0 0.28 0.22 0.18 0.08
181   5   2  11   4   0   2 0 0 0 0 0.28 0.24 0.20 0.10
182   4   2   2   0   1   1 0 1 0 0 0.32 0.28 0.32 0.12
183   5   2   5  -4   0   2 0 0 0 0 0.30 0.24 0.20 0.10
184   3   2  13   0   1   2 0 0 0 1 0.30 0.26 0.22 0.12
185   2   1   9  -2   0   2 0 0 0 0 0.18 0.18 0.14 0.10
186   5   1  13  -2   0   2 0 0 0 0 0.20 0.18 0.16 0.10
187   1   1  11   5   0   2 0 0 0 0 0.20 0.20 0.16 0.12
188   4   2   9  -3   0   2 0 0 0 0 0.32 0.26 0.22 0.08
189   1   2  14   0   1   1 0 1 0 1 0.32 0.24 0.34 0.14
190   5   1   9  -2   0   2 0 0 0 0 0.22 0.20 0.18 0.12
191   5   1  15  -2   0   2 0 0 0 0 0.22 0.22 0.18 0.14
192   4   1   4  -2   0   1 0 0 0 0 0.30 0.18 0.14 0.12
193   3   2   9  -2   0   2 0 0 0 0 0.32 0.28 0.24 0.08
194   2   2   2   2   0   1 0 0 0 0 0.34 0.20 0.34 0.10
195   2   2   5  -2   0   2 0 0 0 0 0.34 0.28 0.24 0.10
196   2   1   9   0   1   2 0 0 0 1 0.24 0.22 0.20 0.14
197   1   1   5   0   1   2 1 0 0 0 0.24 0.24 0.20 0.10
198   5   2   1  -2   0   2 0 0 0 0 0.34 0.30 0.26 0.10
199   5   2  13   0   1   2 1 0 0 0 0.36 0.30 0.26 0.12
200   4   1  16   7   0   1 0 0 0 0 0.32 0.18 0.14 0.12
201   4   2  11  10   0   2 0 0 0 0 0.32 0.32 0.28 0.12
202   5   2  16   0   1   1 1 0 0 0 0.34 0.20 0.36 0.10
203   4   2   3   3   0   2 0 0 0 0 0.32 0.32 0.28 0.14
204   4   2  13  -2   0   2 0 0 0 0 0.34 0.34 0.30 0.14
205   1   1   8   4   0   1 0 0 0 0 0.32 0.20 0.16 0.14
206   3   2  13  -2   0   2 0 0 0 0 0.34 0.34 0.30 0.16
207   2   1   4   2   0   1 0 0 0 0 0.34 0.20 0.16 0.14
208   2   1  12  10   0   1 0 0 0 0 0.34 0.22 0.18 0.16
209   1   2   1  -4   0   2 0 0 0 0 0.36 0.36 0.32 0.16
210   2   2  13   0   1   2 1 0 0 0 0.36 0.36 0.32 0.18
211   4   1   9  -4   0   2 0 0 0 0 0.20 0.24 0.22 0.10
212   2   1   8   0   1   1 1 0 0 0 0.36 0.22 0.18 0.16
213   3   1   5   0   1   2 1 1 0 0 0.20 0.26 0.22 0.12
214   1   1   3   2   0   2 0 0 0 0 0.16 0.22 0.24 0.12
215   1   2  16   0   1   1 1 0 0 0 0.30 0.22 0.36 0.12
216   3   1  10   0   1   1 1 1 0 0 0.32 0.24 0.20 0.18
217   2   2  11  10   0   2 0 0 0 0 0.32 0.38 0.34 0.18
218   2   1   6   0   1   1 1 1 0 1 0.28 0.20 0.20 0.18
219   5   1   7   0   1   2 1 0 0 0 0.16 0.22 0.24 0.14
220   4   1   4   4   0   1 0 0 0 0 0.24 0.16 0.22 0.14
221   5   1   7   5   0   2 0 0 0 0 0.12 0.24 0.26 0.14
222   1   1  14   0   1   1 1 0 0 0 0.24 0.16 0.22 0.14
223   1   1   2   0   1   1 1 0 0 1 0.20 0.18 0.24 0.16
224   1   1   4   0   1   1 1 0 0 1 0.16 0.18 0.24 0.12
225   1   2   3   0   1   2 1 1 0 1 0.32 0.38 0.34 0.20
226   5   2  15   4   0   2 0 0 0 0 0.28 0.34 0.36 0.16
227   1   2   8   0   1   1 1 0 0 0 0.26 0.22 0.38 0.12
228   3   1   3   0   1   2 1 0 1 1 0.12 0.24 0.26 0.16
229   5   2  16   7   0   1 0 0 0 0 0.22 0.24 0.38 0.14
230   5   1  11   0   1   2 1 0 0 1 0.08 0.26 0.22 0.12
231   5   2   1  -5   0   2 0 0 0 0 0.28 0.34 0.36 0.16
232   5   1  12  10   0   1 0 0 0 0 0.12 0.20 0.26 0.08
233   1   2   8   0   1   1 1 0 0 1 0.22 0.24 0.40 0.14
234   5   1  15   2   0   2 0 0 0 0 0.04 0.26 0.22 0.08
235   4   2  16   2   0   1 0 0 0 0 0.18 0.26 0.40 0.10
236   1   2   2  -8   0   1 0 0 0 0 0.18 0.26 0.42 0.10
237   1   2  16   0   1   1 0 0 1 1 0.20 0.28 0.42 0.12
238   3   2   8   6   0   1 0 0 0 0 0.20 0.28 0.38 0.08
239   1   2  11   4   0   2 0 0 0 0 0.30 0.36 0.38 0.18
240   4   1   3   2   0   2 0 0 0 0 0.04 0.28 0.24 0.08
241   1   2   3   0   1   2 0 1 0 1 0.30 0.36 0.38 0.18
242   2   1   3   0   1   2 0 1 0 1 0.06 0.28 0.24 0.10
243   4   2   5  -2   0   2 0 0 0 0 0.32 0.32 0.40 0.14
244   3   1   3   2   0   2 0 0 0 0 0.06 0.24 0.26 0.06
245   2   2  10  -3   0   1 0 0 0 0 0.22 0.30 0.38 0.08
246   1   2   1   0   1   2 1 1 0 0 0.32 0.32 0.40 0.14
247   4   2   7   0   1   2 0 0 1 0 0.28 0.28 0.42 0.16
248   1   2  16   0   1   1 0 0 1 0 0.22 0.30 0.40 0.10
249   3   2   2  -9   0   1 0 0 0 0 0.24 0.32 0.36 0.10
250   1   2   7   0   1   2 0 0 0 1 0.28 0.28 0.38 0.16
251   4   1  15   0   1   2 0 1 1 1 0.08 0.24 0.26 0.06
252   1   1   9  -2   0   2 0 0 0 0 0.08 0.20 0.22 0.02
253   3   2  16   0   1   1 1 0 0 0 0.24 0.32 0.36 0.12
254   3   1  14   0   1   1 0 1 1 0 0.12 0.20 0.26 0.08
255   1   1   9   0   1   2 1 0 1 0 0.10 0.20 0.22 0.02
256   3   1  12   0   1   1 0 1 0 1 0.14 0.16 0.22 0.10
257   2   1  10   0   1   1 1 0 1 1 0.14 0.12 0.22 0.06
258   3   1  12   0   1   1 1 0 1 0 0.10 0.12 0.18 0.02
259   4   2  11   0   1   2 1 0 1 0 0.30 0.30 0.38 0.12
260   1   1   4   0   1   1 1 0 1 0 0.06 0.14 0.14 0.02
261   5   2  15   0   1   2 1 0 1 1 0.26 0.30 0.34 0.12
262   2   2  10   0   1   1 0 0 1 1 0.20 0.34 0.38 0.12
263   2   2  15   3   0   2 0 0 0 0 0.22 0.32 0.30 0.08
264   5   1  15   0   1   2 1 0 1 0 0.06 0.22 0.18 0.04
265   3   2   6   0   1   1 0 1 0 1 0.20 0.34 0.34 0.08
266   2   2   8   0   1   1 0 1 1 0 0.22 0.30 0.34 0.04
267   2   1  13   0   1   2 1 0 1 1 0.02 0.22 0.14 0.04
268   4   1   2   0   1   1 0 1 0 1 0.02 0.14 0.10 0.04
269   2   1  14  -3   0   1 0 0 0 0 0.02 0.10 0.10 0.02
270   3   2  15   3   0   2 0 0 0 0 0.22 0.32 0.30 0.08
271   5   1   6  -3   0   1 0 0 0 0 0.04 0.10 0.12 0.02
272   5   2   3   3   0   2 0 0 0 0 0.24 0.34 0.32 0.10
273   1   1  10  -6   0   1 0 0 0 0 0.04 0.12 0.12 0.04
274   2   1  12   5   0   1 0 0 0 0 0.06 0.12 0.14 0.04
275   4   1  11   7   0   2 0 0 0 0 0.02 0.24 0.10 0.02
276   4   1   6  -4   0   1 0 0 0 0 0.06 0.14 0.14 0.06
277   2   1   1   0   1   2 0 0 1 1 0.02 0.24 0.10 0.02
278   2   2  12   0   1   1 1 0 0 1 0.22 0.26 0.30 0.04
279   2   1   6   0   1   1 0 0 1 1 0.08 0.14 0.16 0.06
280   3   2  14   0   1   1 0 1 1 1 0.18 0.26 0.30 0.02
281   1   1   2   0   1   1 1 1 1 1 0.08 0.16 0.12 0.02
282   4   2   9   0   1   2 1 0 1 1 0.24 0.34 0.32 0.10
283   1   2  12   0   1   1 1 1 0 0 0.18 0.22 0.26 0.02
284   1   1   5   0   1   2 0 1 0 1 0.04 0.26 0.06 0.02
285   1   1  16   5   0   1 0 0 0 0 0.04 0.12 0.08 0.02
286   3   1   4   0   1   1 0 1 0 1 0.04 0.12 0.08 0.02
287   4   2   2  -6   0   1 0 0 0 0 0.14 0.18 0.26 0.02
288   2   1   7   0   1   2 1 1 0 0 0.04 0.22 0.06 0.02
289   3   1   1   0   1   2 0 1 0 1 0.02 0.18 0.08 0.02
290   4   1  16   7   0   1 0 0 0 0 0.06 0.08 0.10 0.02
291   3   2  11   7   0   2 0 0 0 0 0.20 0.36 0.28 0.06
292   4   2   8   4   0   1 0 0 0 0 0.14 0.18 0.28 0.04
293   4   1   5  -4   0   2 0 0 0 0 0.02 0.14 0.08 0.02
294   4   1  15   3   0   2 0 0 0 0 0.04 0.14 0.10 0.02
295   1   2   5   0   1   2 0 1 0 1 0.20 0.36 0.28 0.06
296   1   1   5   0   1   2 0 1 0 0 0.04 0.16 0.10 0.04
297   1   2   4   0   1   1 0 0 1 1 0.16 0.20 0.28 0.04
298   5   2   7  -3   0   2 0 0 0 0 0.22 0.32 0.30 0.02
299   5   2   2 -10   0   1 0 0 0 0 0.16 0.20 0.24 0.02
300   2   2   8   4   0   1 0 0 0 0 0.18 0.22 0.24 0.02
301   2   2   3   0   1   2 1 1 0 0 0.22 0.32 0.30 0.02
302   2   1  13  -4   0   2 0 0 0 0 0.06 0.12 0.12 0.04
303   4   2   6  -5   0   1 0 0 0 0 0.18 0.22 0.26 0.04
304   2   2   4   4   0   1 0 0 0 0 0.20 0.24 0.26 0.04
305   1   2  10   0   1   1 1 1 0 0 0.20 0.24 0.28 0.06
306   1   2  13   0   1   2 1 1 1 0 0.18 0.28 0.32 0.04
307   4   1   5   0   1   2 0 0 1 1 0.06 0.12 0.12 0.06
308   3   1  16   5   0   1 0 0 0 0 0.06 0.08 0.10 0.02
309   2   2   1   7   0   2 0 0 0 0 0.14 0.24 0.28 0.04
310   3   2   3   3   0   2 0 0 0 0 0.14 0.24 0.28 0.06
311   4   1   8   5   0   1 0 0 0 0 0.08 0.10 0.12 0.04
312   4   2  15   3   0   2 0 0 0 0 0.16 0.26 0.30 0.06
313   1   1   3   0   1   2 0 0 0 1 0.08 0.14 0.08 0.02
314   3   1   7   5   0   2 0 0 0 0 0.08 0.14 0.08 0.02
315   5   1  11   8   0   2 0 0 0 0 0.10 0.16 0.10 0.02
316   2   2   5  -3   0   2 0 0 0 0 0.16 0.26 0.30 0.08
317   5   1   2   0   1   1 1 0 0 0 0.08 0.10 0.12 0.04
318   4   1  10   0   1   1 1 0 0 0 0.04 0.12 0.14 0.06
319   3   1   1   0   1   2 0 1 1 0 0.10 0.16 0.10 0.04
320   4   2   8   5   0   1 0 0 0 0 0.16 0.20 0.28 0.06
321   4   2  16   5   0   1 0 0 0 0 0.16 0.20 0.30 0.08
322   1   1  14  -3   0   1 0 0 0 0 0.02 0.12 0.14 0.06
323   5   2   9  -1   0   2 0 0 0 0 0.18 0.28 0.32 0.08
324   1   2   9  -2   0   2 0 0 0 0 0.18 0.28 0.32 0.10
325   1   2   7   0   1   2 0 0 1 0 0.20 0.30 0.34 0.10
326   5   2   8   0   1   1 0 1 1 0 0.18 0.22 0.30 0.08
327   2   1  15   1   0   2 0 0 0 0 0.12 0.12 0.06 0.04
328   4   2  10   0   1   1 0 0 0 1 0.18 0.18 0.26 0.10
329   3   1  13   0   1   2 0 0 0 1 0.12 0.12 0.06 0.06
330   5   2   6  -5   0   1 0 0 0 0 0.20 0.18 0.26 0.06
331   3   1   9  -7   0   2 0 0 0 0 0.14 0.14 0.08 0.02
332   4   2   7   6   0   2 0 0 0 0 0.20 0.30 0.30 0.12
333   3   1  15   3   0   2 0 0 0 0 0.14 0.14 0.08 0.02
334   3   1   9   6   0   2 0 0 0 0 0.16 0.16 0.10 0.04
335   3   2  14  -3   0   1 0 0 0 0 0.20 0.20 0.28 0.06
336   5   2   6  -5   0   1 0 0 0 0 0.22 0.20 0.28 0.08
337   5   1   9  -1   0   2 0 0 0 0 0.16 0.16 0.10 0.04
338   5   1   5   0   1   2 1 0 0 0 0.18 0.18 0.12 0.06
339   3   1  10   0   1   1 1 0 0 0 0.02 0.14 0.16 0.08
340   4   2   3   2   0   2 0 0 0 0 0.22 0.32 0.30 0.12
341   2   1  15   0   1   2 1 0 1 0 0.14 0.18 0.12 0.06
342   3   1  11   0   1   2 0 1 0 1 0.10 0.20 0.08 0.08
343   2   1   5  -2   0   2 0 0 0 0 0.10 0.16 0.08 0.04
344   2   1   9  -2   0   2 0 0 0 0 0.12 0.16 0.10 0.04
345   4   1  14  -1   0   1 0 0 0 0 0.02 0.14 0.16 0.08
346   1   1  13  -1   0   2 0 0 0 0 0.12 0.18 0.10 0.06
347   5   1   2  -8   0   1 0 0 0 0 0.02 0.16 0.18 0.10
348   3   2   7   2   0   2 0 0 0 0 0.22 0.32 0.32 0.14
349   5   1  10   0   1   1 1 0 0 0 0.04 0.16 0.18 0.10
350   5   2   6  -3   0   1 0 0 0 0 0.22 0.22 0.30 0.08
351   3   1  14   0   1   1 1 1 0 0 0.02 0.18 0.20 0.12
352   4   2   2  -9   0   1 0 0 0 0 0.24 0.22 0.30 0.10
353   3   2   4   4   0   1 0 0 0 0 0.24 0.24 0.32 0.10
354   3   1  10  -3   0   1 0 0 0 0 0.02 0.14 0.20 0.12
355   2   1  12   7   0   1 0 0 0 0 0.02 0.14 0.22 0.14
356   2   2  14   0   1   1 1 0 0 0 0.26 0.24 0.32 0.12
357   2   2   9   0   1   2 0 0 1 0 0.24 0.34 0.32 0.14
358   4   1  16   0   1   1 0 1 0 1 0.04 0.16 0.22 0.14
359   3   1   6  -3   0   1 0 0 0 0 0.04 0.12 0.24 0.10
360   3   2   2  -8   0   1 0 0 0 0 0.22 0.26 0.34 0.12
361   3   2   3   3   0   2 0 0 0 0 0.24 0.34 0.28 0.16
362   2   2   9   0   1   2 0 0 1 1 0.26 0.36 0.28 0.16
363   4   2   5   0   1   2 1 0 0 1 0.26 0.36 0.24 0.12
364   4   2  13  -3   0   2 0 0 0 0 0.22 0.38 0.24 0.08
365   3   2  15  -4   0   2 0 0 0 0 0.22 0.38 0.26 0.08
366   3   1  13   0   1   2 0 1 0 0 0.14 0.18 0.12 0.06
367   4   2  14  -4   0   1 0 0 0 0 0.22 0.26 0.34 0.14
368   2   1   3   3   0   2 0 0 0 0 0.14 0.14 0.12 0.08
369   5   2   8   6   0   1 0 0 0 0 0.24 0.28 0.36 0.14
370   3   2  12   0   1   1 0 1 0 0 0.24 0.28 0.36 0.16
371   4   1  12   0   1   1 0 0 1 0 0.06 0.12 0.24 0.10
372   3   1  11   5   0   2 0 0 0 0 0.16 0.14 0.14 0.08
373   5   1   8   0   1   1 1 0 0 1 0.06 0.14 0.20 0.12
374   2   2  16   0   1   1 0 1 0 0 0.26 0.24 0.38 0.16
375   2   1   3   0   1   2 1 1 0 1 0.16 0.16 0.14 0.10
376   4   2   8   0   1   1 1 0 0 0 0.26 0.20 0.38 0.18
377   4   2   4   0   1   1 1 0 1 0 0.22 0.20 0.40 0.18
378   4   2   9   0   1   2 1 1 0 0 0.24 0.40 0.26 0.10
379   2   1   2   0   1   1 0 1 0 1 0.02 0.14 0.20 0.08
380   3   1  15   3   0   2 0 0 0 0 0.12 0.12 0.16 0.06
381   2   1   5   0   1   2 1 0 1 0 0.12 0.12 0.16 0.06
382   2   2  14  -3   0   1 0 0 0 0 0.18 0.22 0.36 0.20
383   4   1  14  -4   0   1 0 0 0 0 0.02 0.10 0.22 0.04
384   5   2   2  -8   0   1 0 0 0 0 0.18 0.22 0.36 0.20
385   2   1  10  -3   0   1 0 0 0 0 0.04 0.10 0.22 0.04
386   4   2  15   0   1   2 0 1 0 0 0.20 0.36 0.28 0.10
387   2   2   6  -4   0   1 0 0 0 0 0.20 0.24 0.38 0.22
388   3   1  12  10   0   1 0 0 0 0 0.04 0.12 0.24 0.06
389   4   2  12   0   1   1 0 0 0 1 0.20 0.24 0.38 0.22
390   3   2  12  10   0   1 0 0 0 0 0.22 0.26 0.40 0.18
391   1   2   2   0   1   1 0 0 1 0 0.22 0.26 0.40 0.18
392   2   1   7   4   0   2 0 0 0 0 0.08 0.14 0.12 0.08
393   2   2  16   5   0   1 0 0 0 0 0.24 0.28 0.36 0.20
394   5   2   4   6   0   1 0 0 0 0 0.24 0.28 0.36 0.20
395   5   1  16   3   0   1 0 0 0 0 0.06 0.12 0.24 0.06
396   1   2  11   0   1   2 0 1 0 0 0.20 0.32 0.28 0.12
397   5   1  14  -3   0   1 0 0 0 0 0.06 0.14 0.26 0.08
398   1   1  13  -1   0   2 0 0 0 0 0.08 0.14 0.12 0.08
399   4   2  12   9   0   1 0 0 0 0 0.26 0.30 0.38 0.22
400   4   1   7   3   0   2 0 0 0 0 0.10 0.16 0.14 0.10
401   3   2   5  -2   0   2 0 0 0 0 0.22 0.28 0.30 0.12
402   1   1  16   0   1   1 1 0 0 0 0.08 0.14 0.26 0.08
403   2   1   2  -7   0   1 0 0 0 0 0.04 0.16 0.28 0.10
404   3   2   5  -2   0   2 0 0 0 0 0.22 0.28 0.30 0.14
405   5   2   4   4   0   1 0 0 0 0 0.26 0.30 0.38 0.22
406   2   2   9  -2   0   2 0 0 0 0 0.24 0.30 0.32 0.14
407   4   1  11   0   1   2 0 1 1 0 0.10 0.16 0.14 0.10
408   2   2   7   3   0   2 0 0 0 0 0.24 0.30 0.32 0.16
409   2   2  14  -3   0   1 0 0 0 0 0.28 0.32 0.40 0.24
410   3   2  13  -3   0   2 0 0 0 0 0.26 0.32 0.34 0.16
411   2   2  15   2   0   2 0 0 0 0 0.26 0.32 0.34 0.18
412   1   2   9  -3   0   2 0 0 0 0 0.28 0.34 0.36 0.18
413   5   1  12   7   0   1 0 0 0 0 0.04 0.16 0.28 0.10
414   5   1   9  -4   0   2 0 0 0 0 0.12 0.12 0.10 0.12
415   5   1   4   4   0   1 0 0 0 0 0.06 0.18 0.30 0.12
416   1   2  12   8   0   1 0 0 0 0 0.28 0.32 0.40 0.24
417   1   2   4   6   0   1 0 0 0 0 0.30 0.34 0.42 0.26
418   2   1  13  -3   0   2 0 0 0 0 0.12 0.12 0.10 0.12
419   1   1   6  -4   0   1 0 0 0 0 0.06 0.18 0.30 0.12
420   5   2   7   3   0   2 0 0 0 0 0.28 0.34 0.36 0.20
421   5   1   8   4   0   1 0 0 0 0 0.08 0.20 0.32 0.14
422   4   1   1  -4   0   2 0 0 0 0 0.14 0.14 0.12 0.14
423   5   2  15   2   0   2 0 0 0 0 0.30 0.36 0.38 0.20
424   4   1  10   0   1   1 0 0 0 1 0.08 0.20 0.32 0.14
425   1   1  14   0   1   1 0 1 1 1 0.10 0.22 0.34 0.10
426   3   1   8   0   1   1 0 0 1 0 0.10 0.18 0.30 0.06
427   2   1  11   0   1   2 1 0 1 1 0.14 0.14 0.12 0.14
428   3   1   7   0   1   2 1 0 1 1 0.10 0.16 0.08 0.10
429   3   1   2   0   1   1 1 0 1 1 0.12 0.18 0.26 0.06
430   3   1   2   0   1   1 1 0 1 0 0.08 0.20 0.22 0.02
431   5   2  14   0   1   1 0 0 0 1 0.30 0.34 0.42 0.26
432   2   2   8   0   1   1 1 0 1 0 0.32 0.36 0.44 0.22
433   1   2   7   3   0   2 0 0 0 0 0.30 0.36 0.38 0.22
434   2   2   2   0   1   1 0 1 0 1 0.28 0.36 0.40 0.22
435   5   1  16   0   1   1 0 0 1 0 0.04 0.20 0.18 0.02
436   5   1   3   3   0   2 0 0 0 0 0.06 0.16 0.04 0.06
437   4   2  12  10   0   1 0 0 0 0 0.28 0.32 0.40 0.18
438   2   1   1   0   1   2 1 0 0 0 0.06 0.18 0.04 0.06
439   3   2   7   4   0   2 0 0 0 0 0.32 0.38 0.40 0.22
440   1   2  13  -3   0   2 0 0 0 0 0.32 0.38 0.40 0.24
441   1   1  12  10   0   1 0 0 0 0 0.04 0.22 0.14 0.04
442   2   2  12  10   0   1 0 0 0 0 0.30 0.32 0.42 0.18
443   5   1  12  10   0   1 0 0 0 0 0.06 0.22 0.14 0.04
444   2   2   4   0   1   1 0 0 1 1 0.30 0.34 0.42 0.20
445   4   2   4   7   0   1 0 0 0 0 0.32 0.34 0.38 0.16
446   2   1  16   0   1   1 0 1 0 0 0.06 0.24 0.16 0.06
447   3   2  10   0   1   1 0 1 1 0 0.32 0.36 0.38 0.16
448   4   1   3   4   0   2 0 0 0 0 0.02 0.18 0.06 0.08
449   1   1   1   0   1   2 0 1 0 0 0.02 0.20 0.06 0.08
450   5   1  14   0   1   1 0 1 1 0 0.08 0.20 0.16 0.06
451   3   1  16   6   0   1 0 0 0 0 0.08 0.16 0.12 0.08
452   3   2   9   0   1   2 0 1 1 0 0.34 0.40 0.42 0.24
453   4   1  15   1   1   2 0 1 0 0 0.04 0.16 0.08 0.10
454   1   2  13   0   1   2 1 1 0 1 0.34 0.36 0.38 0.26
455   2   2   1   0   1   2 1 1 0 0 0.30 0.32 0.38 0.22
456   4   2  10   0   1   1 1 0 0 0 0.34 0.32 0.34 0.18
457   5   1   6  -4   0   1 0 0 0 0 0.10 0.16 0.12 0.08
458   1   2   5   0   1   2 1 1 0 0 0.26 0.28 0.40 0.22
459   1   2  15   2   0   2 0 0 0 0 0.22 0.24 0.40 0.24
460   4   1   8   5   0   1 0 0 0 0 0.10 0.18 0.14 0.10
461   4   2  13  -3   0   2 0 0 0 0 0.22 0.24 0.42 0.24
462   3   1   8   4   0   1 0 0 0 0 0.12 0.18 0.14 0.10
463   4   1   2  -9   0   1 0 0 0 0 0.12 0.20 0.16 0.12
464   2   2   3   0   1   2 1 1 0 0 0.24 0.26 0.42 0.26
465   4   2   1  -4   0   2 0 0 0 0 0.20 0.22 0.44 0.26
466   4   1   3   4   0   2 0 0 0 0 0.04 0.12 0.08 0.10
467   2   2  11   6   0   2 0 0 0 0 0.20 0.22 0.44 0.28
468   1   2   8   7   0   1 0 0 0 0 0.30 0.32 0.34 0.18
469   4   1  13  -3   0   2 0 0 0 0 0.06 0.12 0.10 0.12
470   1   2   6  -6   0   1 0 0 0 0 0.30 0.34 0.36 0.20
471   1   1  15   3   0   2 0 0 0 0 0.06 0.14 0.10 0.12
472   3   1   7   5   0   2 0 0 0 0 0.08 0.14 0.12 0.14
473   3   2   9  -4   0   2 0 0 0 0 0.22 0.24 0.46 0.28
474   5   1  13  -2   0   2 0 0 0 0 0.08 0.16 0.12 0.14
475   5   2  16   4   0   1 0 0 0 0 0.32 0.34 0.36 0.20
476   3   2   3   3   0   2 0 0 0 0 0.22 0.24 0.46 0.30
477   2   1   2  -7   0   1 0 0 0 0 0.14 0.20 0.16 0.12
478   3   1   6   0   1   1 1 1 0 0 0.14 0.22 0.18 0.14
479   1   2  11   0   1   2 1 0 1 0 0.24 0.26 0.48 0.30
480   4   1  14  -3   0   1 0 0 0 0 0.10 0.18 0.18 0.14
