  1   1   1   1   0   1   2 1 1 1 1 0.90 0.90 0.90 0.90
  2   3   1  11   0   1   2 0 1 0 1 0.86 0.86 0.86 0.86
  3   4   1  13   0   1   2 1 1 1 1 0.86 0.82 0.86 0.82
  4   2   2  10  -6   0   1 0 0 0 0 1.00 1.00 1.00 1.00
  5   2   1   6   0   1   1 0 0 1 0 0.80 0.80 0.80 0.80
  6   2   2  15   0   1   2 1 1 0 1 0.90 0.90 0.90 0.90
  7   3   2  16   5   0   1 0 0 0 0 1.00 1.00 1.00 1.00
  8   1   2  15   3   0   2 0 0 0 0 0.86 0.86 0.90 0.86
  9   3   2  14  -5   0   1 0 0 0 0 1.00 1.00 1.00 1.00
 10   4   1   3   4   0   2 0 0 0 0 0.82 0.78 0.82 0.78
 11   2   2   5  -3   0   2 0 0 0 0 0.86 0.86 0.92 0.86
 12   4   1  12   0   1   1 1 0 1 0 0.80 0.80 0.76 0.80
 13   2   1  10   0   1   1 1 1 0 1 0.76 0.82 0.72 0.82
 14   1   1  14   0   1   1 1 1 1 1 0.72 0.78 0.72 0.78
 15   2   2  15   5   0   2 0 0 0 0 0.88 0.88 0.92 0.88
 16   5   1   9  -2   0   2 0 0 0 0 0.82 0.78 0.82 0.78
 17   4   2  11   4   0   2 0 0 0 0 0.88 0.88 0.94 0.88
 18   1   1   7   7   0   2 0 0 0 0 0.84 0.80 0.84 0.80
 19   5   1  10  -6   0   1 0 0 0 0 0.68 0.74 0.68 0.74
 20   2   2  13   0   1   2 0 1 0 0 0.90 0.90 0.94 0.90
 21   5   2  16   6   0   1 0 0 0 0 1.00 1.00 1.00 1.00
 22   2   1  10   0   1   1 1 1 1 1 0.68 0.74 0.68 0.74
 23   4   1  15   0   1   2 0 1 0 1 0.84 0.80 0.84 0.80
 24   2   1  14  -5   0   1 0 0 0 0 0.64 0.70 0.64 0.70
 25   4   1  15   0   1   2 1 1 0 0 0.86 0.76 0.86 0.76
 26   5   2   6  -8   0   1 0 0 0 0 1.00 1.00 1.00 1.00
 27   1   2  10   0   1   1 1 1 1 1 1.00 1.00 1.00 1.00
 28   1   2   4   8   0   1 0 0 0 0 0.96 0.96 0.96 0.96
 29   2   1  16   0   1   1 1 1 0 0 0.64 0.70 0.64 0.70
 30   3   1  14   0   1   1 1 1 0 0 0.60 0.66 0.66 0.72
 31   3   2  16   0   1   1 0 1 0 0 0.96 0.96 0.96 0.96
 32   2   2  13  -3   0   2 0 0 0 0 0.90 0.86 0.96 0.90
 33   2   1   6   0   0   1 0 0 0 0 0.56 0.62 0.66 0.72
 34   2   2  16   0   1   1 0 0 0 0 0.98 0.92 0.98 0.98
 35   4   1  10   0   1   1 0 1 0 0 0.56 0.62 0.68 0.74
 36   1   1  13   0   1   2 1 1 1 0 0.82 0.72 0.86 0.76
 37   3   2   4   8   0   1 0 0 0 0 0.98 0.92 0.98 0.98
 38   2   2   6   0   1   1 1 1 1 1 1.00 0.94 1.00 1.00
 39   5   2   9  -3   0   2 0 0 0 0 0.92 0.86 0.96 0.92
 40   3   1   7   0   1   2 1 1 0 0 0.78 0.68 0.82 0.78
 41   5   1  13  -5   0   2 0 0 0 0 0.74 0.64 0.82 0.78
 42   4   2   3   4   0   2 0 0 0 0 0.92 0.88 0.98 0.92
 43   2   1  13  -3   0   2 0 0 0 0 0.74 0.64 0.84 0.80
 44   3   1   5   0   1   2 1 1 1 1 0.76 0.66 0.84 0.80
 45   1   2  13  -3   0   2 0 0 0 0 0.94 0.88 0.98 0.94
 46   3   2  16   6   0   1 0 0 0 0 0.96 0.90 0.96 0.96
 47   1   2   1  -6   0   2 0 0 0 0 0.94 0.90 1.00 0.94
 48   3   2   8   9   0   1 0 0 0 0 0.96 0.90 0.96 0.96
 49   4   2   4   0   1   1 0 1 0 0 0.98 0.92 0.98 0.98
 50   5   1  11   5   0   2 0 0 0 0 0.72 0.62 0.80 0.76
 51   1   2   2   0   1   1 0 1 0 0 0.98 0.88 0.98 0.98
 52   4   2   7   0   1   2 1 0 0 0 0.96 0.90 1.00 0.96
 53   5   2   9  -4   0   2 0 0 0 0 0.92 0.92 1.00 0.96
 54   3   1  14   0   1   1 1 1 1 1 0.58 0.58 0.68 0.74
 55   5   1   4   0   1   1 0 1 0 1 0.54 0.54 0.64 0.70
 56   2   1  14   0   1   1 1 1 1 1 0.54 0.50 0.64 0.66
 57   4   1  10  -4   0   1 0 0 0 0 0.50 0.46 0.60 0.62
 58   2   2   7   0   1   2 0 1 0 0 0.92 0.92 1.00 0.98
 59   5   2  15   3   0   2 0 0 0 0 0.94 0.88 1.00 0.98
 60   5   1   3   5   0   2 0 0 0 0 0.72 0.62 0.80 0.76
 61   4   2   4   9   0   1 0 0 0 0 1.00 0.84 1.00 1.00
 62   5   1   8   8   0   1 0 0 0 0 0.50 0.46 0.60 0.62
 63   3   2   6   0   1   1 0 1 0 0 1.00 0.84 1.00 1.00
 64   2   2   3   4   0   2 0 0 0 0 0.94 0.88 1.00 1.00
 65   4   2  10  -5   0   1 0 0 0 0 1.00 0.80 1.00 1.00
 66   4   1   2  -8   0   1 0 0 0 0 0.52 0.48 0.62 0.64
 67   2   1  11   0   1   2 1 1 1 1 0.74 0.64 0.82 0.78
 68   2   1  15   0   1   2 1 1 1 0 0.70 0.60 0.78 0.74
 69   2   2  12   0   1   1 0 1 0 0 1.00 0.80 1.00 1.00
 70   5   1   5  -8   0   2 0 0 0 0 0.66 0.56 0.74 0.74
 71   3   1  10   0   1   1 1 1 0 0 0.52 0.48 0.62 0.64
 72   3   2  14  -4   0   1 0 0 0 0 1.00 0.76 1.00 1.00
 73   1   1  11   0   1   2 1 1 1 1 0.66 0.56 0.74 0.76
 74   3   1  16   0   1   1 1 1 0 0 0.48 0.44 0.64 0.66
 75   1   1   5   0   1   2 1 1 1 1 0.62 0.52 0.70 0.72
 76   2   2  11   0   1   2 1 1 0 0 0.96 0.90 1.00 1.00
 77   1   2   2   0   1   1 1 1 1 1 1.00 0.76 1.00 1.00
 78   1   2  14  -4   0   1 0 0 0 0 0.96 0.72 0.96 0.96
 79   2   1   7   6   0   2 0 0 0 0 0.58 0.48 0.66 0.68
 80   4   1   1   0   1   2 1 1 1 0 0.58 0.48 0.66 0.68
 81   4   2   1   0   1   2 0 1 0 0 0.92 0.86 1.00 1.00
 82   3   2  11   0   1   2 1 1 0 0 0.92 0.82 1.00 1.00
 83   5   1   1  -3   0   2 0 0 0 0 0.54 0.44 0.62 0.70
 84   5   1  15   3   0   2 0 0 0 0 0.54 0.44 0.62 0.70
 85   4   1   9   0   1   2 1 1 1 1 0.56 0.46 0.64 0.72
 86   1   1   8   0   1   1 1 1 0 0 0.44 0.40 0.64 0.66
 87   4   2  14  -5   0   1 0 0 0 0 0.96 0.72 0.96 0.96
 88   3   1   8   0   1   1 0 1 0 0 0.40 0.36 0.66 0.68
 89   2   1  16   6   0   1 0 0 0 0 0.40 0.32 0.66 0.68
 90   1   2   5   0   1   2 1 1 1 1 0.88 0.78 1.00 1.00
 91   2   1   2   0   1   1 1 1 1 0 0.42 0.32 0.68 0.70
 92   4   2   3   4   0   2 0 0 0 0 0.84 0.74 0.96 0.96
 93   5   2   6  -8   0   1 0 0 0 0 0.98 0.74 0.98 0.98
 94   1   1   6   0   1   1 1 1 1 1 0.38 0.28 0.64 0.70
 95   5   2  10  -5   0   1 0 0 0 0 0.98 0.74 0.98 0.98
 96   2   1   3   0   1   2 1 0 1 1 0.52 0.42 0.60 0.68
 97   1   1  11   0   1   2 1 1 1 1 0.48 0.42 0.56 0.64
 98   5   2   3   5   0   2 0 0 0 0 0.84 0.74 0.96 0.96
 99   1   1   1   0   1   2 1 1 1 1 0.44 0.38 0.52 0.60
100   3   2  12   0   1   1 1 0 1 1 1.00 0.76 1.00 1.00
101   3   2   3   0   1   2 1 1 0 0 0.86 0.76 0.98 0.98
102   5   1  15   4   0   2 0 0 0 0 0.40 0.34 0.48 0.56
103   1   1  13   0   1   2 1 1 1 1 0.40 0.34 0.48 0.56
104   4   2   9  -3   0   2 0 0 0 0 0.82 0.72 0.98 0.98
105   1   1   4   9   0   1 0 0 0 0 0.34 0.24 0.60 0.66
106   1   2   5   0   1   2 1 1 1 1 0.82 0.72 1.00 1.00
107   1   2  13   0   1   2 0 1 1 1 0.78 0.68 0.96 0.96
108   2   1   6   0   1   1 1 1 1 0 0.34 0.24 0.60 0.66
109   2   1  15   4   0   2 0 0 0 0 0.36 0.30 0.44 0.52
110   5   2  15   4   0   2 0 0 0 0 0.78 0.64 0.92 0.92
111   1   1   3   0   1   2 1 1 1 1 0.36 0.30 0.44 0.52
112   1   1   2   0   1   1 1 0 1 1 0.30 0.20 0.56 0.68
113   2   2   8   9   0   1 0 0 0 0 0.96 0.76 0.96 0.96
114   2   2  12   0   1   1 0 1 1 0 0.96 0.78 0.96 0.96
115   2   2  10  -7   0   1 0 0 0 0 0.98 0.74 0.92 0.98
116   4   1  10  -4   0   1 0 0 0 0 0.26 0.20 0.52 0.64
117   1   2   3   0   1   2 1 1 1 0 0.80 0.64 0.92 0.92
118   3   2   8   0   1   1 0 1 0 0 0.98 0.74 0.92 0.98
119   4   1   2   0   1   1 0 0 0 1 0.26 0.22 0.52 0.64
120   1   1  12   0   1   1 0 0 1 1 0.28 0.22 0.54 0.60
121   1   2  11   0   1   2 0 1 0 1 0.76 0.60 0.88 0.94
122   4   1   8   9   0   1 0 0 0 0 0.28 0.24 0.50 0.56
123   2   2   2   0   1   1 0 1 1 0 1.00 0.70 0.94 1.00
124   5   2   1  -4   0   2 0 0 0 0 0.76 0.56 0.88 0.90
125   1   2  11   0   1   2 1 0 0 0 0.78 0.56 0.90 0.90
126   1   2  16   0   1   1 1 1 1 1 1.00 0.66 0.90 1.00
127   3   1  15   3   0   2 0 0 0 0 0.32 0.26 0.40 0.48
128   1   2   7   4   0   2 0 0 0 0 0.74 0.58 0.90 0.92
129   4   2   6  -9   0   1 0 0 0 0 0.96 0.62 0.86 0.96
130   4   2   1  -5   0   2 0 0 0 0 0.74 0.58 0.92 0.92
131   2   1   2   0   1   1 0 0 1 1 0.30 0.24 0.50 0.56
132   4   2  16   0   1   1 1 0 0 0 0.96 0.62 0.86 0.96
133   3   1   6 -10   0   1 0 0 0 0 0.30 0.26 0.46 0.52
134   5   2   9  -3   0   2 0 0 0 0 0.76 0.60 0.92 0.94
135   2   1   4   0   1   1 1 0 1 1 0.32 0.26 0.46 0.52
136   3   2  15   0   1   2 1 0 1 1 0.76 0.60 0.94 0.94
137   2   2   1   0   1   2 0 0 1 1 0.72 0.62 0.90 0.90
138   5   1   5  -5   0   2 0 0 0 0 0.32 0.26 0.40 0.48
139   1   2  14  -6   0   1 0 0 0 0 0.92 0.64 0.88 0.98
140   4   1   4   0   1   1 0 1 1 1 0.28 0.28 0.42 0.48
141   3   2  15   0   1   2 1 0 0 0 0.72 0.62 0.86 0.86
142   5   2   4   9   0   1 0 0 0 0 0.92 0.64 0.88 0.98
143   3   1  14   0   1   1 0 0 1 1 0.28 0.24 0.38 0.44
144   1   1  14   0   1   1 1 1 1 1 0.30 0.24 0.34 0.40
145   1   1  13   0   1   2 1 1 1 1 0.34 0.28 0.42 0.50
146   2   2  13   0   1   2 0 1 1 1 0.68 0.64 0.86 0.86
147   1   1  15   0   1   2 0 0 1 1 0.30 0.24 0.38 0.46
148   3   2   4   9   0   1 0 0 0 0 0.94 0.66 0.90 1.00
149   3   1  13  -4   0   2 0 0 0 0 0.30 0.24 0.34 0.42
150   1   2   1   0   1   2 1 1 1 1 0.68 0.60 0.82 0.82
151   4   1   6  -7   0   1 0 0 0 0 0.26 0.20 0.30 0.36
152   2   2   7   5   0   2 0 0 0 0 0.64 0.56 0.78 0.78
153   4   2   2  -7   0   1 0 0 0 0 0.94 0.66 0.90 1.00
154   1   2  10   0   1   1 0 1 1 0 0.96 0.68 0.92 1.00
155   3   2   1  -2   0   2 0 0 0 0 0.64 0.56 0.78 0.78
156   4   1   3   3   0   2 0 0 0 0 0.32 0.26 0.34 0.42
157   4   2   1  -4   0   2 0 0 0 0 0.66 0.58 0.80 0.80
158   2   1   8   9   0   1 0 0 0 0 0.26 0.20 0.30 0.36
159   5   1  16   7   0   1 0 0 0 0 0.28 0.22 0.32 0.38
160   4   2  16   6   0   1 0 0 0 0 0.96 0.64 0.88 1.00
161   3   2  10   0   1   1 0 0 0 1 0.98 0.64 0.88 1.00
162   5   1   6  -8   0   1 0 0 0 0 0.28 0.22 0.32 0.38
163   5   1  13  -2   0   2 0 0 0 0 0.32 0.26 0.36 0.44
164   3   1   9  -1   0   2 0 0 0 0 0.34 0.28 0.36 0.44
165   4   2  10  -6   0   1 0 0 0 0 0.98 0.66 0.90 0.96
166   3   1  13  -1   0   2 0 0 0 0 0.34 0.28 0.38 0.46
167   5   1  11   8   0   2 0 0 0 0 0.36 0.30 0.38 0.46
168   2   1  11   8   0   2 0 0 0 0 0.36 0.30 0.40 0.48
169   5   1   1  -2   0   2 0 0 0 0 0.38 0.32 0.40 0.48
170   5   2  11   8   0   2 0 0 0 0 0.66 0.58 0.80 0.80
171   4   2   9  -4   0   2 0 0 0 0 0.68 0.60 0.82 0.82
172   4   1   7   6   0   2 0 0 0 0 0.38 0.32 0.42 0.50
173   1   2   7   0   1   2 1 1 1 1 0.68 0.60 0.82 0.82
174   2   2   1   0   1   2 1 1 1 0 0.64 0.56 0.78 0.78
175   2   1   8   8   0   1 0 0 0 0 0.30 0.24 0.34 0.40
176   4   2   2  -9   0   1 0 0 0 0 1.00 0.66 0.90 0.96
177   3   1  15   0   1   2 0 0 1 1 0.40 0.34 0.42 0.50
178   2   1   9   0   1   2 1 1 0 0 0.40 0.34 0.38 0.46
179   5   1   2  -8   0   1 0 0 0 0 0.30 0.24 0.34 0.40
180   3   1  16   6   0   1 0 0 0 0 0.32 0.26 0.36 0.42
181   4   2   5  -4   0   2 0 0 0 0 0.60 0.52 0.74 0.78
182   4   2  15   0   1   2 0 1 0 0 0.60 0.52 0.74 0.80
183   3   1  12  10   0   1 0 0 0 0 0.32 0.26 0.36 0.42
184   4   2  14   0   1   1 1 1 0 0 1.00 0.68 0.92 0.98
185   4   2  12   9   0   1 0 0 0 0 0.96 0.64 0.92 0.98
186   1   2   3   0   1   2 1 0 1 1 0.62 0.48 0.76 0.80
187   3   2  12   9   0   1 0 0 0 0 0.96 0.64 0.94 1.00
188   4   2  15   4   0   2 0 0 0 0 0.58 0.48 0.72 0.76
189   5   1  13  -5   0   2 0 0 0 0 0.36 0.30 0.38 0.46
190   5   1   8   4   0   1 0 0 0 0 0.34 0.28 0.38 0.44
191   3   1   5  -4   0   2 0 0 0 0 0.36 0.30 0.40 0.48
192   1   2   9   0   1   2 1 0 1 1 0.58 0.50 0.72 0.76
193   4   2   7   4   0   2 0 0 0 0 0.54 0.50 0.68 0.72
194   3   2   7   0   1   2 1 1 0 0 0.54 0.52 0.68 0.72
195   1   2  13   0   1   2 1 1 0 0 0.50 0.48 0.70 0.74
196   3   2  13   0   1   2 0 0 1 0 0.46 0.44 0.70 0.74
197   1   1  14   0   1   1 0 1 1 1 0.34 0.28 0.38 0.44
198   1   2   8   0   1   1 1 1 0 0 0.98 0.66 0.94 1.00
199   2   1   5   0   1   2 0 1 1 1 0.38 0.32 0.40 0.48
200   3   2  13   0   1   2 1 0 0 1 0.46 0.44 0.66 0.76
201   3   1   4   7   0   1 0 0 0 0 0.36 0.24 0.34 0.40
202   4   2  13  -2   0   2 0 0 0 0 0.42 0.46 0.66 0.72
203   4   1  11   6   0   2 0 0 0 0 0.38 0.28 0.36 0.44
204   5   2  12   9   0   1 0 0 0 0 0.94 0.62 0.96 1.00
205   1   1   5   0   1   2 1 1 0 0 0.40 0.28 0.36 0.44
206   2   2   4   0   1   1 1 0 1 1 0.94 0.62 0.96 1.00
207   3   1   1   0   1   2 1 1 0 0 0.36 0.24 0.38 0.46
208   1   1  16   0   1   1 1 1 1 1 0.36 0.24 0.34 0.40
209   4   2   5   0   1   2 1 1 0 0 0.42 0.46 0.68 0.72
210   3   1  13   0   1   2 0 0 1 1 0.32 0.20 0.38 0.46
211   3   2   7   3   0   2 0 0 0 0 0.38 0.42 0.68 0.74
212   1   1  16   6   0   1 0 0 0 0 0.32 0.20 0.30 0.36
213   3   1   4   0   1   1 1 0 0 1 0.32 0.20 0.30 0.36
214   1   2   1   0   1   2 0 1 0 0 0.38 0.42 0.70 0.74
215   4   2  12   0   1   1 0 0 0 1 0.90 0.64 0.92 0.96
216   5   1   7   5   0   2 0 0 0 0 0.32 0.20 0.34 0.42
217   3   1  15   0   1   2 0 1 0 0 0.34 0.22 0.34 0.42
218   4   1  13  -3   0   2 0 0 0 0 0.34 0.18 0.36 0.44
219   4   2   3   2   0   2 0 0 0 0 0.40 0.38 0.70 0.76
220   2   2   2  -7   0   1 0 0 0 0 0.90 0.64 0.92 0.92
221   1   1   4   6   0   1 0 0 0 0 0.28 0.22 0.32 0.32
222   3   1   9  -2   0   2 0 0 0 0 0.36 0.18 0.36 0.44
223   5   2   5  -3   0   2 0 0 0 0 0.40 0.38 0.72 0.76
224   5   1  14  -2   0   1 0 0 0 0 0.28 0.22 0.32 0.32
225   4   2   4   5   0   1 0 0 0 0 0.92 0.66 0.94 0.92
226   1   2   9  -3   0   2 0 0 0 0 0.42 0.40 0.72 0.78
227   3   2   7   6   0   2 0 0 0 0 0.42 0.40 0.74 0.78
228   3   2  10   0   1   1 1 0 0 0 0.92 0.66 0.94 0.94
229   2   1   7   0   1   2 1 0 0 1 0.36 0.20 0.38 0.46
230   2   1   1   0   1   2 1 0 1 0 0.32 0.20 0.38 0.42
231   1   2   8   0   1   1 1 1 1 1 0.88 0.68 0.96 0.94
232   3   1  11   0   1   2 1 0 0 1 0.28 0.22 0.34 0.42
233   2   2   1   0   1   2 0 1 0 0 0.44 0.42 0.74 0.80
234   3   2   1   0   1   2 1 0 0 0 0.44 0.38 0.76 0.80
235   2   2   6   0   1   1 1 0 1 1 0.84 0.64 0.92 0.90
236   2   1   5   0   1   2 0 0 1 1 0.24 0.22 0.34 0.38
237   5   1   8   8   0   1 0 0 0 0 0.30 0.24 0.34 0.34
238   1   2  10   0   1   1 1 0 0 0 0.80 0.64 0.88 0.86
239   3   2   5   0   1   2 1 1 0 0 0.40 0.38 0.76 0.82
240   2   2  12   0   1   1 1 1 1 1 0.76 0.66 0.88 0.86
241   1   1  16   0   1   1 1 1 1 1 0.30 0.24 0.34 0.34
242   5   1   7   3   0   2 0 0 0 0 0.24 0.24 0.30 0.34
243   4   2   8   6   0   1 0 0 0 0 0.72 0.62 0.84 0.82
244   1   2   6   0   1   1 1 1 0 0 0.72 0.62 0.84 0.82
245   2   2  16   0   1   1 1 1 1 0 0.68 0.58 0.86 0.84
246   5   1   4   9   0   1 0 0 0 0 0.26 0.20 0.30 0.30
247   4   1  11   0   1   2 0 1 0 0 0.26 0.24 0.30 0.34
248   2   2   5   0   1   2 1 1 0 0 0.36 0.34 0.78 0.82
249   4   1   5  -6   0   2 0 0 0 0 0.26 0.20 0.32 0.36
250   3   1   8   9   0   1 0 0 0 0 0.26 0.20 0.30 0.30
251   4   1   7   5   0   2 0 0 0 0 0.28 0.20 0.32 0.36
252   4   2  15   3   0   2 0 0 0 0 0.32 0.30 0.78 0.84
253   3   2   5  -4   0   2 0 0 0 0 0.32 0.30 0.80 0.84
254   2   1  16   0   1   1 0 1 1 1 0.28 0.22 0.32 0.32
255   5   1  10  -6   0   1 0 0 0 0 0.28 0.18 0.28 0.28
256   5   2   8   6   0   1 0 0 0 0 0.64 0.54 0.82 0.84
257   3   2   8   6   0   1 0 0 0 0 0.64 0.54 0.82 0.86
258   5   2  14  -6   0   1 0 0 0 0 0.66 0.56 0.84 0.86
259   5   2   2  -9   0   1 0 0 0 0 0.66 0.56 0.84 0.88
260   5   1   2  -8   0   1 0 0 0 0 0.30 0.18 0.28 0.28
261   2   2   4   0   1   1 0 1 0 1 0.68 0.58 0.86 0.88
262   2   2   9  -2   0   2 0 0 0 0 0.34 0.32 0.80 0.86
263   5   1  16   7   0   1 0 0 0 0 0.30 0.20 0.30 0.30
264   5   2   3   4   0   2 0 0 0 0 0.34 0.32 0.82 0.86
265   5   1  14  -4   0   1 0 0 0 0 0.32 0.20 0.30 0.30
266   3   2  11   0   1   2 0 1 0 0 0.36 0.34 0.82 0.88
267   4   2   2   0   1   1 1 0 0 1 0.68 0.54 0.86 0.84
268   3   1   2   0   1   1 1 1 1 0 0.32 0.22 0.32 0.32
269   5   2   7   5   0   2 0 0 0 0 0.36 0.30 0.84 0.88
270   4   2  12   9   0   1 0 0 0 0 0.64 0.54 0.88 0.80
271   4   1  14  -5   0   1 0 0 0 0 0.28 0.18 0.28 0.32
272   3   1   6  -8   0   1 0 0 0 0 0.28 0.18 0.28 0.34
273   2   1  12   0   1   1 1 0 1 1 0.30 0.20 0.30 0.34
274   5   2   4   6   0   1 0 0 0 0 0.64 0.56 0.88 0.80
275   3   1  12  10   0   1 0 0 0 0 0.26 0.20 0.26 0.30
276   4   2  11   4   0   2 0 0 0 0 0.38 0.30 0.84 0.90
277   4   2  13  -4   0   2 0 0 0 0 0.38 0.32 0.86 0.90
278   4   1  16   6   0   1 0 0 0 0 0.26 0.22 0.26 0.30
279   3   2  10  -6   0   1 0 0 0 0 0.66 0.56 0.90 0.82
280   4   1   4   7   0   1 0 0 0 0 0.28 0.22 0.28 0.32
281   2   1   7   0   1   2 1 0 1 1 0.28 0.22 0.34 0.38
282   3   2  11   4   0   2 0 0 0 0 0.40 0.32 0.86 0.92
283   1   1   9  -3   0   2 0 0 0 0 0.24 0.22 0.30 0.34
284   4   2   6  -9   0   1 0 0 0 0 0.66 0.58 0.90 0.82
285   5   1  11   4   0   2 0 0 0 0 0.24 0.24 0.30 0.34
286   5   1  10  -5   0   1 0 0 0 0 0.28 0.24 0.28 0.32
287   5   1   9  -4   0   2 0 0 0 0 0.26 0.24 0.32 0.36
288   1   2   7   0   1   2 0 1 0 0 0.40 0.34 0.88 0.92
289   5   2  10  -4   0   1 0 0 0 0 0.68 0.58 0.92 0.84
290   4   1  16   6   0   1 0 0 0 0 0.30 0.24 0.30 0.34
291   3   1   9   0   1   2 1 0 1 0 0.26 0.26 0.32 0.36
292   1   2   4   0   1   1 1 1 1 1 0.68 0.60 0.92 0.84
293   4   1   6 -10   0   1 0 0 0 0 0.30 0.26 0.30 0.34
294   1   2  16   5   0   1 0 0 0 0 0.64 0.56 0.88 0.80
295   2   1   3   5   0   2 0 0 0 0 0.22 0.26 0.28 0.38
296   4   1   8   5   0   1 0 0 0 0 0.32 0.26 0.32 0.36
297   3   1   7   0   1   2 0 1 0 0 0.22 0.28 0.28 0.38
298   1   2   9   0   1   2 1 1 0 0 0.42 0.30 0.88 0.94
299   1   1   3   0   1   2 1 1 1 0 0.24 0.24 0.30 0.40
300   1   2  15   0   1   2 1 1 0 1 0.38 0.26 0.90 0.94
301   2   2   4   0   1   1 1 0 1 1 0.64 0.56 0.88 0.80
302   3   1   2   0   1   1 0 1 0 0 0.32 0.28 0.32 0.36
303   3   1   3   3   0   2 0 0 0 0 0.20 0.20 0.26 0.40
304   5   2   6  -9   0   1 0 0 0 0 0.60 0.58 0.84 0.76
305   4   2  16   0   1   1 0 0 1 0 0.60 0.58 0.84 0.76
306   1   1   2   0   1   1 0 1 1 1 0.34 0.24 0.34 0.38
307   2   2  14   0   1   1 1 0 0 0 0.62 0.60 0.80 0.78
308   1   1   7   0   1   2 0 0 1 1 0.20 0.20 0.26 0.42
309   5   1   7   5   0   2 0 0 0 0 0.22 0.22 0.22 0.38
310   3   2   1   0   1   2 0 1 1 1 0.34 0.22 0.90 0.90
311   2   2  16   5   0   1 0 0 0 0 0.58 0.60 0.80 0.78
312   3   2   9  -3   0   2 0 0 0 0 0.34 0.18 0.86 0.86
313   2   2  11   6   0   2 0 0 0 0 0.36 0.18 0.86 0.86
314   5   2  15   3   0   2 0 0 0 0 0.36 0.20 0.88 0.88
315   5   2   8   7   0   1 0 0 0 0 0.58 0.62 0.82 0.80
316   4   1   1   0   1   2 0 0 0 1 0.22 0.22 0.22 0.38
317   1   1   9   0   1   2 0 1 1 1 0.24 0.24 0.24 0.34
318   2   1  12   9   0   1 0 0 0 0 0.34 0.20 0.30 0.34
319   4   2  11   5   0   2 0 0 0 0 0.38 0.20 0.88 0.88
320   5   2  16   6   0   1 0 0 0 0 0.60 0.62 0.82 0.80
321   3   1  12   0   1   1 0 0 1 1 0.36 0.20 0.30 0.34
322   3   1  10  -6   0   1 0 0 0 0 0.36 0.22 0.26 0.30
323   3   2  13  -4   0   2 0 0 0 0 0.38 0.22 0.90 0.90
324   3   2   9   0   1   2 0 0 1 0 0.40 0.22 0.90 0.90
325   1   2   6   0   1   1 1 1 0 0 0.60 0.64 0.84 0.82
326   3   2  12   8   0   1 0 0 0 0 0.56 0.60 0.84 0.82
327   1   2  12   0   1   1 1 1 0 1 0.56 0.60 0.86 0.84
328   4   2   5  -5   0   2 0 0 0 0 0.40 0.24 0.86 0.92
329   5   2   8   6   0   1 0 0 0 0 0.52 0.56 0.86 0.80
330   1   1   4   0   1   1 1 0 0 0 0.38 0.22 0.26 0.30
331   1   1   3   0   1   2 0 1 1 0 0.24 0.20 0.20 0.30
332   5   2   1  -3   0   2 0 0 0 0 0.42 0.24 0.86 0.92
333   2   2   5  -6   0   2 0 0 0 0 0.42 0.26 0.88 0.94
334   2   1   8   7   0   1 0 0 0 0 0.34 0.24 0.28 0.32
335   1   2   3   0   1   2 0 0 1 1 0.44 0.26 0.88 0.94
336   3   1   5  -3   0   2 0 0 0 0 0.26 0.16 0.16 0.30
337   1   1   5   0   1   2 1 0 1 1 0.26 0.16 0.16 0.32
338   1   1   8   0   1   1 1 1 1 1 0.34 0.24 0.28 0.32
339   2   2  14   0   1   1 1 1 0 0 0.52 0.56 0.88 0.80
340   1   1  12  10   0   1 0 0 0 0 0.30 0.20 0.24 0.28
341   4   1   9  -5   0   2 0 0 0 0 0.22 0.18 0.12 0.28
342   1   2   4   0   1   1 0 1 0 0 0.48 0.52 0.88 0.82
343   2   1  11   0   1   2 1 1 0 1 0.22 0.18 0.12 0.28
344   1   1  10   0   1   1 1 1 1 1 0.30 0.20 0.24 0.28
345   3   2   3   3   0   2 0 0 0 0 0.44 0.28 0.84 0.90
346   4   2   8   0   1   1 0 1 0 0 0.48 0.48 0.90 0.82
347   3   1   7   4   0   2 0 0 0 0 0.18 0.14 0.14 0.24
348   4   1  15   2   0   2 0 0 0 0 0.18 0.14 0.14 0.24
349   2   1  12  10   0   1 0 0 0 0 0.26 0.16 0.20 0.24
350   1   1   7   7   0   2 0 0 0 0 0.20 0.16 0.16 0.26
351   4   2  13  -3   0   2 0 0 0 0 0.46 0.28 0.84 0.90
352   3   2  14  -6   0   1 0 0 0 0 0.50 0.44 0.90 0.84
353   4   1  12   9   0   1 0 0 0 0 0.26 0.16 0.20 0.24
354   4   2  14  -3   0   1 0 0 0 0 0.50 0.44 0.92 0.84
355   5   2  14  -3   0   1 0 0 0 0 0.52 0.46 0.92 0.86
356   1   2   6   0   1   1 1 0 0 0 0.52 0.46 0.94 0.86
357   2   1   1  -4   0   2 0 0 0 0 0.20 0.16 0.16 0.26
358   2   2   7   0   1   2 0 1 1 1 0.46 0.30 0.86 0.92
359   4   1   5  -6   0   2 0 0 0 0 0.22 0.18 0.18 0.28
360   2   2   2   0   1   1 1 1 1 0 0.48 0.48 0.94 0.88
361   3   2   9  -3   0   2 0 0 0 0 0.48 0.26 0.82 0.88
362   4   1   6  -6   0   1 0 0 0 0 0.28 0.18 0.22 0.26
363   5   2   2  -8   0   1 0 0 0 0 0.44 0.44 0.90 0.88
364   2   1   1  -2   0   2 0 0 0 0 0.22 0.18 0.18 0.28
365   3   1   8   0   1   1 0 0 0 1 0.28 0.18 0.22 0.26
366   2   2   6   0   1   1 0 0 1 1 0.44 0.44 0.90 0.90
367   4   1  12   8   0   1 0 0 0 0 0.30 0.20 0.24 0.22
368   3   2   2   0   1   1 1 0 0 0 0.46 0.46 0.86 0.86
369   5   1  12   9   0   1 0 0 0 0 0.30 0.20 0.24 0.22
370   2   2  15   4   0   2 0 0 0 0 0.48 0.26 0.82 0.88
371   3   2   5   0   1   2 0 0 1 0 0.50 0.28 0.84 0.90
372   4   1   1  -3   0   2 0 0 0 0 0.24 0.20 0.20 0.30
373   3   2  15   0   1   2 1 0 0 1 0.50 0.28 0.80 0.90
374   4   1   4   7   0   1 0 0 0 0 0.32 0.22 0.26 0.24
375   5   2  13  -3   0   2 0 0 0 0 0.46 0.30 0.80 0.86
376   5   2   5  -2   0   2 0 0 0 0 0.46 0.30 0.82 0.86
377   5   1   1  -3   0   2 0 0 0 0 0.24 0.20 0.20 0.30
378   5   2  13  -4   0   2 0 0 0 0 0.48 0.32 0.82 0.88
379   2   1   2  -7   0   1 0 0 0 0 0.32 0.22 0.26 0.24
380   5   1   6  -8   0   1 0 0 0 0 0.34 0.24 0.28 0.26
381   4   1   7   6   0   2 0 0 0 0 0.26 0.22 0.22 0.32
382   3   1  11   0   1   2 0 0 0 1 0.26 0.22 0.22 0.32
383   4   2   6  -8   0   1 0 0 0 0 0.42 0.46 0.86 0.86
384   2   1  13  -1   0   2 0 0 0 0 0.28 0.24 0.24 0.28
385   1   2  12   8   0   1 0 0 0 0 0.42 0.48 0.88 0.88
386   5   1  16   7   0   1 0 0 0 0 0.34 0.24 0.28 0.26
387   1   1   2   0   1   1 1 0 1 1 0.36 0.26 0.30 0.28
388   3   1   6   0   1   1 1 1 1 0 0.32 0.26 0.26 0.24
389   2   2  14   0   1   1 1 1 0 0 0.44 0.48 0.88 0.88
390   5   1  14  -6   0   1 0 0 0 0 0.28 0.22 0.22 0.24
391   3   1  10   0   1   1 1 1 0 1 0.28 0.22 0.22 0.26
392   1   1  15   0   1   2 1 1 1 1 0.28 0.24 0.24 0.28
393   2   2  11   0   1   2 1 1 0 0 0.48 0.32 0.84 0.88
394   2   1  15   0   1   2 1 1 1 1 0.24 0.20 0.20 0.24
395   1   2  16   0   1   1 1 1 1 1 0.40 0.44 0.90 0.90
396   2   1  14   0   1   1 1 1 1 1 0.24 0.18 0.24 0.22
397   2   1   3   3   0   2 0 0 0 0 0.20 0.16 0.16 0.20
398   3   2   2  -8   0   1 0 0 0 0 0.36 0.40 0.86 0.86
399   2   2   3   4   0   2 0 0 0 0 0.44 0.28 0.84 0.90
400   5   1   6  -8   0   1 0 0 0 0 0.20 0.14 0.20 0.18
401   4   1   2  -8   0   1 0 0 0 0 0.20 0.14 0.20 0.18
402   2   2   8   0   1   1 0 1 0 1 0.36 0.40 0.86 0.86
403   5   2  12   9   0   1 0 0 0 0 0.38 0.36 0.88 0.82
404   1   1   9   0   1   2 1 0 0 1 0.20 0.16 0.16 0.20
405   5   1   4   7   0   1 0 0 0 0 0.22 0.16 0.22 0.20
406   1   2   5  -6   0   2 0 0 0 0 0.44 0.28 0.86 0.90
407   5   1   5  -3   0   2 0 0 0 0 0.16 0.18 0.18 0.16
408   1   1  15   3   0   2 0 0 0 0 0.16 0.18 0.18 0.16
409   1   1   6  -9   0   1 0 0 0 0 0.22 0.16 0.22 0.20
410   2   1  13  -2   0   2 0 0 0 0 0.18 0.20 0.20 0.18
411   3   1   3   3   0   2 0 0 0 0 0.18 0.20 0.20 0.18
412   3   2   2   0   1   1 0 0 1 1 0.38 0.36 0.88 0.82
413   3   1  16   0   1   1 1 1 0 0 0.24 0.18 0.24 0.22
414   5   1   9   0   1   2 0 1 0 0 0.20 0.22 0.22 0.20
415   5   2  12   8   0   1 0 0 0 0 0.40 0.38 0.84 0.78
416   3   2   4   0   1   1 0 0 0 1 0.40 0.38 0.84 0.78
417   5   1   3   4   0   2 0 0 0 0 0.20 0.18 0.22 0.20
418   1   1   6   0   1   1 0 0 1 1 0.20 0.14 0.24 0.22
419   4   1  14  -5   0   1 0 0 0 0 0.20 0.14 0.20 0.18
420   2   1   9  -3   0   2 0 0 0 0 0.22 0.18 0.24 0.22
421   1   1  12   9   0   1 0 0 0 0 0.22 0.16 0.20 0.18
422   4   1   8   6   0   1 0 0 0 0 0.22 0.16 0.22 0.20
423   3   2   6   0   1   1 1 0 1 0 0.42 0.40 0.86 0.74
424   4   1   5  -5   0   2 0 0 0 0 0.22 0.20 0.24 0.22
425   5   1   2  -7   0   1 0 0 0 0 0.24 0.18 0.22 0.20
426   1   2  12   0   1   1 1 1 0 0 0.38 0.40 0.82 0.74
427   5   2   7   5   0   2 0 0 0 0 0.46 0.30 0.86 0.92
428   5   1  12   8   0   1 0 0 0 0 0.24 0.18 0.24 0.22
429   3   2   6  -9   0   1 0 0 0 0 0.34 0.36 0.82 0.76
430   5   2   4   6   0   1 0 0 0 0 0.34 0.36 0.84 0.76
431   5   2  10  -5   0   1 0 0 0 0 0.36 0.38 0.84 0.78
432   2   1   9  -3   0   2 0 0 0 0 0.24 0.20 0.26 0.24
433   2   2   8   6   0   1 0 0 0 0 0.36 0.38 0.86 0.78
434   1   2  11   0   1   2 1 0 1 1 0.46 0.30 0.88 0.92
435   1   1  10  -3   0   1 0 0 0 0 0.26 0.20 0.24 0.22
436   3   1   3   0   1   2 0 1 0 1 0.24 0.22 0.26 0.24
437   4   1   3   3   0   2 0 0 0 0 0.26 0.18 0.28 0.20
438   1   1  11   0   1   2 1 1 0 0 0.26 0.18 0.28 0.20
439   5   1  15   4   0   2 0 0 0 0 0.22 0.14 0.30 0.22
440   4   1   9  -3   0   2 0 0 0 0 0.22 0.14 0.30 0.22
441   3   1   2  -8   0   1 0 0 0 0 0.26 0.20 0.26 0.24
442   4   1  14  -4   0   1 0 0 0 0 0.28 0.22 0.26 0.24
443   2   2   9  -2   0   2 0 0 0 0 0.42 0.32 0.84 0.88
444   2   2  10  -4   0   1 0 0 0 0 0.38 0.40 0.86 0.80
445   2   2   3   0   1   2 1 1 0 1 0.42 0.32 0.84 0.88
446   3   1   4   7   0   1 0 0 0 0 0.28 0.22 0.28 0.26
447   5   2  14  -2   0   1 0 0 0 0 0.38 0.40 0.88 0.80
448   4   2   7   6   0   2 0 0 0 0 0.38 0.28 0.86 0.84
449   2   1   5   0   1   2 0 0 1 1 0.24 0.16 0.32 0.24
450   3   1   1   0   1   2 1 1 0 0 0.24 0.16 0.28 0.20
451   1   2  15   3   0   2 0 0 0 0 0.38 0.28 0.86 0.84
452   5   2   1  -3   0   2 0 0 0 0 0.40 0.30 0.88 0.86
453   3   1   1  -3   0   2 0 0 0 0 0.20 0.12 0.28 0.20
454   4   2   8   7   0   1 0 0 0 0 0.40 0.42 0.88 0.82
455   1   2   2  -9   0   1 0 0 0 0 0.40 0.42 0.90 0.82
456   3   2   3   0   1   2 0 1 0 0 0.40 0.30 0.88 0.86
457   5   2  11   5   0   2 0 0 0 0 0.42 0.26 0.90 0.88
458   5   2   5   0   1   2 1 1 0 0 0.42 0.26 0.90 0.88
459   5   1   3   4   0   2 0 0 0 0 0.20 0.12 0.30 0.22
460   4   1  16   0   1   1 1 1 0 0 0.30 0.24 0.28 0.26
461   2   1  10   0   1   1 1 1 0 0 0.26 0.20 0.30 0.28
462   4   2  10  -5   0   1 0 0 0 0 0.42 0.44 0.90 0.84
463   5   1  12   8   0   1 0 0 0 0 0.22 0.16 0.30 0.28
464   4   1  11   0   1   2 0 0 0 1 0.22 0.14 0.30 0.22
465   5   2  16   6   0   1 0 0 0 0 0.42 0.44 0.92 0.84
466   1   1   8   0   1   1 0 0 1 1 0.22 0.16 0.32 0.30
467   1   2  14  -4   0   1 0 0 0 0 0.44 0.46 0.92 0.86
468   5   2  11   5   0   2 0 0 0 0 0.38 0.22 0.92 0.90
469   2   1   4   8   0   1 0 0 0 0 0.24 0.18 0.28 0.26
470   5   2  13  -2   0   2 0 0 0 0 0.38 0.22 0.92 0.90
471   4   2   9   0   1   2 1 0 1 0 0.40 0.24 0.94 0.92
472   1   1   1   0   1   2 1 0 0 0 0.22 0.14 0.32 0.18
473   2   2   9  -4   0   2 0 0 0 0 0.36 0.24 0.90 0.92
474   2   1   4   0   1   1 0 0 1 0 0.24 0.18 0.28 0.26
475   5   2   3   6   0   2 0 0 0 0 0.36 0.26 0.90 0.94
476   4   1  13  -1   0   2 0 0 0 0 0.18 0.16 0.32 0.18
477   5   2   7   5   0   2 0 0 0 0 0.38 0.26 0.92 0.94
478   1   1  10   0   1   1 0 1 0 0 0.26 0.20 0.24 0.28
479   5   2   2   0   1   1 1 1 0 0 0.44 0.46 0.94 0.86
480   1   2   8   0   1   1 0 1 0 0 0.40 0.42 0.94 0.88
