  1   5   1   8   0   1   1 0 1 0 1 0.30 0.30 0.30 0.30 
  2   1   2  11   6   0   2 0 0 0 0 0.10 0.10 0.10 0.10
  3   3   1  16   0   1   1 0 1 0 1 0.30 0.27 0.30 0.27
  4   3   2   8   0   1   1 0 1 0 0 0.40 0.40 0.40 0.40
  5   1   2   4   0   1   1 0 1 0 1 0.40 0.37 0.40 0.40
  6   2   1  13  -4   0   2 0 0 0 0 0.10 0.10 0.10 0.10
  7   2   2  15   0   1   2 0 1 0 0 0.10 0.10 0.10 0.10
  8   5   2   3   3   0   2 0 0 0 0 0.13 0.07 0.13 0.13
  9   4   2  12   0   1   1 1 1 0 1 0.43 0.34 0.43 0.37
 10   3   2  11   4   0   2 0 0 0 0 0.13 0.07 0.13 0.13
 11   4   1  13  -4   0   2 0 0 0 0 0.10 0.10 0.10 0.10
 12   4   1  10   0   1   1 1 1 1 1 0.33 0.24 0.33 0.24
 13   5   1   8   0   1   1 0 1 0 1 0.30 0.21 0.30 0.21
 14   5   1  14   0   1   1 1 0 0 1 0.30 0.18 0.30 0.18
 15   2   1   3   0   1   2 0 1 0 1 0.13 0.13 0.13 0.13
 16   5   1   6   0   1   1 1 1 1 1 0.27 0.18 0.33 0.15
 17   2   2  11   0   1   2 0 1 0 0 0.16 0.10 0.16 0.16
 18   3   2   8   0   1   1 1 1 0 1 0.40 0.31 0.43 0.34
 19   5   2   6   0   1   1 0 1 0 1 0.37 0.28 0.46 0.31
 20   3   1   5  -4   0   2 0 0 0 0 0.13 0.10 0.13 0.10
 21   1   2   2  -8   0   1 0 0 0 0 0.37 0.25 0.46 0.28
 22   3   1  14   0   1   1 0 1 1 0 0.24 0.15 0.30 0.12
 23   1   2  13  -5   0   2 0 0 0 0 0.16 0.07 0.16 0.16
 24   1   1   9  -4   0   2 0 0 0 0 0.16 0.10 0.16 0.10
 25   4   2   6   0   1   1 0 1 1 0 0.40 0.25 0.49 0.28
 26   4   2  10  -7   0   1 0 0 0 0 0.40 0.22 0.46 0.31
 27   5   1  16   0   1   1 0 1 0 1 0.24 0.12 0.27 0.12
 28   1   1   3   0   1   2 0 1 0 0 0.16 0.13 0.16 0.13
 29   2   1  10   0   1   1 1 1 1 0 0.27 0.09 0.27 0.09
 30   5   1  13  -4   0   2 0 0 0 0 0.19 0.10 0.19 0.13
 31   1   2   8   8   0   1 0 0 0 0 0.43 0.22 0.46 0.31
 32   5   2   3   4   0   2 0 0 0 0 0.19 0.07 0.19 0.19
 33   3   1  10   0   1   1 1 0 1 0 0.24 0.06 0.24 0.09
 34   4   1   7   3   0   2 0 0 0 0 0.19 0.10 0.19 0.16
 35   3   1  12   0   1   1 1 1 1 0 0.21 0.06 0.21 0.12
 36   5   2   8   0   1   1 0 1 1 1 0.43 0.25 0.49 0.34
 37   5   2  15   0   0   2 0 0 0 0 0.19 0.10 0.19 0.19
 38   1   1  15   2   0   2 0 0 0 0 0.22 0.13 0.22 0.16
 39   1   1  13   0   1   2 0 1 1 1 0.22 0.13 0.22 0.19
 40   1   2   4   0   1   1 1 1 1 1 0.46 0.22 0.46 0.31
 41   2   1   5   0   1   2 0 1 0 0 0.25 0.10 0.19 0.16
 42   1   2   6   0   1   1 0 1 0 1 0.43 0.19 0.43 0.28
 43   2   1  12   6   0   1 0 0 0 0 0.18 0.03 0.18 0.12
 44   2   1  14  -2   0   1 0 0 0 0 0.18 0.03 0.18 0.15
 45   1   2   1  -3   0   2 0 0 0 0 0.22 0.10 0.22 0.22
 46   1   1   5  -3   0   2 0 0 0 0 0.25 0.07 0.19 0.16
 47   3   2   6  -5   0   1 0 0 0 0 0.43 0.16 0.43 0.25
 48   4   2  11   5   0   2 0 0 0 0 0.22 0.13 0.22 0.22
 49   2   2   1  -3   0   2 0 0 0 0 0.25 0.13 0.25 0.25
 50   4   1  10  -2   0   1 0 0 0 0 0.21 0.06 0.21 0.15
 51   3   1   3   0   0   2 0 0 0 0 0.28 0.07 0.22 0.19
 52   1   1   6  -4   0   1 0 0 0 0 0.21 0.06 0.21 0.18
 53   3   2  10  -6   0   1 0 0 0 0 0.46 0.16 0.46 0.25
 54   3   2   3   3   0   2 0 0 0 0 0.25 0.16 0.25 0.25
 55   4   1  16   2   0   1 0 0 0 0 0.24 0.09 0.24 0.18
 56   3   2  16   5   0   1 0 0 0 0 0.46 0.19 0.46 0.28
 57   1   2  12   7   0   1 0 0 0 0 0.49 0.19 0.49 0.28
 58   1   1   3   3   0   2 0 0 0 0 0.28 0.10 0.22 0.19
 59   3   1   1  -3   0   2 0 0 0 0 0.31 0.10 0.25 0.22
 60   5   1   9  -2   0   2 0 0 0 0 0.31 0.13 0.25 0.22
 61   4   1  10  -2   0   1 0 0 0 0 0.24 0.09 0.24 0.21
 62   4   1  13  -5   0   2 0 0 0 0 0.34 0.13 0.28 0.25
 63   3   1  13  -4   0   2 0 0 0 0 0.34 0.16 0.28 0.25
 64   2   2   3   3   0   2 0 0 0 0 0.28 0.16 0.28 0.28
 65   1   1   2   0   1   1 1 1 0 1 0.27 0.12 0.27 0.21
 66   4   1  11   3   0   2 0 0 0 0 0.37 0.16 0.31 0.28
 67   2   1   2  -7   0   1 0 0 0 0 0.24 0.09 0.27 0.18
 68   1   1  12   0   1   1 0 0 1 0 0.24 0.09 0.30 0.18
 69   5   2   4   6   0   1 0 0 0 0 0.49 0.22 0.49 0.31
 70   1   2   9   3   0   2 0 0 0 0 0.28 0.19 0.28 0.28
 71   2   1   7   0   1   2 1 1 1 1 0.37 0.19 0.31 0.28
 72   5   2   7   5   0   2 0 0 0 0 0.31 0.19 0.31 0.31
 73   3   2  13  -4   0   2 0 0 0 0 0.31 0.22 0.31 0.31
 74   1   2  14  -4   0   1 0 0 0 0 0.52 0.22 0.52 0.31
 75   2   1   8   7   0   1 0 0 0 0 0.27 0.12 0.27 0.21
 76   1   2   3   3   0   2 0 0 0 0 0.34 0.22 0.34 0.34
 77   1   2  14  -6   0   1 0 0 0 0 0.52 0.25 0.52 0.34
 78   2   1   3   3   0   2 0 0 0 0 0.34 0.16 0.28 0.25
 79   2   1  16   0   1   1 1 0 1 1 0.27 0.12 0.27 0.21
 80   5   1   7   3   0   2 0 0 0 0 0.34 0.16 0.28 0.25
 81   5   2  12   6   0   1 0 0 0 0 0.55 0.25 0.55 0.34
 82   3   2   9  -3   0   2 0 0 0 0 0.34 0.25 0.34 0.34
 83   3   1  15   0   1   2 1 1 0 1 0.37 0.19 0.31 0.28
 84   4   2   6  -4   0   1 0 0 0 0 0.55 0.28 0.55 0.37
 85   4   2  14  -6   0   1 0 0 0 0 0.58 0.28 0.58 0.37
 86   4   1  11   0   1   2 0 0 1 0 0.34 0.16 0.31 0.25
 87   5   1  15   0   1   2 1 1 0 1 0.34 0.16 0.28 0.25
 88   4   1  15   0   1   2 1 1 0 1 0.31 0.13 0.28 0.22
 89   2   1  14   0   1   1 1 1 0 1 0.24 0.15 0.24 0.18
 90   1   1  12   0   1   1 1 1 0 1 0.21 0.12 0.24 0.15
 91   4   1   4   0   1   1 1 1 0 1 0.18 0.09 0.27 0.12
 92   4   1   3   3   0   2 0 0 0 0 0.28 0.10 0.31 0.19
 93   4   2   9   0   1   2 1 1 0 1 0.37 0.25 0.37 0.37
 94   2   2   9   0   1   2 0 1 0 1 0.34 0.22 0.37 0.34
 95   2   2   4   0   1   1 0 1 0 1 0.58 0.31 0.58 0.40
 96   3   1   6  -5   0   1 0 0 0 0 0.15 0.06 0.27 0.09
 97   2   2  11   0   1   2 0 1 1 0 0.34 0.19 0.40 0.31
 98   1   2  10   0   1   1 1 1 0 0 0.61 0.28 0.61 0.37
 99   3   2  11   0   1   2 0 1 0 0 0.37 0.16 0.37 0.31
100   3   1  12   0   1   1 0 0 1 0 0.15 0.06 0.30 0.09
101   1   1  14  -6   0   1 0 0 0 0 0.18 0.09 0.27 0.12
102   5   1   5  -5   0   2 0 0 0 0 0.28 0.10 0.31 0.19
103   4   2   1   0   1   2 0 0 0 1 0.37 0.13 0.37 0.34
104   2   2   1  -5   0   2 0 0 0 0 0.40 0.13 0.40 0.31
105   3   1   9   0   1   2 1 0 1 1 0.31 0.13 0.34 0.22
106   1   2  11   0   1   2 0 1 0 1 0.40 0.16 0.40 0.31
107   5   2   7   0   1   2 0 0 0 1 0.43 0.13 0.43 0.28
108   3   2   5  -3   0   2 0 0 0 0 0.43 0.13 0.43 0.25
109   5   2  14  -5   0   1 0 0 0 0 0.58 0.25 0.61 0.37
110   5   2   5  -4   0   2 0 0 0 0 0.46 0.16 0.46 0.25
111   4   1  14  -6   0   1 0 0 0 0 0.18 0.09 0.27 0.12
112   2   1  13   0   1   2 0 1 1 1 0.28 0.13 0.31 0.19
113   4   2   4   6   0   1 0 0 0 0 0.58 0.25 0.64 0.40
114   4   2   4   0   1   1 0 1 0 1 0.61 0.28 0.64 0.40
115   2   2  13   0   1   2 0 1 0 1 0.46 0.16 0.46 0.28
116   5   2  15   0   1   2 1 1 0 0 0.49 0.13 0.49 0.25
117   5   2   3   3   0   2 0 0 0 0 0.46 0.10 0.49 0.25
118   2   1  15   0   1   2 0 1 0 1 0.28 0.10 0.28 0.16
119   4   2  16   3   0   1 0 0 0 0 0.61 0.25 0.67 0.37
120   5   1  16   4   0   1 0 0 0 0 0.21 0.12 0.30 0.15
121   5   2  14  -5   0   1 0 0 0 0 0.64 0.25 0.67 0.37
122   1   1  14   0   1   1 0 0 0 1 0.21 0.12 0.30 0.15
123   3   1  15   1   0   2 0 0 0 0 0.31 0.07 0.28 0.13
124   4   1   4   0   1   1 1 1 0 1 0.24 0.15 0.33 0.12
125   1   1   4   6   0   1 0 0 0 0 0.21 0.12 0.33 0.09
126   5   1   9   0   1   2 0 0 1 0 0.31 0.07 0.31 0.13
127   5   2  13  -3   0   2 0 0 0 0 0.46 0.10 0.52 0.28
128   4   1   5   0   1   2 0 0 0 1 0.34 0.10 0.28 0.16
129   3   2   2   0   1   1 0 0 1 0 0.64 0.28 0.70 0.40
130   4   2  12   0   1   1 1 1 1 1 0.67 0.28 0.67 0.40
131   2   2  10   0   1   1 1 1 1 0 0.64 0.25 0.64 0.37
132   3   1   1  -3   0   2 0 0 0 0 0.34 0.10 0.28 0.13
133   4   2  12   0   1   1 0 0 1 1 0.61 0.22 0.61 0.37
134   1   2  14   0   1   1 1 0 1 1 0.61 0.22 0.58 0.34
135   2   2   9  -5   0   2 0 0 0 0 0.49 0.13 0.52 0.28
136   4   1  15   0   0   2 0 0 0 0 0.37 0.13 0.31 0.13
137   2   2  14  -4   0   1 0 0 0 0 0.58 0.25 0.55 0.31
138   2   1  11   0   1   2 1 0 1 0 0.37 0.13 0.31 0.16
139   2   1   5   0   1   2 1 1 0 1 0.34 0.16 0.28 0.16
140   3   1   8   0   1   1 1 0 1 1 0.21 0.12 0.36 0.09
141   2   1   1   0   1   2 1 0 1 1 0.31 0.13 0.28 0.13
142   5   2   5   0   1   2 1 0 1 1 0.49 0.13 0.55 0.31
143   4   2  16   0   1   1 1 0 1 1 0.58 0.25 0.55 0.31
144   5   2  10   0   1   1 1 1 1 1 0.55 0.28 0.52 0.28
145   2   1  12   0   1   1 1 1 1 1 0.18 0.15 0.33 0.06
146   4   2   4   0   1   1 1 1 1 0 0.52 0.25 0.49 0.25
147   1   1   3   2   0   2 0 0 0 0 0.28 0.13 0.25 0.10
148   5   2   2   0   1   1 0 0 1 0 0.49 0.22 0.46 0.25
149   4   1  11   3   0   2 0 0 0 0 0.28 0.16 0.25 0.10
150   3   2   2  -8   0   1 0 0 0 0 0.49 0.22 0.43 0.28
151   5   1   2  -8   0   1 0 0 0 0 0.15 0.12 0.30 0.03
152   5   1   1  -5   0   2 0 0 0 0 0.31 0.16 0.28 0.13
153   1   1  10  -3   0   1 0 0 0 0 0.15 0.12 0.30 0.03
154   1   2   8   0   1   1 1 1 1 0 0.52 0.25 0.43 0.28
155   3   2   6   0   1   1 1 1 1 0 0.49 0.22 0.40 0.31
156   4   1   9  -2   0   2 0 0 0 0 0.31 0.19 0.28 0.13
157   4   1   8   6   0   1 0 0 0 0 0.18 0.15 0.33 0.06
158   5   1   8   5   0   1 0 0 0 0 0.18 0.15 0.33 0.06
159   3   2  10  -2   0   1 0 0 0 0 0.46 0.19 0.37 0.31
160   2   2  14  -4   0   1 0 0 0 0 0.46 0.19 0.37 0.34
161   2   2  16   0   1   1 1 1 0 0 0.49 0.22 0.40 0.34
162   3   2   8   0   1   1 0 0 0 1 0.46 0.19 0.40 0.37
163   3   2  12   0   1   1 0 0 0 1 0.46 0.19 0.43 0.34
164   3   2   6   0   1   1 0 1 0 1 0.49 0.22 0.43 0.31
165   1   1   7   0   1   2 1 0 0 0 0.34 0.19 0.31 0.16
166   5   2  15   0   1   2 0 0 0 1 0.46 0.16 0.52 0.28
167   1   2  13   0   1   2 0 1 0 1 0.46 0.16 0.52 0.25
168   1   1   1   0   1   2 0 1 0 0 0.31 0.22 0.31 0.16
169   1   1   8   0   1   1 0 0 1 0 0.21 0.18 0.36 0.09
170   1   2   5  -3   0   2 0 0 0 0 0.49 0.13 0.55 0.22
171   4   2   1   0   1   2 1 0 0 0 0.49 0.13 0.55 0.22
172   3   2   5   0   1   2 1 1 1 0 0.46 0.16 0.58 0.25
173   3   1   7   0   1   2 1 0 0 1 0.31 0.19 0.34 0.19
174   2   1   5   0   1   2 1 0 0 1 0.28 0.19 0.34 0.16
175   3   1   9   0   1   2 0 1 1 0 0.25 0.22 0.37 0.13
176   2   1   4   7   0   1 0 0 0 0 0.21 0.18 0.33 0.09
177   5   1  14  -3   0   1 0 0 0 0 0.24 0.21 0.33 0.12
178   4   1   6  -4   0   1 0 0 0 0 0.24 0.21 0.36 0.12
179   4   2   2  -8   0   1 0 0 0 0 0.49 0.19 0.46 0.28
180   3   1   9  -2   0   2 0 0 0 0 0.25 0.19 0.34 0.13
181   1   1   8   0   1   1 0 1 1 0 0.27 0.24 0.36 0.15
182   2   1  11   0   1   2 1 1 1 1 0.28 0.19 0.34 0.16
183   4   2   6   0   1   1 1 0 1 0 0.52 0.19 0.46 0.28
184   1   1  12   0   1   1 0 0 1 0 0.27 0.21 0.33 0.15
185   4   2   9   0   1   2 1 0 1 0 0.43 0.13 0.55 0.25
186   5   2  13   0   1   2 1 1 0 0 0.40 0.13 0.52 0.28
187   3   2   2   0   1   1 1 0 0 0 0.49 0.22 0.43 0.31
188   2   1  14   0   1   1 1 0 1 0 0.30 0.21 0.30 0.18
189   3   2  14  -6   0   1 0 0 0 0 0.46 0.22 0.43 0.31
190   3   2   3   2   0   2 0 0 0 0 0.37 0.10 0.52 0.28
191   5   2   7   4   0   2 0 0 0 0 0.37 0.10 0.55 0.31
192   3   1  11   4   0   2 0 0 0 0 0.25 0.16 0.31 0.13
193   2   1   9   0   1   2 1 0 0 0 0.25 0.16 0.31 0.13
194   5   1  15   0   1   2 1 0 1 1 0.22 0.19 0.34 0.16
195   5   1  11   0   1   2 0 0 1 0 0.19 0.19 0.31 0.13
196   4   1   2   0   1   1 1 0 1 1 0.27 0.24 0.27 0.18
197   5   1  12   0   1   1 1 0 1 0 0.24 0.24 0.24 0.15
198   4   2  10   0   1   1 1 0 0 0 0.46 0.25 0.46 0.34
199   1   2   2   0   1   1 0 0 1 1 0.43 0.25 0.46 0.34
200   1   2   5   0   1   2 0 0 0 1 0.40 0.13 0.55 0.31
201   2   2   7   0   1   2 0 0 0 1 0.40 0.13 0.58 0.28
202   1   2   8   0   1   1 0 1 0 0 0.43 0.28 0.43 0.31
203   3   1  10   0   1   1 0 1 0 0 0.21 0.27 0.21 0.15
204   3   1  15  -1   0   2 0 0 0 0 0.19 0.22 0.28 0.13
205   5   2   4   5   0   1 0 0 0 0 0.46 0.25 0.43 0.31
206   3   2  10   0   1   1 0 0 0 1 0.46 0.25 0.46 0.34
207   2   2  12   0   1   1 0 1 0 1 0.49 0.28 0.46 0.31
208   4   2   3   3   0   2 0 0 0 0 0.43 0.16 0.58 0.25
209   1   1  10   0   1   1 1 1 0 1 0.21 0.24 0.21 0.18
210   5   1  13  -3   0   2 0 0 0 0 0.22 0.22 0.28 0.16
211   1   2  15   0   1   2 0 0 0 1 0.43 0.16 0.61 0.25
212   2   2  10  -2   0   1 0 0 0 0 0.49 0.25 0.49 0.28
213   5   2  10  -2   0   1 0 0 0 0 0.52 0.25 0.49 0.28
214   3   1   5  -2   0   2 0 0 0 0 0.22 0.25 0.31 0.16
215   5   2   5  -2   0   2 0 0 0 0 0.46 0.19 0.61 0.22
216   5   1  11   3   0   2 0 0 0 0 0.25 0.25 0.31 0.19
217   5   1  10  -2   0   1 0 0 0 0 0.18 0.21 0.24 0.15
218   3   1  14  -3   0   1 0 0 0 0 0.18 0.21 0.24 0.15
219   5   2   1  -6   0   2 0 0 0 0 0.46 0.19 0.64 0.22
220   1   2   4   0   1   1 0 1 0 0 0.52 0.28 0.52 0.31
221   2   2  15  -2   0   2 0 0 0 0 0.49 0.22 0.64 0.25
222   3   2   4   0   1   1 0 0 0 1 0.55 0.25 0.52 0.31
223   2   2   8   6   0   1 0 0 0 0 0.55 0.25 0.55 0.28
224   3   2   7   6   0   2 0 0 0 0 0.49 0.22 0.67 0.25
225   2   1  16   5   0   1 0 0 0 0 0.21 0.24 0.27 0.18
226   2   2   5  -3   0   2 0 0 0 0 0.52 0.25 0.67 0.28
227   1   1   2 -10   0   1 0 0 0 0 0.21 0.24 0.27 0.18
228   3   2  15   0   1   2 1 0 0 0 0.52 0.25 0.70 0.28
229   1   1  10   0   1   1 0 1 0 0 0.24 0.27 0.30 0.21
230   2   2   4   0   1   1 1 1 0 0 0.58 0.28 0.55 0.28
231   1   2   1   0   1   2 1 1 1 1 0.49 0.28 0.70 0.31
232   1   2  13   0   1   2 0 1 0 1 0.46 0.25 0.67 0.28
233   1   2  15   0   1   2 0 1 0 1 0.46 0.22 0.67 0.25
234   2   1   2   0   1   1 1 1 1 1 0.24 0.24 0.30 0.21
235   3   1   2 -10   0   1 0 0 0 0 0.21 0.21 0.27 0.18
236   5   2   9  -2   0   2 0 0 0 0 0.49 0.19 0.70 0.22
237   1   1  16   3   0   1 0 0 0 0 0.21 0.21 0.27 0.18
238   2   2  13   0   1   2 1 0 1 0 0.49 0.19 0.70 0.22
239   2   1   7   0   1   2 1 0 1 1 0.25 0.28 0.34 0.19
240   5   1   6  -3   0   1 0 0 0 0 0.24 0.24 0.30 0.21
241   4   1  12   6   0   1 0 0 0 0 0.24 0.24 0.30 0.21
242   3   2   7   0   1   2 1 0 0 0 0.46 0.22 0.67 0.25
243   2   2   2   0   1   1 1 0 1 1 0.55 0.25 0.58 0.31
244   5   2   8   5   0   1 0 0 0 0 0.52 0.25 0.55 0.28
245   5   1  15   0   1   2 0 0 1 0 0.22 0.28 0.31 0.16
246   1   1   5   0   1   2 0 1 1 0 0.22 0.31 0.28 0.16
247   2   2  16   0   1   1 1 0 0 0 0.52 0.28 0.55 0.28
248   1   2   6   0   1   1 1 0 1 0 0.49 0.28 0.58 0.31
249   4   2   1  -2   0   2 0 0 0 0 0.43 0.22 0.67 0.25
250   5   1   4   4   0   1 0 0 0 0 0.27 0.27 0.33 0.24
251   2   1   4   4   0   1 0 0 0 0 0.27 0.27 0.33 0.24
252   1   1   6   0   1   1 1 1 1 1 0.30 0.30 0.36 0.27
253   4   1   8   0   1   1 0 0 1 0 0.27 0.27 0.33 0.24
254   4   2   7   0   1   2 1 0 0 0 0.43 0.25 0.70 0.28
255   1   2  15   0   1   2 0 0 1 0 0.40 0.25 0.70 0.28
256   3   2   5   0   1   2 0 0 0 1 0.40 0.28 0.67 0.31
257   4   1   5   0   1   2 1 1 0 1 0.25 0.28 0.25 0.19
258   3   1  16   0   1   1 0 1 0 1 0.27 0.27 0.30 0.24
259   1   2   5   0   1   2 1 1 1 0 0.43 0.28 0.67 0.28
260   2   1   1   0   1   2 1 1 1 0 0.22 0.25 0.25 0.16
261   5   2   2  -9   0   1 0 0 0 0 0.46 0.31 0.55 0.31
262   2   1   3   3   0   2 0 0 0 0 0.19 0.22 0.22 0.16
263   2   2   6   0   1   1 1 0 0 0 0.46 0.31 0.55 0.34
264   3   1   7   0   1   2 0 1 0 0 0.19 0.22 0.22 0.19
265   3   2  12   0   1   1 0 0 1 0 0.43 0.34 0.58 0.34
266   2   2   5   0   1   2 0 0 1 0 0.40 0.25 0.64 0.28
267   5   1   4   0   1   1 1 1 0 0 0.30 0.24 0.30 0.21
268   3   2   3   3   0   2 0 0 0 0 0.40 0.25 0.61 0.31
269   3   2  16   0   0   1 0 0 0 0 0.43 0.34 0.55 0.37
270   4   2   3   2   0   2 0 0 0 0 0.43 0.28 0.61 0.31
271   4   2  11   3   0   2 0 0 0 0 0.43 0.28 0.64 0.34
272   3   2   4   0   1   1 0 0 0 0 0.46 0.37 0.55 0.37
273   1   2   6   0   1   1 1 1 0 0 0.46 0.37 0.58 0.40
274   4   2  10  -2   0   1 0 0 0 0 0.43 0.34 0.58 0.40
275   1   1  15   0   0   2 0 0 0 0 0.22 0.19 0.25 0.19
276   5   1   7   3   0   2 0 0 0 0 0.22 0.19 0.25 0.22
277   2   1   2  -9   0   1 0 0 0 0 0.27 0.21 0.33 0.21
278   2   2   6   0   1   1 0 0 0 1 0.43 0.34 0.61 0.43
279   1   2  10  -2   0   1 0 0 0 0 0.46 0.37 0.61 0.40
280   4   2  15   0   0   2 0 0 0 0 0.46 0.31 0.64 0.34
281   4   1   3   0   1   2 0 0 1 0 0.25 0.22 0.28 0.22
282   4   2   7   3   0   2 0 0 0 0 0.46 0.31 0.67 0.37
283   1   1   1   0   1   2 1 1 1 1 0.25 0.22 0.25 0.25
284   1   1   9  -2   0   2 0 0 0 0 0.22 0.19 0.22 0.22
285   3   2  12   0   1   1 1 1 1 1 0.46 0.37 0.64 0.40
286   5   1   1  -2   0   2 0 0 0 0 0.22 0.19 0.22 0.22
287   2   2   7   0   1   2 0 0 0 1 0.49 0.34 0.67 0.37
288   3   1  16   0   1   1 1 1 1 1 0.27 0.21 0.33 0.24
289   1   2  16   0   1   1 0 1 0 1 0.43 0.34 0.61 0.37
290   4   1   1  -4   0   2 0 0 0 0 0.25 0.22 0.25 0.25
291   3   1  11   0   1   2 1 1 0 1 0.25 0.22 0.25 0.25
292   4   1   8   0   1   1 1 1 1 1 0.24 0.18 0.30 0.21
293   5   1  13   0   1   2 1 1 1 1 0.22 0.19 0.28 0.22
294   1   2   9  -2   0   2 0 0 0 0 0.49 0.34 0.70 0.34
295   2   1   8   0   1   1 0 0 1 0 0.21 0.15 0.27 0.18
296   3   1   4   3   0   1 0 0 0 0 0.21 0.15 0.24 0.18
297   5   2  11   3   0   2 0 0 0 0 0.52 0.37 0.70 0.34
298   5   1   4   5   0   1 0 0 0 0 0.24 0.18 0.24 0.21
299   3   2  15  -1   0   2 0 0 0 0 0.52 0.37 0.73 0.37
300   3   1  14   0   1   1 0 0 1 0 0.24 0.18 0.27 0.21
301   5   2  11   0   1   2 1 1 0 1 0.55 0.40 0.73 0.37
302   3   1   7   0   1   2 1 1 0 0 0.19 0.16 0.25 0.19
303   2   2   6   0   1   1 0 1 0 1 0.43 0.31 0.61 0.34
304   1   2   7   0   1   2 0 1 0 1 0.52 0.37 0.76 0.34
305   1   2  16   0   1   1 0 0 0 1 0.46 0.28 0.64 0.31
306   3   2  13  -3   0   2 0 0 0 0 0.52 0.34 0.76 0.31
307   2   2   7   4   0   2 0 0 0 0 0.55 0.34 0.79 0.31
308   1   1  13   0   1   2 0 0 0 1 0.16 0.13 0.25 0.19
309   4   1   6  -7   0   1 0 0 0 0 0.27 0.21 0.24 0.24
310   3   1   8   5   0   1 0 0 0 0 0.27 0.21 0.24 0.24
311   2   2   8   5   0   1 0 0 0 0 0.46 0.28 0.64 0.28
312   1   2  12   0   1   1 0 0 0 1 0.49 0.31 0.67 0.28
313   3   2   1   0   1   2 0 0 1 0 0.55 0.37 0.79 0.34
314   1   2  10   0   1   1 0 1 0 0 0.49 0.31 0.67 0.25
315   1   1   6   0   1   1 0 0 1 1 0.30 0.24 0.27 0.27
316   1   2   9   0   1   2 1 1 1 1 0.58 0.37 0.76 0.34
317   4   1  13  -1   0   2 0 0 0 0 0.16 0.13 0.28 0.16
318   1   2  11   0   1   2 1 0 1 1 0.55 0.34 0.73 0.31
319   3   1   1  -5   0   2 0 0 0 0 0.19 0.16 0.28 0.16
320   5   2   6  -4   0   1 0 0 0 0 0.52 0.28 0.70 0.25
321   2   2   3   0   1   2 1 0 1 0 0.52 0.34 0.70 0.28
322   2   1  12   0   1   1 1 0 1 1 0.30 0.24 0.24 0.24
323   1   1  16   0   1   1 1 1 0 0 0.27 0.27 0.21 0.21
324   5   2  14  -4   0   1 0 0 0 0 0.52 0.28 0.70 0.28
325   5   2   8   5   0   1 0 0 0 0 0.55 0.31 0.73 0.28
326   2   2   8   5   0   1 0 0 0 0 0.55 0.31 0.73 0.31
327   2   1   9   0   1   2 0 0 1 0 0.19 0.16 0.31 0.19
328   4   1  16   4   0   1 0 0 0 0 0.24 0.24 0.21 0.21
329   1   1   4   0   1   1 0 0 1 1 0.24 0.24 0.24 0.24
330   5   1  11   3   0   2 0 0 0 0 0.22 0.19 0.28 0.19
331   3   1   4   0   1   1 0 0 1 1 0.27 0.27 0.21 0.21
332   2   1  10   0   1   1 1 1 0 0 0.27 0.27 0.18 0.18
333   3   2   9   0   1   2 1 1 0 0 0.49 0.37 0.67 0.28
334   1   2   7   0   1   2 0 1 0 1 0.46 0.34 0.67 0.31
335   5   1   1  -3   0   2 0 0 0 0 0.22 0.19 0.28 0.22
336   4   2   5  -1   0   2 0 0 0 0 0.46 0.31 0.70 0.28
337   2   1   7   0   1   2 1 0 1 1 0.25 0.22 0.31 0.22
338   5   2   1   0   1   2 0 0 1 0 0.49 0.31 0.70 0.28
339   1   2  12   0   1   1 0 0 1 1 0.58 0.34 0.76 0.31
340   3   2  13  -2   0   2 0 0 0 0 0.49 0.34 0.67 0.31
341   2   2   9   0   1   2 1 0 1 1 0.52 0.34 0.67 0.31
342   4   1   1  -4   0   2 0 0 0 0 0.22 0.22 0.28 0.19
343   3   1   3   3   0   2 0 0 0 0 0.22 0.25 0.28 0.19
344   5   1  14  -3   0   1 0 0 0 0 0.24 0.24 0.18 0.18
345   4   2  15  -1   0   2 0 0 0 0 0.49 0.37 0.64 0.28
346   3   2   1  -1   0   2 0 0 0 0 0.49 0.37 0.64 0.28
347   1   1  11   0   1   2 1 0 1 1 0.25 0.25 0.31 0.22
348   2   1  13  -2   0   2 0 0 0 0 0.22 0.28 0.28 0.19
349   2   1   9   0   1   2 0 1 1 0 0.22 0.28 0.28 0.19
350   1   1  13  -2   0   2 0 0 0 0 0.25 0.25 0.25 0.22
351   2   2   2   0   1   1 0 0 0 1 0.58 0.34 0.73 0.28
352   1   2   2   0   1   1 1 1 0 0 0.61 0.37 0.73 0.25
353   1   1  11   0   1   2 1 0 1 0 0.25 0.25 0.25 0.22
354   4   1   5  -2   0   2 0 0 0 0 0.22 0.28 0.22 0.25
355   5   2   1  -4   0   2 0 0 0 0 0.52 0.40 0.67 0.31
356   4   1  14  -4   0   1 0 0 0 0 0.24 0.24 0.21 0.21
357   5   2  10  -2   0   1 0 0 0 0 0.58 0.34 0.76 0.25
358   5   2  13  -3   0   2 0 0 0 0 0.52 0.40 0.67 0.31
359   1   1   7   0   1   2 0 1 0 0 0.22 0.28 0.22 0.25
360   5   1  10   0   1   1 0 1 0 1 0.27 0.27 0.21 0.21
361   3   1   3   0   1   2 0 0 1 1 0.25 0.25 0.25 0.28
362   3   2  11   0   1   2 1 1 0 0 0.55 0.43 0.70 0.34
363   2   1   8   0   1   1 1 0 0 1 0.27 0.24 0.24 0.18
364   4   2   8   0   1   1 0 0 1 0 0.58 0.34 0.76 0.28
365   1   1  11   0   1   2 1 1 0 1 0.25 0.25 0.22 0.25
366   1   1   4   6   0   1 0 0 0 0 0.24 0.24 0.24 0.15
367   1   1   7   0   1   2 0 0 0 0 0.22 0.22 0.22 0.22
368   3   1   2  -9   0   1 0 0 0 0 0.24 0.27 0.27 0.15
369   3   1   6  -3   0   1 0 0 0 0 0.27 0.27 0.27 0.18
370   4   1   3   0   1   2 0 1 0 0 0.22 0.22 0.25 0.22
371   1   1   1   0   1   2 0 0 0 1 0.25 0.19 0.25 0.25
372   4   2   3   3   0   2 0 0 0 0 0.52 0.40 0.70 0.34
373   4   1   6   0   1   1 0 1 0 0 0.27 0.30 0.30 0.18
374   2   2  14   0   1   1 0 0 0 1 0.61 0.37 0.73 0.28
375   3   2   4   0   1   1 1 0 0 0 0.61 0.37 0.73 0.25
376   5   1  10  -2   0   1 0 0 0 0 0.30 0.27 0.30 0.21
377   5   2  11   2   0   2 0 0 0 0 0.52 0.40 0.73 0.37
378   2   1  15   0   1   2 0 0 0 1 0.25 0.19 0.28 0.22
379   4   2   2 -10   0   1 0 0 0 0 0.58 0.40 0.76 0.25
380   4   2  13   0   1   2 0 0 1 0 0.55 0.43 0.73 0.37
381   5   1   5  -3   0   2 0 0 0 0 0.28 0.22 0.28 0.19
382   2   1   4   5   0   1 0 0 0 0 0.30 0.27 0.33 0.21
383   2   1  10   0   1   1 0 1 0 0 0.33 0.30 0.33 0.24
384   2   2  11   0   1   2 0 0 1 0 0.55 0.43 0.70 0.40
385   2   2  10   0   1   1 0 1 0 0 0.58 0.40 0.76 0.28
386   2   1   1   0   1   2 1 1 0 0 0.28 0.22 0.31 0.19
387   3   2  14   0   1   1 0 0 1 1 0.61 0.37 0.79 0.28
388   2   2   2   0   1   1 1 0 1 0 0.61 0.37 0.76 0.25
389   4   1   2   0   1   1 0 0 1 0 0.33 0.27 0.36 0.24
390   5   2  16   2   0   1 0 0 0 0 0.58 0.40 0.73 0.25
391   1   2   7   0   1   2 0 0 0 1 0.58 0.46 0.67 0.40
392   4   1   7   4   0   2 0 0 0 0 0.25 0.19 0.31 0.22
393   1   1   8   0   1   1 1 1 0 0 0.36 0.27 0.33 0.27
394   4   1  15   1   0   2 0 0 0 0 0.25 0.19 0.34 0.22
395   5   2   6  -4   0   1 0 0 0 0 0.58 0.40 0.73 0.28
396   4   2   5  -3   0   2 0 0 0 0 0.58 0.46 0.67 0.37
397   5   1  16   3   0   1 0 0 0 0 0.33 0.24 0.33 0.27
398   2   1   6   0   1   1 1 1 1 0 0.33 0.24 0.36 0.30
399   3   1   4   5   0   1 0 0 0 0 0.30 0.21 0.33 0.30
400   4   2   5  -3   0   2 0 0 0 0 0.61 0.49 0.70 0.37
401   4   2  13   2   0   2 0 0 0 0 0.61 0.49 0.70 0.40
402   1   1   2   0   1   1 0 0 1 1 0.30 0.21 0.33 0.33
403   4   2   9  -2   0   2 0 0 0 0 0.64 0.52 0.73 0.40
404   4   2  13   0   1   2 0 1 0 0 0.64 0.52 0.73 0.43
405   2   1  15   0   1   2 0 0 1 1 0.28 0.22 0.34 0.25
406   3   1  10   0   1   1 0 0 0 1 0.33 0.24 0.30 0.30
407   5   1   6   0   1   1 1 1 1 1 0.33 0.24 0.30 0.27
408   1   1  16   0   1   1 1 1 1 1 0.30 0.21 0.27 0.24
409   1   1  15   0   1   2 1 1 1 1 0.28 0.22 0.31 0.22
410   5   1  12   0   1   1 1 1 1 1 0.27 0.18 0.24 0.21
411   3   2  16   0   1   1 0 1 1 0 0.61 0.43 0.76 0.28
412   4   1   1  -5   0   2 0 0 0 0 0.25 0.19 0.28 0.19
413   3   2  15  -3   0   2 0 0 0 0 0.67 0.49 0.76 0.43
414   5   2  16   4   0   1 0 0 0 0 0.61 0.40 0.73 0.31
415   2   2   4   0   1   1 0 0 1 1 0.64 0.40 0.73 0.31
416   4   1  14  -4   0   1 0 0 0 0 0.24 0.15 0.21 0.18
417   4   1  12   6   0   1 0 0 0 0 0.24 0.15 0.21 0.18
418   5   2   2 -10   0   1 0 0 0 0 0.64 0.43 0.70 0.28
419   4   1  12   6   0   1 0 0 0 0 0.27 0.18 0.24 0.21
420   4   2   7   0   1   2 0 1 0 0 0.67 0.49 0.76 0.46
421   3   1  13  -3   0   2 0 0 0 0 0.25 0.19 0.28 0.19
422   1   2  16   3   0   1 0 0 0 0 0.67 0.43 0.70 0.28
423   4   1   7   3   0   2 0 0 0 0 0.28 0.22 0.31 0.22
424   3   1   8   4   0   1 0 0 0 0 0.27 0.18 0.24 0.21
425   3   1   5   0   1   2 0 0 0 1 0.28 0.22 0.31 0.22
426   5   1  12   5   0   1 0 0 0 0 0.30 0.21 0.27 0.24
427   4   2  15   0   0   2 0 0 0 0 0.70 0.46 0.79 0.46
428   3   1   2 -10   0   1 0 0 0 0 0.30 0.21 0.27 0.24
429   5   2  16   3   0   1 0 0 0 0 0.67 0.46 0.73 0.31
430   5   2   9  -2   0   2 0 0 0 0 0.70 0.46 0.79 0.49
431   5   1   7   2   0   2 0 0 0 0 0.31 0.25 0.34 0.19
432   5   1   3   0   1   2 0 1 0 1 0.31 0.25 0.34 0.19
433   4   1  16   0   1   1 0 1 0 1 0.33 0.24 0.30 0.27
434   5   2  12   0   1   1 0 1 0 1 0.70 0.46 0.73 0.31
435   2   1  16   0   1   1 1 1 1 0 0.33 0.21 0.30 0.24
436   5   1   5   0   1   2 1 1 0 1 0.34 0.22 0.37 0.16
437   5   1   3   5   0   2 0 0 0 0 0.31 0.19 0.37 0.13
438   4   2  14   0   1   1 0 0 0 1 0.70 0.43 0.76 0.28
439   1   1   9   0   1   2 0 0 1 0 0.31 0.19 0.40 0.13
440   2   2   3   0   1   2 0 0 0 1 0.73 0.49 0.82 0.49
441   3   1  12   0   1   1 1 1 0 0 0.30 0.18 0.27 0.24
442   1   2   3   0   1   2 1 1 0 1 0.73 0.49 0.82 0.46
443   4   1   9   0   1   2 0 0 1 0 0.34 0.22 0.37 0.16
444   3   2   1   0   1   2 1 0 0 0 0.70 0.46 0.85 0.43
445   3   1   6  -5   0   1 0 0 0 0 0.27 0.15 0.27 0.27
446   4   2   8   4   0   1 0 0 0 0 0.73 0.43 0.76 0.25
447   2   1   6   0   1   1 1 0 1 1 0.27 0.15 0.30 0.27
448   4   2  11   3   0   2 0 0 0 0 0.67 0.46 0.85 0.43
449   2   2  16   3   0   1 0 0 0 0 0.73 0.46 0.79 0.25
450   2   2   5   0   1   2 0 0 0 0 0.67 0.49 0.88 0.46
451   2   2  12   4   0   1 0 0 0 0 0.76 0.46 0.79 0.28
452   5   2   9  -2   0   2 0 0 0 0 0.70 0.49 0.88 0.46
453   4   2  14  -5   0   1 0 0 0 0 0.76 0.49 0.82 0.28
454   1   1   5  -3   0   2 0 0 0 0 0.34 0.22 0.34 0.16
455   4   2  16   4   0   1 0 0 0 0 0.79 0.49 0.82 0.31
456   5   1   2 -10   0   1 0 0 0 0 0.24 0.18 0.27 0.24
457   1   2   1   0   1   2 1 1 1 1 0.70 0.52 0.91 0.49
458   3   2   9   0   1   2 0 0 0 1 0.67 0.49 0.88 0.46
459   2   2  12   0   1   1 0 1 1 1 0.79 0.52 0.85 0.31
460   2   2   1   0   1   2 0 1 0 1 0.67 0.49 0.88 0.43
461   5   1   2 -10   0   1 0 0 0 0 0.24 0.18 0.27 0.24
462   5   1   9  -2   0   2 0 0 0 0 0.37 0.25 0.34 0.19
463   1   2   3   0   1   2 1 1 1 1 0.70 0.46 0.91 0.40
464   4   2   2   0   1   1 1 0 0 0 0.82 0.49 0.82 0.28
465   5   2  12   5   0   1 0 0 0 0 0.79 0.49 0.82 0.28
466   3   2   7   0   1   2 0 0 1 1 0.67 0.43 0.88 0.37
467   4   1   4   5   0   1 0 0 0 0 0.27 0.21 0.30 0.27
468   3   1  11   0   1   2 1 1 0 0 0.37 0.25 0.37 0.19
469   3   1  13   0   1   2 1 0 0 0 0.34 0.22 0.37 0.22
470   5   1   3   0   1   2 1 0 1 0 0.31 0.22 0.40 0.22
471   4   1   2   0   1   1 1 0 1 1 0.27 0.21 0.30 0.27
472   2   1   6   0   1   1 0 0 1 1 0.24 0.24 0.27 0.24
473   2   2  15   0   1   2 1 0 0 1 0.67 0.43 0.85 0.34
474   4   2   8   4   0   1 0 0 0 0 0.79 0.52 0.85 0.31
475   3   2  14   0   1   1 0 1 0 0 0.82 0.52 0.85 0.31
476   1   1  14  -2   0   1 0 0 0 0 0.24 0.24 0.24 0.21
477   5   2   4   4   0   1 0 0 0 0 0.82 0.49 0.88 0.34
478   2   2  13   0   1   2 0 1 0 1 0.64 0.46 0.85 0.31
479   2   1  11   4   0   2 0 0 0 0 0.28 0.25 0.37 0.25
480   4   1   9  -2   0   2 0 0 0 0 0.28 0.25 0.37 0.25