  1   4   2  10  -3   0   1 0 0 0 0 1.00 1.00 1.00 1.00
  2   3   1   8   0   1   1 1 1 1 0 0.80 0.80 0.80 0.80
  3   1   1  16   0   1   1 1 0 0 1 0.76 0.76 0.76 0.80
  4   1   2   8   0   1   1 0 1 0 0 1.00 1.00 1.00 1.00
  5   3   2   3   2   0   2 0 0 0 0 0.40 0.40 0.40 0.40
  6   3   2  12   0   1   1 1 1 0 1 1.00 0.96 1.00 1.00
  7   1   2  11   0   1   2 0 1 1 1 0.40 0.40 0.40 0.40
  8   4   2  12   6   0   1 0 0 0 0 0.96 0.92 1.00 0.96
  9   3   1  13   0   1   2 0 0 0 1 0.40 0.40 0.40 0.40
 10   5   2   1  -3   0   2 0 0 0 0 0.42 0.36 0.36 0.36
 11   2   1  10  -3   0   1 0 0 0 0 0.72 0.76 0.76 0.76
 12   4   1   8   0   1   1 1 0 0 0 0.72 0.78 0.78 0.76
 13   4   1  14   0   1   1 0 0 0 1 0.68 0.78 0.78 0.78
 14   3   1   6   0   1   1 1 0 0 0 0.68 0.80 0.80 0.74
 15   1   2  11   2   0   2 0 0 0 0 0.42 0.36 0.36 0.36
 16   2   2   8   3   0   1 0 0 0 0 0.96 0.92 1.00 0.96
 17   4   1  13  -3   0   2 0 0 0 0 0.40 0.40 0.40 0.36
 18   5   1   6  -2   0   1 0 0 0 0 0.64 0.80 0.80 0.74
 19   3   2   6   0   1   1 1 0 1 1 0.98 0.94 1.00 0.98
 20   4   2  16   0   1   1 0 0 0 0 0.94 0.94 0.96 0.94
 21   1   1   5   0   1   2 1 1 1 0 0.42 0.42 0.42 0.36
 22   5   2   8   0   1   1 1 1 1 1 0.94 0.96 0.96 0.94
 23   4   1   3   4   0   2 0 0 0 0 0.38 0.38 0.38 0.38
 24   2   1  14  -5   0   1 0 0 0 0 0.64 0.82 0.82 0.76
 25   5   2  12   6   0   1 0 0 0 0 0.90 0.92 0.92 0.90
 26   2   2   6  -3   0   1 0 0 0 0 0.90 0.92 0.92 0.90
 27   5   1  10   3   0   1 0 0 0 0 0.66 0.82 0.82 0.76
 28   3   2  10   0   1   1 1 1 1 1 0.92 0.94 0.94 0.92
 29   5   2  14   0   1   1 1 1 1 1 0.88 0.90 0.90 0.88
 30   5   2  14   0   1   1 1 0 0 0 0.84 0.86 0.86 0.84
 31   4   1  16   0   1   1 1 1 1 1 0.66 0.84 0.84 0.78
 32   3   1  13   0   1   2 1 0 0 0 0.38 0.38 0.38 0.38
 33   4   2   3   3   0   2 0 0 0 0 0.44 0.38 0.38 0.38
 34   4   2   3   4   0   2 0 0 0 0 0.44 0.38 0.38 0.38
 35   1   1  10   0   1   1 0 1 1 0 0.62 0.80 0.80 0.74
 36   2   1   7   0   1   2 0 1 1 0 0.34 0.40 0.40 0.40
 37   5   1   5  -3   0   2 0 0 0 0 0.34 0.36 0.36 0.40
 38   1   1  12   0   1   1 0 1 1 0 0.62 0.76 0.76 0.74
 39   4   2   8   0   1   1 0 0 0 1 0.80 0.86 0.86 0.84
 40   3   2  15  -3   0   2 0 0 0 0 0.46 0.40 0.40 0.40
 41   4   1   2   0   1   1 0 1 1 0 0.64 0.72 0.72 0.76
 42   2   2   6   0   1   1 1 1 1 1 0.80 0.88 0.88 0.80
 43   2   2  11   0   1   2 0 0 0 1 0.46 0.40 0.40 0.40
 44   3   1  10   0   1   1 0 1 1 0 0.64 0.68 0.68 0.76
 45   2   1   3   0   1   2 1 1 1 0 0.36 0.36 0.36 0.42
 46   2   2  10   0   1   1 0 1 0 0 0.76 0.84 0.84 0.76
 47   5   2   3   2   0   2 0 0 0 0 0.48 0.42 0.42 0.36
 48   1   2   3   0   1   2 0 1 0 0 0.48 0.42 0.42 0.36
 49   3   1  16   4   0   1 0 0 0 0 0.66 0.64 0.64 0.78
 50   1   2  16   0   1   1 0 1 1 1 0.76 0.80 0.84 0.76
 51   5   1  12   5   0   1 0 0 0 0 0.66 0.64 0.64 0.78
 52   5   2  12   0   1   1 1 1 0 0 0.78 0.76 0.80 0.72
 53   1   1   1   0   1   2 1 1 1 1 0.32 0.32 0.32 0.42
 54   4   1   9   0   1   2 1 1 0 1 0.28 0.28 0.28 0.38
 55   2   1  10   0   1   1 1 1 1 1 0.68 0.66 0.66 0.80
 56   2   1  13   0   1   2 1 1 1 1 0.24 0.24 0.28 0.34
 57   2   1  13   0   1   2 1 1 0 0 0.20 0.20 0.24 0.30
 58   5   2  10   0   1   1 1 1 0 0 0.74 0.72 0.80 0.72
 59   1   2   3   0   1   2 1 1 0 0 0.50 0.38 0.44 0.38
 60   4   2  15   0   1   2 1 1 0 0 0.46 0.34 0.44 0.38
 61   3   1  11   4   0   2 0 0 0 0 0.16 0.16 0.24 0.30
 62   3   2   4   0   1   1 0 1 0 0 0.70 0.68 0.82 0.74
 63   5   2   8   0   1   1 1 1 0 0 0.70 0.64 0.82 0.74
 64   4   2   8   0   1   1 1 1 1 1 0.66 0.60 0.84 0.76
 65   5   1   4   0   1   1 1 1 0 0 0.64 0.62 0.62 0.76
 66   5   2   6   0   1   1 1 1 0 0 0.62 0.56 0.80 0.72
 67   3   2   7   0   1   2 1 1 0 1 0.42 0.30 0.46 0.40
 68   1   2  13   0   1   2 1 0 0 0 0.38 0.26 0.46 0.36
 69   4   1  10   0   1   1 1 1 0 1 0.60 0.58 0.62 0.76
 70   1   1  16   0   1   1 1 1 0 1 0.56 0.54 0.64 0.72
 71   3   1   7   0   1   2 1 1 1 1 0.16 0.16 0.26 0.32
 72   3   2  12   0   1   1 1 1 1 0 0.58 0.52 0.80 0.72
 73   4   2   5   0   1   2 1 1 1 0 0.34 0.26 0.48 0.36
 74   1   2   9   3   0   2 0 0 0 0 0.30 0.22 0.44 0.38
 75   1   1  15   0   1   2 1 1 1 1 0.12 0.12 0.22 0.28
 76   3   2   6   0   1   1 1 1 1 0 0.54 0.48 0.76 0.74
 77   2   2  14   0   1   1 1 1 1 0 0.50 0.44 0.72 0.74
 78   2   1  11   2   0   2 0 0 0 0 0.08 0.08 0.18 0.24
 79   3   1  15  -5   0   2 0 0 0 0 0.08 0.08 0.18 0.24
 80   2   1  15  -3   0   2 0 0 0 0 0.10 0.10 0.20 0.26
 81   1   1  14   0   1   1 1 1 1 0 0.52 0.50 0.64 0.68
 82   2   1   4   0   1   1 1 1 1 0 0.48 0.46 0.60 0.68
 83   3   1   3   3   0   2 0 0 0 0 0.10 0.10 0.20 0.26
 84   3   2   9   0   1   2 1 0 0 0 0.30 0.22 0.44 0.38
 85   1   1   6   0   1   1 1 1 0 0 0.44 0.42 0.56 0.70
 86   2   2  11   2   0   2 0 0 0 0 0.26 0.24 0.46 0.40
 87   1   1  12   0   1   1 1 1 0 0 0.40 0.38 0.56 0.70
 88   3   1   5   0   1   2 1 1 0 0 0.12 0.12 0.22 0.28
 89   2   2   1   0   1   2 1 0 0 0 0.26 0.24 0.46 0.40
 90   4   2   1   0   1   2 1 1 0 0 0.22 0.26 0.48 0.42
 91   1   1   9   0   1   2 0 0 1 0 0.08 0.08 0.22 0.28
 92   4   2   7   0   1   2 0 1 1 0 0.18 0.22 0.48 0.42
 93   1   2   5   0   1   2 0 0 0 0 0.18 0.18 0.44 0.44
 94   4   2  14   0   1   1 1 0 0 0 0.46 0.40 0.68 0.76
 95   3   2   5  -3   0   2 0 0 0 0 0.20 0.18 0.44 0.44
 96   5   1   2   0   1   1 0 0 0 1 0.36 0.34 0.58 0.72
 97   2   1  14   0   1   1 0 1 0 1 0.36 0.34 0.58 0.68
 98   2   2   4   0   1   1 0 0 1 0 0.42 0.40 0.68 0.76
 99   4   1  12   0   1   1 0 1 0 0 0.38 0.30 0.60 0.64
100   2   2   4   7   0   1 0 0 0 0 0.42 0.42 0.64 0.78
101   5   1   3   0   1   2 0 0 1 1 0.08 0.08 0.18 0.30
102   4   2  13  -3   0   2 0 0 0 0 0.20 0.20 0.46 0.46
103   4   2  15  -2   0   2 0 0 0 0 0.22 0.20 0.46 0.46
104   3   2   3   3   0   2 0 0 0 0 0.22 0.22 0.48 0.48
105   5   2  11   0   1   2 0 0 1 1 0.24 0.22 0.48 0.48
106   3   2  16   0   1   1 0 1 1 1 0.44 0.42 0.64 0.78
107   3   1  16   0   1   1 0 1 1 1 0.38 0.26 0.60 0.64
108   3   2  14   0   1   1 0 1 0 0 0.44 0.38 0.60 0.74
109   1   1  15   2   0   2 0 0 0 0 0.10 0.10 0.14 0.26
110   2   1   4   0   1   1 1 0 1 1 0.40 0.22 0.56 0.60
111   3   1   9   0   1   2 1 0 1 1 0.10 0.10 0.14 0.26
112   4   2  13  -5   0   2 0 0 0 0 0.24 0.24 0.44 0.44
113   3   1   5  -5   0   2 0 0 0 0 0.06 0.12 0.10 0.22
114   4   2   2   0   1   1 1 0 0 0 0.46 0.34 0.60 0.74
115   5   2  14   0   1   1 1 1 1 0 0.42 0.34 0.62 0.76
116   1   2   2   0   1   1 1 1 1 1 0.38 0.30 0.58 0.76
117   2   2  12   5   0   1 0 0 0 0 0.34 0.26 0.54 0.72
118   1   2  10   0   1   1 0 1 0 1 0.34 0.26 0.54 0.72
119   2   1   1  -4   0   2 0 0 0 0 0.06 0.12 0.10 0.22
120   4   2  13   0   1   2 0 1 1 1 0.26 0.24 0.44 0.44
121   4   2  16   0   1   1 0 0 1 1 0.36 0.22 0.56 0.68
122   2   2  12   0   1   1 1 1 1 1 0.36 0.22 0.52 0.64
123   2   1  15   0   1   2 0 1 1 0 0.08 0.14 0.12 0.24
124   1   1  11   3   0   2 0 0 0 0 0.08 0.10 0.08 0.24
125   1   1   8   0   1   1 1 1 1 1 0.36 0.22 0.52 0.56
126   3   2   5   0   1   2 0 1 1 1 0.26 0.20 0.40 0.40
127   2   2  16   0   1   1 0 1 1 1 0.32 0.18 0.48 0.60
128   5   2   5   0   1   2 0 1 1 1 0.28 0.16 0.36 0.36
129   3   2  10   0   1   1 0 1 1 1 0.32 0.14 0.44 0.56
130   1   1  12   0   1   1 1 1 1 1 0.32 0.18 0.48 0.52
131   3   2   4   0   1   1 1 1 1 1 0.34 0.10 0.40 0.52
132   3   2   2   0   1   1 0 1 1 1 0.30 0.06 0.36 0.48
133   5   1  11   3   0   2 0 0 0 0 0.10 0.10 0.08 0.26
134   5   1  16   0   1   1 1 1 1 0 0.28 0.14 0.44 0.48
135   2   1  11   0   1   2 1 1 1 0 0.10 0.12 0.10 0.26
136   2   2   2   0   1   1 0 1 1 1 0.30 0.02 0.32 0.44
137   3   1   2   0   1   1 1 1 1 1 0.24 0.10 0.40 0.48
138   3   1   1   0   1   2 0 0 1 1 0.06 0.08 0.06 0.28
139   1   2   6  -4   0   1 0 0 0 0 0.32 0.02 0.28 0.40
140   2   1   9  -3   0   2 0 0 0 0 0.06 0.08 0.02 0.24
141   2   1   8   0   1   1 1 1 1 0 0.20 0.06 0.36 0.44
142   3   1   8   5   0   1 0 0 0 0 0.16 0.02 0.32 0.44
143   1   2  10   0   1   1 1 0 0 0 0.32 0.02 0.28 0.40
144   1   2   8   0   1   1 1 0 0 0 0.28 0.04 0.30 0.42
145   5   1   3   2   0   2 0 0 0 0 0.08 0.10 0.02 0.24
146   1   2  12   0   1   1 0 0 1 1 0.24 0.04 0.30 0.42
147   1   2   6   0   1   1 1 0 0 0 0.24 0.06 0.26 0.38
148   3   2  15   0   1   2 0 0 1 1 0.28 0.12 0.32 0.32
149   5   1  13  -5   0   2 0 0 0 0 0.08 0.10 0.04 0.26
150   5   1   9  -3   0   2 0 0 0 0 0.10 0.12 0.04 0.26
151   4   2   9   0   1   2 1 0 0 0 0.30 0.12 0.28 0.28
152   4   1   5  -3   0   2 0 0 0 0 0.10 0.12 0.06 0.28
153   2   2   1   0   1   2 0 0 1 1 0.26 0.14 0.28 0.28
154   4   1   1   0   1   2 0 1 1 1 0.12 0.14 0.06 0.28
155   2   2   5  -4   0   2 0 0 0 0 0.26 0.14 0.24 0.24
156   5   1  14   0   1   1 1 0 1 1 0.16 0.02 0.32 0.46
157   1   1   7   0   1   2 0 0 0 1 0.12 0.10 0.02 0.24
158   1   1   5  -3   0   2 0 0 0 0 0.14 0.10 0.02 0.20
159   5   1   7   2   0   2 0 0 0 0 0.14 0.12 0.04 0.20
160   1   1   9   0   1   2 1 1 1 1 0.16 0.12 0.04 0.22
161   5   1   5  -3   0   2 0 0 0 0 0.12 0.08 0.02 0.18
162   1   1   4   0   1   1 0 0 1 1 0.12 0.04 0.28 0.42
163   4   1   9   1   0   2 0 0 0 0 0.12 0.08 0.02 0.18
164   5   2   5  -4   0   2 0 0 0 0 0.28 0.16 0.24 0.24
165   3   1  14   0   1   1 0 0 1 0 0.12 0.04 0.24 0.38
166   2   1   6   0   1   1 0 0 1 1 0.14 0.06 0.20 0.38
167   3   2   2   0   1   1 1 0 1 1 0.20 0.06 0.26 0.38
168   2   1   9   3   0   2 0 0 0 0 0.14 0.10 0.04 0.20
169   5   1   6   0   1   1 1 0 1 1 0.14 0.06 0.16 0.34
170   2   2   6  -3   0   1 0 0 0 0 0.16 0.08 0.22 0.34
171   2   2   9   0   1   2 1 0 0 1 0.28 0.16 0.26 0.26
172   5   2  16   0   1   1 1 0 0 0 0.16 0.08 0.22 0.34
173   3   2  13   0   1   2 1 1 1 0 0.24 0.18 0.26 0.22
174   1   2   2   0   1   1 0 0 1 1 0.12 0.10 0.24 0.36
175   5   1   4   5   0   1 0 0 0 0 0.10 0.08 0.12 0.30
176   2   2  14  -4   0   1 0 0 0 0 0.12 0.10 0.20 0.32
177   1   2   3   3   0   2 0 0 0 0 0.20 0.14 0.22 0.22
178   3   2   7   3   0   2 0 0 0 0 0.20 0.14 0.22 0.24
179   1   1  11   0   1   2 1 0 1 1 0.14 0.10 0.04 0.20
180   5   1  14  -3   0   1 0 0 0 0 0.10 0.08 0.12 0.30
181   4   1  15   4   0   2 0 0 0 0 0.10 0.12 0.02 0.16
182   4   1  11   5   0   2 0 0 0 0 0.10 0.12 0.02 0.16
183   2   1   2   0   1   1 1 1 0 1 0.12 0.10 0.14 0.32
184   4   1  12   0   1   1 0 0 0 1 0.08 0.06 0.14 0.28
185   2   2  10   2   0   1 0 0 0 0 0.14 0.12 0.20 0.32
186   1   2   7   5   0   2 0 0 0 0 0.22 0.16 0.24 0.24
187   2   1  10   0   1   1 0 0 1 1 0.08 0.06 0.16 0.24
188   2   1  15   1   0   2 0 0 0 0 0.12 0.14 0.04 0.18
189   5   1  11   5   0   2 0 0 0 0 0.12 0.14 0.04 0.18
190   4   2   4   8   0   1 0 0 0 0 0.14 0.12 0.22 0.34
191   5   2  10   0   1   1 0 0 0 1 0.16 0.14 0.22 0.34
192   1   2  10  -2   0   1 0 0 0 0 0.16 0.14 0.24 0.30
193   2   2   3   6   0   2 0 0 0 0 0.22 0.16 0.24 0.26
194   5   1  13  -4   0   2 0 0 0 0 0.14 0.16 0.06 0.20
195   4   1  11   3   0   2 0 0 0 0 0.14 0.16 0.06 0.20
196   3   1  13  -3   0   2 0 0 0 0 0.16 0.18 0.08 0.22
197   5   2  13  -3   0   2 0 0 0 0 0.24 0.18 0.26 0.26
198   3   2  10  -3   0   1 0 0 0 0 0.18 0.16 0.24 0.30
199   2   1   5  -4   0   2 0 0 0 0 0.16 0.18 0.08 0.22
200   5   2   6  -4   0   1 0 0 0 0 0.18 0.16 0.26 0.32
201   4   2   5  -4   0   2 0 0 0 0 0.24 0.18 0.26 0.28
202   3   1  11   6   0   2 0 0 0 0 0.18 0.20 0.10 0.24
203   4   2  10   4   0   1 0 0 0 0 0.20 0.18 0.26 0.32
204   3   1  10   2   0   1 0 0 0 0 0.10 0.08 0.12 0.20
205   4   1  15   0   1   2 1 1 0 1 0.18 0.20 0.10 0.24
206   1   1  14  -4   0   1 0 0 0 0 0.10 0.08 0.12 0.20
207   3   2   1  -3   0   2 0 0 0 0 0.26 0.20 0.28 0.28
208   4   2  11   4   0   2 0 0 0 0 0.26 0.20 0.28 0.30
209   4   1   5   0   1   2 0 0 1 1 0.14 0.16 0.12 0.20
210   1   2   4   0   1   1 0 1 1 1 0.20 0.18 0.28 0.34
211   1   2   8   0   1   1 0 0 0 1 0.22 0.14 0.24 0.30
212   2   2   7   0   1   2 0 0 1 1 0.28 0.22 0.30 0.30
213   5   2   5  -2   0   2 0 0 0 0 0.28 0.22 0.26 0.26
214   1   2  15   5   0   2 0 0 0 0 0.30 0.24 0.26 0.26
215   5   1   1   0   1   2 1 1 1 0 0.14 0.16 0.08 0.16
216   4   2   4   4   0   1 0 0 0 0 0.22 0.14 0.24 0.26
217   1   1   2  -4   0   1 0 0 0 0 0.12 0.10 0.14 0.22
218   1   1   2  -6   0   1 0 0 0 0 0.12 0.10 0.14 0.22
219   4   2   9   0   1   2 1 1 1 1 0.30 0.24 0.28 0.28
220   5   2  15   0   1   2 0 0 1 1 0.26 0.20 0.24 0.24
221   4   2   8  -1   1   1 0 0 1 1 0.24 0.16 0.26 0.26
222   4   1   9  -2   0   2 0 0 0 0 0.10 0.12 0.04 0.16
223   1   1   7   4   0   2 0 0 0 0 0.10 0.12 0.04 0.18
224   4   1   6   0   1   1 0 0 1 1 0.14 0.12 0.16 0.24
225   2   1  12   0   1   1 1 1 0 0 0.14 0.12 0.12 0.20
226   1   2   7   3   0   2 0 0 0 0 0.26 0.20 0.20 0.20
227   3   2   8   3   0   1 0 0 0 0 0.24 0.16 0.22 0.22
228   3   1  15  -3   0   2 0 0 0 0 0.12 0.14 0.06 0.18
229   1   2  16   0   1   1 0 0 1 1 0.26 0.18 0.22 0.22
230   3   2   1   0   1   2 1 1 0 0 0.28 0.22 0.20 0.20
231   3   1   4   0   1   1 1 1 1 1 0.10 0.08 0.12 0.20
232   5   2   7   0   1   2 0 1 1 1 0.24 0.18 0.22 0.22
233   4   1  16   0   1   1 0 0 1 1 0.06 0.04 0.08 0.16
234   3   1   8   0   1   1 0 0 1 1 0.06 0.04 0.04 0.12
235   2   2   7   0   1   2 1 1 1 1 0.24 0.14 0.18 0.18
236   4   1  14   0   1   1 0 0 1 1 0.08 0.06 0.02 0.08
237   5   1  10   1   0   1 0 0 0 0 0.08 0.06 0.02 0.04
238   5   1   1   0   1   2 1 1 1 1 0.12 0.14 0.06 0.20
239   5   1   7   0   1   2 1 1 1 1 0.08 0.10 0.02 0.16
240   5   1  13   0   1   2 0 0 0 1 0.04 0.06 0.02 0.12
241   1   2   5   0   1   2 0 1 1 1 0.20 0.10 0.14 0.14
242   2   1   5   0   1   2 0 0 1 1 0.04 0.06 0.02 0.08
243   1   1  16   4   0   1 0 0 0 0 0.10 0.08 0.02 0.04
244   1   1   1  -2   0   2 0 0 0 0 0.06 0.08 0.02 0.04
245   4   2   2  -3   0   1 0 0 0 0 0.26 0.18 0.18 0.18
246   4   1   6  -7   0   1 0 0 0 0 0.10 0.08 0.04 0.06
247   1   1   3   8   0   2 0 0 0 0 0.06 0.08 0.02 0.04
248   2   1   7   6   0   2 0 0 0 0 0.08 0.10 0.04 0.06
249   2   2  12   0   1   1 0 1 0 0 0.28 0.20 0.18 0.18
250   4   2   7   0   1   2 1 1 0 1 0.20 0.06 0.10 0.10
251   5   2  13   0   1   2 1 0 0 0 0.16 0.02 0.10 0.06
252   4   1   4   5   0   1 0 0 0 0 0.12 0.10 0.04 0.06
253   5   2   2   0   1   1 1 0 0 0 0.28 0.16 0.20 0.20
254   5   1   1  -1   0   2 0 0 0 0 0.08 0.10 0.04 0.06
255   2   2   3   0   1   2 0 0 1 0 0.12 0.02 0.12 0.06
256   1   2  16   0   1   1 0 0 0 1 0.24 0.16 0.20 0.20
257   2   2   3   0   1   2 1 0 0 1 0.12 0.04 0.08 0.08
258   3   2  11   0   1   2 1 0 0 1 0.08 0.04 0.08 0.04
259   1   2   4   1   1   1 1 1 0 0 0.24 0.18 0.22 0.16
260   4   1  12   0   1   1 1 1 1 1 0.12 0.10 0.06 0.08
261   4   2   1  -3   0   2 0 0 0 0 0.04 0.06 0.10 0.02
262   2   2  10  -2   0   1 0 0 0 0 0.20 0.14 0.22 0.16
263   3   1   7   2   0   2 0 0 0 0 0.10 0.12 0.06 0.08
264   5   2   4   0   1   1 0 0 1 0 0.20 0.14 0.24 0.18
265   4   1   6  -3   0   1 0 0 0 0 0.08 0.06 0.02 0.04
266   5   1   2  -3   0   1 0 0 0 0 0.08 0.06 0.02 0.04
267   1   2   6   0   1   1 0 0 0 1 0.22 0.16 0.20 0.18
268   5   1   2   0   1   1 1 0 0 1 0.10 0.08 0.04 0.06
269   2   2  15   2   0   2 0 0 0 0 0.04 0.06 0.10 0.02
270   5   2   2  -3   0   1 0 0 0 0 0.22 0.16 0.20 0.14
271   2   1   3   0   1   2 1 1 0 0 0.10 0.12 0.06 0.08
272   2   2   7   3   0   2 0 0 0 0 0.06 0.08 0.12 0.04
273   1   2  12   8   0   1 0 0 0 0 0.24 0.18 0.22 0.14
274   5   1  16   4   0   1 0 0 0 0 0.06 0.08 0.04 0.02
275   4   2   6   0   1   1 1 1 1 1 0.24 0.18 0.22 0.16
276   4   2   4   0   1   1 1 1 1 1 0.20 0.14 0.18 0.12
277   3   1   1   0   1   2 1 1 0 0 0.06 0.08 0.08 0.10
278   5   2   1   0   1   2 1 1 1 0 0.06 0.08 0.12 0.04
279   5   1   9   0   1   2 0 0 1 1 0.02 0.04 0.08 0.10
280   2   1  16   0   1   1 1 1 1 0 0.06 0.10 0.06 0.02
281   2   1   1   0   1   2 1 1 0 0 0.02 0.04 0.04 0.06
282   2   1  11   3   0   2 0 0 0 0 0.02 0.02 0.04 0.06
283   2   1   8   0   0   1 0 0 0 0 0.02 0.06 0.02 0.04
284   4   1  13  -3   0   2 0 0 0 0 0.02 0.02 0.06 0.08
285   1   1   4   0   1   1 0 0 1 1 0.02 0.06 0.02 0.04
286   3   2  11   3   0   2 0 0 0 0 0.02 0.04 0.08 0.06
287   3   1   4   6   0   1 0 0 0 0 0.04 0.08 0.02 0.02
288   2   2  15   4   0   2 0 0 0 0 0.02 0.04 0.08 0.06
289   5   2   9   0   0   2 0 0 0 0 0.04 0.06 0.10 0.08
290   1   1  14  -2   0   1 0 0 0 0 0.04 0.08 0.02 0.02
291   4   2  11   5   0   2 0 0 0 0 0.04 0.06 0.10 0.08
292   5   2   3   4   0   2 0 0 0 0 0.06 0.08 0.12 0.10
293   1   1   7   5   0   2 0 0 0 0 0.04 0.04 0.06 0.08
294   5   1   7   5   0   2 0 0 0 0 0.04 0.04 0.08 0.10
295   2   2  13  -4   0   2 0 0 0 0 0.06 0.08 0.12 0.10
296   5   2  16   4   0   1 0 0 0 0 0.16 0.10 0.14 0.08
297   5   1  15   0   1   2 0 0 1 1 0.06 0.06 0.08 0.10
298   5   2  11   8   0   2 0 0 0 0 0.08 0.10 0.14 0.12
299   2   1   6   4   0   1 0 0 0 0 0.06 0.10 0.04 0.04
300   1   1   8   4   0   1 0 0 0 0 0.06 0.10 0.04 0.04
301   4   1  10   2   0   1 0 0 0 0 0.08 0.12 0.06 0.06
302   1   2   1  -4   0   2 0 0 0 0 0.08 0.10 0.14 0.12
303   2   1  13  -3   0   2 0 0 0 0 0.06 0.06 0.04 0.06
304   1   1   1  -5   0   2 0 0 0 0 0.08 0.08 0.04 0.06
305   4   2   6  -5   0   1 0 0 0 0 0.16 0.10 0.14 0.08
306   5   1  15  -4   0   2 0 0 0 0 0.08 0.08 0.06 0.08
307   4   1   4   5   0   1 0 0 0 0 0.08 0.12 0.06 0.06
308   3   2  14  -3   0   1 0 0 0 0 0.18 0.12 0.16 0.10
309   3   2   8   4   0   1 0 0 0 0 0.18 0.12 0.16 0.10
310   4   1  11   2   0   2 0 0 0 0 0.10 0.10 0.06 0.08
311   4   1   8   8   0   1 0 0 0 0 0.10 0.14 0.08 0.08
312   1   1   9   3   0   2 0 0 0 0 0.10 0.10 0.08 0.10
313   2   1  16   4   0   1 0 0 0 0 0.10 0.14 0.08 0.08
314   3   1  11   4   0   2 0 0 0 0 0.12 0.12 0.08 0.10
315   1   1   4   0   1   1 0 1 1 0 0.12 0.16 0.10 0.10
316   4   2   5  -3   0   2 0 0 0 0 0.10 0.12 0.16 0.14
317   2   2   9   3   0   2 0 0 0 0 0.10 0.12 0.16 0.14
318   5   1   5   0   1   2 0 1 0 1 0.12 0.12 0.10 0.12
319   5   1  12   0   1   1 0 1 1 0 0.12 0.12 0.06 0.10
320   4   1   1   0   1   2 1 1 1 0 0.14 0.08 0.10 0.08
321   2   2   5   2   0   2 0 0 0 0 0.12 0.14 0.18 0.16
322   4   2   1   0   1   2 1 0 0 1 0.12 0.14 0.18 0.16
323   5   2  15  -2   0   2 0 0 0 0 0.08 0.16 0.20 0.12
324   4   2  15   0   1   2 1 0 0 1 0.08 0.16 0.20 0.12
325   5   1   8   0   1   1 1 1 0 0 0.14 0.08 0.02 0.12
326   5   2  13  -3   0   2 0 0 0 0 0.04 0.18 0.22 0.08
327   4   2   3   3   0   2 0 0 0 0 0.04 0.18 0.22 0.08
328   1   2  13  -3   0   2 0 0 0 0 0.06 0.20 0.24 0.10
329   1   2   9   5   0   2 0 0 0 0 0.06 0.20 0.24 0.10
330   2   1   1   0   1   2 1 0 1 1 0.10 0.04 0.06 0.08
331   1   1   3   5   0   2 0 0 0 0 0.06 0.04 0.02 0.04
332   4   1   1   2   0   2 0 0 0 0 0.06 0.06 0.02 0.04
333   3   1  14   0   1   1 1 0 0 0 0.10 0.04 0.02 0.12
334   3   2  15   3   0   2 0 0 0 0 0.08 0.22 0.26 0.12
335   4   2  14   0   1   1 1 1 0 0 0.20 0.14 0.18 0.12
336   4   1  16   0   1   1 1 1 0 0 0.06 0.04 0.04 0.14
337   4   1   3   1   1   2 1 0 0 0 0.08 0.06 0.04 0.06
338   1   2   1   0   1   2 1 1 1 1 0.08 0.22 0.26 0.12
339   1   1  13   0   1   2 1 1 0 1 0.04 0.08 0.04 0.06
340   4   2   2   0   1   1 1 1 0 1 0.16 0.10 0.18 0.12
341   1   2   2   0   1   1 1 1 0 1 0.12 0.06 0.20 0.08
342   2   1   5   0   1   2 1 1 0 1 0.02 0.04 0.06 0.02
343   3   2   1   0   1   2 0 1 1 1 0.04 0.18 0.22 0.08
344   3   1  14   0   1   1 1 1 1 0 0.02 0.02 0.04 0.14
345   4   2  10   0   1   1 1 1 0 1 0.08 0.02 0.20 0.04
346   3   2  13   0   1   2 1 1 0 1 0.04 0.14 0.18 0.04
347   5   2   7   0   1   2 1 1 0 0 0.02 0.10 0.18 0.02
348   5   2   4   0   1   1 1 1 0 0 0.04 0.02 0.22 0.02
349   4   1  10   0   1   1 1 1 0 1 0.02 0.02 0.02 0.16
350   5   2   3   3   0   2 0 0 0 0 0.02 0.06 0.20 0.02
351   1   1   3   0   1   2 1 1 1 0 0.02 0.02 0.06 0.02
352   1   2  11   0   1   2 1 1 0 1 0.02 0.06 0.20 0.04
353   5   1  10   0   1   1 0 1 1 1 0.02 0.02 0.02 0.12
354   1   1   8   0   1   1 0 1 1 0 0.02 0.02 0.02 0.08
355   5   1   4   0   1   1 0 1 1 1 0.04 0.02 0.02 0.08
356   2   2   8   0   1   1 0 1 1 1 0.02 0.02 0.22 0.02
357   1   1   2  -7   0   1 0 0 0 0 0.04 0.02 0.02 0.04
358   1   1   6  -6   0   1 0 0 0 0 0.06 0.02 0.02 0.04
359   4   1   4   0   1   1 1 1 0 1 0.06 0.04 0.04 0.06
360   2   1   3  -3   0   2 0 0 0 0 0.02 0.02 0.02 0.02
361   4   2  11   0   1   2 0 0 1 0 0.02 0.02 0.22 0.02
362   3   2   3   0   1   2 1 1 0 1 0.02 0.02 0.18 0.02
363   5   1  11   0   1   2 0 0 0 1 0.02 0.02 0.02 0.04
364   3   1   6   0   1   1 0 0 1 0 0.02 0.02 0.04 0.02
365   1   2  14  -4   0   1 0 0 0 0 0.02 0.02 0.18 0.02
366   2   2   4   9   0   1 0 0 0 0 0.04 0.02 0.18 0.02
367   3   1  10   2   0   1 0 0 0 0 0.02 0.02 0.02 0.02
368   3   2  11   0   1   2 0 0 1 0 0.02 0.02 0.18 0.02
369   5   2  15   0   1   2 0 0 1 0 0.02 0.02 0.14 0.02
370   5   2   1  -4   0   2 0 0 0 0 0.04 0.04 0.10 0.04
371   2   2   2   0   1   1 1 1 1 0 0.04 0.04 0.20 0.04
372   2   2  13   0   0   2 0 0 0 0 0.04 0.04 0.10 0.04
373   4   2  14   0   1   1 0 0 0 0 0.02 0.02 0.16 0.04
374   3   1   5  -3   0   2 0 0 0 0 0.04 0.04 0.04 0.02
375   5   2   7   4   0   2 0 0 0 0 0.06 0.06 0.12 0.06
376   4   2   6  -2   0   1 0 0 0 0 0.02 0.02 0.16 0.06
377   1   1  10   3   0   1 0 0 0 0 0.04 0.04 0.02 0.04
378   5   1   8   5   0   1 0 0 0 0 0.04 0.04 0.04 0.04
379   5   2   9  -3   0   2 0 0 0 0 0.06 0.06 0.12 0.06
380   5   2   9  -3   0   2 0 0 0 0 0.08 0.08 0.14 0.08
381   1   2  14   0   0   1 0 0 0 0 0.04 0.04 0.18 0.06
382   5   1   9  -2   0   2 0 0 0 0 0.04 0.04 0.04 0.02
383   4   1  13  -4   0   2 0 0 0 0 0.06 0.06 0.06 0.04
384   3   1   2  -4   0   1 0 0 0 0 0.06 0.06 0.04 0.06
385   4   2  16   9   0   1 0 0 0 0 0.04 0.04 0.18 0.08
386   3   1   7   5   0   2 0 0 0 0 0.06 0.06 0.06 0.04
387   3   1  15   0   1   2 1 1 1 1 0.08 0.08 0.08 0.06
388   3   2   6  -4   0   1 0 0 0 0 0.06 0.06 0.20 0.08
389   2   2   5  -5   0   2 0 0 0 0 0.08 0.08 0.14 0.08
390   3   1  16   5   0   1 0 0 0 0 0.06 0.06 0.06 0.06
391   2   1   4   9   0   1 0 0 0 0 0.08 0.08 0.06 0.08
392   3   2   5   3   0   2 0 0 0 0 0.10 0.10 0.16 0.10
393   3   2  13  -5   0   2 0 0 0 0 0.10 0.10 0.16 0.10
394   5   2  11   6   0   2 0 0 0 0 0.12 0.12 0.18 0.12
395   2   2   9   4   0   2 0 0 0 0 0.12 0.12 0.18 0.12
396   5   1  14  -4   0   1 0 0 0 0 0.08 0.08 0.08 0.08
397   2   2  13  -4   0   2 0 0 0 0 0.14 0.14 0.20 0.14
398   1   1  15   4   0   2 0 0 0 0 0.04 0.04 0.04 0.02
399   1   1  10   4   0   1 0 0 0 0 0.10 0.10 0.08 0.10
400   3   1   6  -4   0   1 0 0 0 0 0.10 0.10 0.10 0.10
401   5   2   2  -7   0   1 0 0 0 0 0.06 0.06 0.20 0.10
402   5   2   4   8   0   1 0 0 0 0 0.08 0.08 0.22 0.10
403   3   1  12  10   0   1 0 0 0 0 0.12 0.12 0.10 0.12
404   2   2  16   4   0   1 0 0 0 0 0.08 0.08 0.22 0.12
405   3   1   1   4   0   2 0 0 0 0 0.04 0.04 0.04 0.02
406   5   2   6  -4   0   1 0 0 0 0 0.10 0.10 0.24 0.12
407   1   2  15  -4   0   2 0 0 0 0 0.14 0.14 0.20 0.14
408   3   2  16   5   0   1 0 0 0 0 0.10 0.10 0.24 0.14
409   1   2   4   6   0   1 0 0 0 0 0.12 0.12 0.26 0.14
410   2   1  14  -4   0   1 0 0 0 0 0.12 0.12 0.12 0.12
411   5   1  16   4   0   1 0 0 0 0 0.14 0.14 0.12 0.14
412   3   1  12   7   0   1 0 0 0 0 0.14 0.14 0.14 0.14
413   3   2   2  -3   0   1 0 0 0 0 0.12 0.12 0.26 0.16
414   2   1  12   0   1   1 0 1 0 1 0.16 0.16 0.14 0.16
415   3   2   7   5   0   2 0 0 0 0 0.16 0.16 0.22 0.16
416   1   1  13  -1   0   2 0 0 0 0 0.06 0.06 0.06 0.04
417   4   1  14   0   1   1 0 1 0 1 0.16 0.12 0.16 0.12
418   2   1   7   0   1   2 0 0 0 0 0.06 0.06 0.06 0.04
419   2   1   8   6   0   1 0 0 0 0 0.18 0.08 0.16 0.08
420   1   1   5  -3   0   2 0 0 0 0 0.08 0.08 0.08 0.06
421   3   1  12   0   1   1 1 0 1 1 0.18 0.08 0.18 0.08
422   4   1   2  -3   0   1 0 0 0 0 0.14 0.10 0.14 0.04
423   2   2  15   0   1   2 1 0 1 1 0.16 0.16 0.22 0.16
424   2   1   2  -1   1   1 1 0 1 0 0.14 0.10 0.14 0.04
425   5   1   6  -1   1   1 0 0 1 0 0.10 0.12 0.10 0.06
426   3   2  16  -1   1   1 0 0 1 0 0.14 0.14 0.28 0.16
427   4   2   7   0   1   2 0 0 0 1 0.12 0.18 0.18 0.12
428   3   2   9   0   1   2 0 0 0 0 0.12 0.18 0.18 0.08
429   4   1   7   3   0   2 0 0 0 0 0.08 0.08 0.08 0.06
430   4   1  15   4   0   2 0 0 0 0 0.10 0.10 0.10 0.08
431   3   1   3   0   1   2 1 0 1 1 0.10 0.10 0.10 0.08
432   2   1  16   0   1   1 0 0 0 0 0.10 0.12 0.06 0.06
433   4   2  12  10   0   1 0 0 0 0 0.14 0.14 0.24 0.18
434   5   1   3   5   0   2 0 0 0 0 0.06 0.12 0.06 0.04
435   4   1   5  -4   0   2 0 0 0 0 0.06 0.12 0.06 0.04
436   3   1   3   3   0   2 0 0 0 0 0.08 0.14 0.08 0.06
437   3   2  14   0   1   1 0 0 1 1 0.16 0.16 0.24 0.18
438   2   1  12   0   1   1 1 1 0 0 0.12 0.14 0.06 0.08
439   3   1   9   3   0   2 0 0 0 0 0.08 0.14 0.08 0.06
440   2   2   1   0   1   2 0 1 1 1 0.14 0.20 0.20 0.08
441   2   1   6   0   1   1 0 1 0 1 0.08 0.10 0.08 0.08
442   3   2   8   0   1   1 0 1 1 1 0.16 0.16 0.20 0.14
443   2   2  11   0   1   2 0 1 1 1 0.14 0.16 0.16 0.04
444   5   2  10   0   1   1 0 1 1 1 0.18 0.12 0.16 0.10
445   1   2   5   0   1   2 0 1 1 0 0.16 0.12 0.12 0.02
446   3   2   9   0   1   2 0 0 1 0 0.16 0.08 0.08 0.02
447   2   2  14   0   1   1 0 1 1 1 0.18 0.08 0.12 0.06
448   5   1   8   0   1   1 1 0 0 0 0.08 0.06 0.08 0.04
449   2   2  16   4   0   1 0 0 0 0 0.20 0.04 0.08 0.02
450   3   1   2  -4   0   1 0 0 0 0 0.04 0.06 0.10 0.04
451   4   2   9  -2   0   2 0 0 0 0 0.18 0.08 0.04 0.04
452   1   2   9   0   0   2 0 0 0 0 0.18 0.10 0.04 0.04
453   1   2  12  10   0   1 0 0 0 0 0.20 0.04 0.08 0.02
454   5   2   8   0   1   1 1 0 1 1 0.22 0.06 0.10 0.04
455   4   1   7   0   1   2 1 0 0 1 0.10 0.16 0.10 0.08
456   1   2   1  -2   0   2 0 0 0 0 0.20 0.10 0.06 0.06
457   4   1   8   4   0   1 0 0 0 0 0.04 0.08 0.10 0.06
458   4   1   2  -3   0   1 0 0 0 0 0.06 0.08 0.12 0.06
459   3   1   9   4   0   2 0 0 0 0 0.06 0.16 0.10 0.04
460   2   2   2  -3   0   1 0 0 0 0 0.18 0.06 0.06 0.02
461   5   1  12   4   0   1 0 0 0 0 0.06 0.10 0.12 0.08
462   3   2  12   5   0   1 0 0 0 0 0.18 0.08 0.06 0.02
463   5   2  12   0   1   1 0 0 1 1 0.20 0.08 0.08 0.04
464   1   2   7   5   0   2 0 0 0 0 0.20 0.12 0.06 0.06
465   3   1   4   6   0   1 0 0 0 0 0.08 0.10 0.14 0.08
466   5   1  15   3   0   2 0 0 0 0 0.06 0.18 0.12 0.04
467   1   1  11   0   1   2 0 1 0 0 0.08 0.18 0.12 0.06
468   5   2  16   0   1   1 0 1 0 0 0.20 0.10 0.04 0.02
469   1   1  13  -3   0   2 0 0 0 0 0.08 0.14 0.14 0.06
470   4   1   3   4   0   2 0 0 0 0 0.10 0.14 0.14 0.08
471   2   1   2  -4   0   1 0 0 0 0 0.08 0.12 0.14 0.10
472   1   1   6  -3   0   1 0 0 0 0 0.10 0.12 0.16 0.10
473   1   2  15   5   0   2 0 0 0 0 0.22 0.12 0.08 0.08
474   4   1   7   5   0   2 0 0 0 0 0.10 0.16 0.16 0.08
475   2   2   8   6   0   1 0 0 0 0 0.22 0.06 0.04 0.02
476   1   2  14   0   1   1 1 0 0 0 0.22 0.06 0.06 0.04
477   3   2   4   0   1   1 1 0 0 0 0.18 0.08 0.06 0.04
478   1   2  13  -3   0   2 0 0 0 0 0.22 0.14 0.08 0.08
479   4   2  12   8   0   1 0 0 0 0 0.14 0.08 0.08 0.06
480   2   1   9   0   1   2 0 0 1 1 0.12 0.16 0.16 0.10
