  1   1   1  11   3   0   2 0 0 0 0 0.10 0.10 0.10 0.10
  2   2   2  15   4   0   2 0 0 0 0 0.10 0.10 0.10 0.10
  3   1   1  12   0   1   1 1 1 1 1 0.60 0.60 0.60 0.60
  4   4   1   2  -4   0   1 0 0 0 0 0.56 0.56 0.56 0.56
  5   4   1   9   2   1   2 1 1 1 1 0.10 0.10 0.10 0.10
  6   5   2  14   0   1   1 1 1 1 1 0.70 0.70 0.70 0.70
  7   1   1   6   0   1   1 1 1 1 1 0.56 0.56 0.56 0.56
  8   5   2   8   6   0   1 0 0 0 0 0.66 0.66 0.66 0.66
  9   4   2  14  -4   0   1 0 0 0 0 0.66 0.66 0.66 0.66
 10   3   2  13   4   0   2 0 0 0 0 0.10 0.10 0.10 0.10
 11   3   2   1   2   0   2 0 0 0 0 0.12 0.12 0.12 0.12
 12   1   1   6   0   1   1 1 1 1 1 0.52 0.52 0.52 0.52
 13   3   1   3   2   0   2 0 0 0 0 0.06 0.06 0.06 0.06
 14   2   1   2   2   0   1 0 0 0 0 0.48 0.48 0.48 0.48
 15   5   2   7   2   0   2 0 0 0 0 0.12 0.12 0.12 0.12
 16   3   2  16   0   1   1 1 1 1 1 0.68 0.68 0.68 0.68
 17   4   2   4   0   1   1 1 1 1 1 0.64 0.64 0.64 0.64
 18   4   1  12   0   1   1 1 1 1 1 0.48 0.48 0.48 0.48
 19   1   1  14   3   0   1 0 0 0 0 0.44 0.44 0.44 0.44
 20   1   2  15   4   0   2 0 0 0 0 0.14 0.14 0.14 0.14
 21   2   1   7   4   0   2 0 0 0 0 0.06 0.06 0.06 0.06
 22   2   1   3   6   0   2 0 0 0 0 0.08 0.08 0.08 0.08
 23   4   2  15   4   0   2 0 0 0 0 0.14 0.14 0.14 0.14
 24   5   2  16   4   0   1 0 0 0 0 0.60 0.60 0.60 0.60
 25   5   1  13   5   0   2 0 0 0 0 0.08 0.08 0.08 0.08
 26   2   1  14   0   1   1 1 1 1 1 0.44 0.44 0.44 0.44
 27   1   1   4   0   1   1 1 1 1 1 0.40 0.40 0.40 0.40
 28   1   2  15   5   0   2 0 0 0 0 0.16 0.16 0.16 0.16
 29   5   1   7   6   0   2 0 0 0 0 0.10 0.10 0.10 0.10
 30   5   2   2   0   1   1 1 1 1 1 0.60 0.60 0.60 0.60
 31   4   2   6   0   1   1 1 1 1 1 0.56 0.56 0.56 0.56
 32   4   2  11   6   0   2 0 0 0 0 0.16 0.16 0.16 0.16
 33   3   1  13   4   0   2 0 0 0 0 0.10 0.10 0.10 0.10
 34   3   1   4   6   0   1 0 0 0 0 0.36 0.36 0.36 0.36
 35   4   2   9   0   1   2 1 1 1 1 0.18 0.18 0.18 0.18
 36   4   1   4   0   1   1 1 1 1 1 0.36 0.36 0.36 0.36
 37   1   1  11   5   0   2 0 0 0 0 0.12 0.12 0.12 0.12
 38   5   1   9   0   1   2 1 1 1 1 0.12 0.12 0.12 0.12
 39   2   1   5   5   0   2 0 0 0 0 0.08 0.08 0.08 0.08
 40   4   2  11   5   0   2 0 0 0 0 0.14 0.14 0.14 0.14
 41   3   2  12   0   1   1 1 1 1 1 0.52 0.52 0.52 0.52
 42   2   1   4   0   1   1 1 1 1 1 0.32 0.32 0.32 0.32
 43   4   1   1   5   0   2 0 0 0 0 0.08 0.08 0.08 0.08
 44   2   2   1   2   0   2 0 0 0 0 0.14 0.14 0.14 0.14
 45   1   2   4   0   1   1 1 1 1 1 0.48 0.48 0.48 0.48
 46   1   2  11   5   0   2 0 0 0 0 0.16 0.16 0.16 0.16
 47   3   1   8   0   1   1 1 1 1 1 0.28 0.28 0.28 0.28
 48   4   1  12   4   0   1 0 0 0 0 0.24 0.24 0.24 0.24
 49   2   2  14   0   1   1 1 1 1 1 0.44 0.44 0.44 0.44
 50   2   1  11   0   1   2 1 1 1 1 0.10 0.10 0.10 0.10
 51   3   1  16   0   1   1 1 1 1 1 0.24 0.24 0.24 0.24
 52   3   1   5  -2   0   2 0 0 0 0 0.06 0.06 0.06 0.06
 53   5   1   2   0   1   1 1 1 1 1 0.20 0.20 0.20 0.20
 54   4   2   5   0   1   2 1 1 1 1 0.16 0.16 0.16 0.16
 55   5   2  14   0   1   1 1 1 1 1 0.40 0.40 0.40 0.40
 56   2   2   7   2   0   2 0 0 0 0 0.12 0.12 0.12 0.12
 57   3   2   8   0   1   1 1 1 1 1 0.36 0.36 0.36 0.36
 58   3   2  14   2   0   1 0 0 0 0 0.32 0.32 0.32 0.32
 59   1   1  14   0   1   1 1 1 1 1 0.16 0.16 0.16 0.16
 60   3   1   7   2   0   2 0 0 0 0 0.06 0.06 0.06 0.06
 61   5   1   9   3   0   2 0 0 0 0 0.08 0.08 0.08 0.08
 62   2   2   2   0   1   1 1 1 1 1 0.32 0.32 0.32 0.32
 63   5   2   1   3   0   2 0 0 0 0 0.12 0.12 0.12 0.12
 64   2   2   6   0   1   1 1 1 1 1 0.28 0.28 0.28 0.28
 65   3   1   1   5   0   2 0 0 0 0 0.08 0.08 0.08 0.08
 66   2   1   7   4   0   2 0 0 0 0 0.10 0.10 0.10 0.10
 67   5   1  13   2   0   2 0 0 0 0 0.10 0.10 0.10 0.10
 68   4   2   4   0   1   1 1 1 1 1 0.24 0.24 0.24 0.24
 69   1   2   1   0   1   2 1 1 1 1 0.14 0.14 0.14 0.14
 70   5   1  15   4   0   2 0 0 0 0 0.12 0.12 0.12 0.12
 71   5   1   3   0   1   2 1 1 1 1 0.12 0.12 0.12 0.12
 72   3   1   9  -2   0   2 0 0 0 0 0.08 0.08 0.08 0.08
 73   2   2   9  -2   0   2 0 0 0 0 0.10 0.10 0.10 0.10
 74   1   2  12   3   0   1 0 0 0 0 0.20 0.20 0.20 0.20
 75   5   2   5   4   0   2 0 0 0 0 0.10 0.10 0.10 0.10
 76   4   1  15   4   0   2 0 0 0 0 0.08 0.08 0.08 0.08
 77   1   2   7   4   0   2 0 0 0 0 0.12 0.12 0.12 0.12
 78   4   2   8   5   0   1 0 0 0 0 0.20 0.20 0.20 0.20
 79   4   1  16   5   0   1 0 0 0 0 0.12 0.12 0.12 0.12
 80   3   2  15   5   0   2 0 0 0 0 0.12 0.12 0.12 0.12
 81   4   2   2   0   1   1 1 1 1 1 0.22 0.22 0.22 0.22
 82   5   2   2   3   0   1 0 0 0 0 0.18 0.18 0.18 0.18
 83   2   2   5   3   0   2 0 0 0 0 0.14 0.14 0.14 0.14
 84   3   2   9  -2   0   2 0 0 0 0 0.14 0.14 0.14 0.14
 85   4   1   1   2   0   2 0 0 0 0 0.10 0.10 0.10 0.10
 86   5   2  11   2   0   2 0 0 0 0 0.16 0.16 0.16 0.16
 87   4   2  14   3   0   1 0 0 0 0 0.18 0.18 0.18 0.18
 88   2   1   1   3   0   2 0 0 0 0 0.10 0.10 0.10 0.10
 89   1   1  16   3   0   1 0 0 0 0 0.12 0.12 0.12 0.12
 90   1   2  11   3   0   2 0 0 0 0 0.16 0.16 0.16 0.16
 91   1   2  16   3   0   1 0 0 0 0 0.20 0.20 0.20 0.20
 92   1   1  15   3   0   2 0 0 0 0 0.12 0.12 0.12 0.12
 93   3   2   1   3   0   2 0 0 0 0 0.18 0.18 0.18 0.18
 94   5   1   6   0   1   1 1 1 1 1 0.14 0.14 0.14 0.14
 95   3   1   9   0   1   2 1 1 1 1 0.12 0.12 0.12 0.12
 96   4   2  13   0   1   2 1 1 1 1 0.18 0.18 0.18 0.18
 97   2   2  15   0   1   2 1 1 1 1 0.14 0.14 0.14 0.14
 98   1   1   1   4   0   2 0 0 0 0 0.08 0.08 0.08 0.08
 99   4   2  15   4   0   2 0 0 0 0 0.10 0.10 0.10 0.10
100   2   2  13   4   0   2 0 0 0 0 0.10 0.10 0.10 0.10
101   4   1   3   0   1   2 1 1 1 1 0.08 0.08 0.08 0.08
102   1   1   3   4   0   2 0 0 0 0 0.04 0.04 0.04 0.04
103   3   2   3   4   0   2 0 0 0 0 0.12 0.12 0.12 0.12
104   1   1  10  -4   0   1 0 0 0 0 0.10 0.10 0.10 0.10
105   2   2   2   0   1   1 1 1 1 1 0.20 0.20 0.20 0.20
106   5   2  15   3   0   2 0 0 0 0 0.12 0.12 0.12 0.12
107   3   1   1   3   0   2 0 0 0 0 0.04 0.04 0.04 0.04
108   2   1  15   4   0   2 0 0 0 0 0.06 0.06 0.06 0.06
109   1   1  16   0   1   1 1 1 1 1 0.10 0.10 0.10 0.10
110   1   1   5  -3   0   2 0 0 0 0 0.06 0.06 0.06 0.06
111   5   1  14  -3   0   1 0 0 0 0 0.06 0.06 0.06 0.06
112   1   2  15   3   0   2 0 0 0 0 0.14 0.14 0.14 0.14
113   3   2   9   0   1   2 1 1 1 1 0.14 0.14 0.14 0.14
114   2   1  13   0   1   2 1 1 1 1 0.08 0.08 0.08 0.08
115   5   2  12   0   1   1 1 1 1 1 0.16 0.16 0.16 0.16
116   1   1   4   3   0   1 0 0 0 0 0.06 0.06 0.06 0.06
117   1   1   8   3   0   1 0 0 0 0 0.08 0.08 0.08 0.08
118   3   2   5  -4   0   2 0 0 0 0 0.10 0.10 0.10 0.10
119   3   1  14   4   0   1 0 0 0 0 0.08 0.08 0.08 0.08
120   5   1  16   0   1   1 0 0 1 1 0.10 0.10 0.10 0.10
121   2   2   1   3   0   2 0 0 0 0 0.10 0.10 0.10 0.10
122   4   2   2  -4   0   1 0 0 0 0 0.12 0.12 0.12 0.12
123   1   1   1  -4   0   2 0 0 0 0 0.04 0.04 0.04 0.04
124   5   2  16   5   0   1 0 0 0 0 0.12 0.12 0.12 0.12
125   2   1   1  -3   0   2 0 0 0 0 0.04 0.04 0.04 0.04
126   5   2   9  -4   0   2 0 0 0 0 0.12 0.12 0.12 0.12
127   5   1   4   4   0   1 0 0 0 0 0.10 0.10 0.06 0.06
128   3   1  12   5   0   1 0 0 0 0 0.12 0.12 0.06 0.06
129   2   1  10  -2   0   1 0 0 0 0 0.12 0.12 0.08 0.08
130   4   2   9   2   0   2 0 0 0 0 0.12 0.12 0.12 0.12
131   1   2   2  -2   0   1 0 0 0 0 0.14 0.14 0.14 0.14
132   4   2   2  -3   0   1 0 0 0 0 0.14 0.14 0.14 0.14
133   2   1   3   3   0   2 0 0 0 0 0.06 0.06 0.06 0.06
134   4   1  11   3   0   2 0 0 0 0 0.06 0.06 0.06 0.06
135   4   2   8   5   0   1 0 0 0 0 0.16 0.16 0.16 0.16
136   5   2  13   2   0   2 0 0 0 0 0.14 0.14 0.14 0.14
137   3   2  11   4   0   2 0 0 0 0 0.14 0.14 0.14 0.14
138   5   1   6   3   0   1 0 0 0 0 0.14 0.14 0.08 0.08
139   1   2  14   3   0   1 0 0 0 0 0.16 0.16 0.16 0.16
140   4   2  10  -3   0   1 0 0 0 0 0.18 0.18 0.18 0.18
141   3   1   5   5   0   2 0 0 0 0 0.08 0.08 0.08 0.08
142   3   2  15   0   1   2 1 1 1 1 0.16 0.16 0.16 0.16
143   4   2  10   0   1   1 1 1 1 1 0.18 0.18 0.18 0.18
144   1   1   6   0   1   1 1 1 1 1 0.14 0.14 0.10 0.10
145   1   2   5   4   0   2 0 0 0 0 0.12 0.12 0.12 0.12
146   5   2  14  -3   0   1 0 0 0 0 0.14 0.14 0.14 0.14
147   2   2   8   3   0   1 0 0 0 0 0.14 0.14 0.14 0.14
148   2   1   3   4   0   2 0 0 0 0 0.08 0.08 0.08 0.08
149   3   1   4   7   0   1 0 0 0 0 0.10 0.10 0.06 0.06
150   5   1   1   0   1   2 1 1 1 1 0.10 0.10 0.10 0.10
151   5   1  10  -2   0   1 0 0 0 0 0.10 0.10 0.06 0.06
152   4   2   3   2   0   2 0 0 0 0 0.12 0.12 0.12 0.12
153   2   1   8   2   1   1 1 1 1 1 0.12 0.12 0.08 0.08
154   4   2   9   0   1   2 1 1 1 1 0.14 0.14 0.14 0.14
155   4   2   1   3   0   2 0 0 0 0 0.10 0.10 0.10 0.10
156   5   1   1   3   0   2 0 0 0 0 0.06 0.06 0.06 0.06
157   2   2  12   6   0   1 0 0 0 0 0.16 0.16 0.16 0.16
158   1   2   1   3   0   2 0 0 0 0 0.10 0.10 0.10 0.10
159   3   2  15   3   0   2 0 0 0 0 0.12 0.12 0.12 0.12
160   4   1  10  -4   0   1 0 0 0 0 0.08 0.08 0.04 0.04
161   4   1   6   4   0   1 0 0 0 0 0.08 0.08 0.04 0.04
162   2   2  11   3   0   2 0 0 0 0 0.12 0.12 0.12 0.12
163   3   1   8   6   0   1 0 0 0 0 0.10 0.10 0.06 0.06
164   5   1   5   3   0   2 0 0 0 0 0.06 0.06 0.06 0.06
165   2   2   9  -3   0   2 0 0 0 0 0.14 0.14 0.14 0.14
166   5   1   8   6   0   1 0 0 0 0 0.10 0.10 0.06 0.06
167   4   1   5   3   0   2 0 0 0 0 0.08 0.08 0.08 0.08
168   5   1  12   0   1   1 1 1 1 1 0.12 0.12 0.08 0.08
169   4   1   9  -4   0   2 0 0 0 0 0.08 0.08 0.08 0.08
170   5   1   3   0   1   2 1 1 1 1 0.10 0.10 0.10 0.10
171   5   2   1   0   1   2 1 1 1 1 0.14 0.14 0.14 0.14
172   3   1   6   0   1   1 0 0 1 0 0.08 0.08 0.04 0.04
173   1   2  14   0   1   1 1 1 1 1 0.16 0.16 0.16 0.16
174   1   2   8   6   0   1 0 0 0 0 0.12 0.12 0.12 0.12
175   5   2  13   4   0   2 0 0 0 0 0.10 0.10 0.10 0.10
176   5   1   5   4   0   2 0 0 0 0 0.06 0.06 0.06 0.06
177   2   1   6   4   0   1 0 0 0 0 0.08 0.08 0.02 0.04
178   2   2  14   3   0   1 0 0 0 0 0.12 0.12 0.12 0.12
179   3   2  13   4   0   2 0 0 0 0 0.10 0.10 0.10 0.10
180   5   1  15   5   0   2 0 0 0 0 0.06 0.06 0.06 0.06
181   3   2   8   0   1   1 1 0 0 1 0.14 0.14 0.14 0.14
182   2   2  16   0   1   1 0 0 1 0 0.10 0.14 0.14 0.10
183   3   1  12   7   0   1 0 0 0 0 0.10 0.10 0.02 0.06
184   3   2   7   4   0   2 0 0 0 0 0.12 0.12 0.12 0.12
185   3   1  11   4   0   2 0 0 0 0 0.08 0.08 0.08 0.08
186   1   2   9   5   0   2 0 0 0 0 0.12 0.12 0.12 0.12
187   1   2   9   0   1   2 1 1 1 1 0.14 0.14 0.14 0.14
188   1   1   2   0   1   1 1 1 0 1 0.10 0.10 0.04 0.06
189   4   1   1   0   1   2 1 1 1 1 0.08 0.08 0.08 0.08
190   5   1  11   6   0   2 0 0 0 0 0.04 0.04 0.04 0.04
191   3   1  16   5   0   1 0 0 0 0 0.06 0.06 0.04 0.02
192   5   2   8   1   1   1 1 1 1 1 0.10 0.16 0.10 0.10
193   2   2  12   6   0   1 0 0 0 0 0.06 0.12 0.06 0.06
194   4   1   6  -4   0   1 0 0 0 0 0.06 0.06 0.06 0.02
195   1   1  10  -3   0   1 0 0 0 0 0.08 0.08 0.06 0.04
196   5   1  10  -4   0   1 0 0 0 0 0.08 0.08 0.08 0.04
197   3   1   3  -2   0   2 0 0 0 0 0.04 0.04 0.04 0.04
198   4   1  11   3   0   2 0 0 0 0 0.06 0.06 0.06 0.06
199   4   2   7   4   0   2 0 0 0 0 0.10 0.10 0.10 0.10
200   5   2  15   2   0   2 0 0 0 0 0.10 0.10 0.10 0.10
201   5   1   3   3   0   2 0 0 0 0 0.06 0.06 0.06 0.06
202   1   2   3   3   0   2 0 0 0 0 0.12 0.12 0.12 0.12
203   5   2   6  -3   0   1 0 0 0 0 0.06 0.12 0.06 0.06
204   2   1  11   4   0   2 0 0 0 0 0.08 0.08 0.08 0.08
205   3   1  14  -3   0   1 0 0 0 0 0.10 0.10 0.08 0.06
206   4   1  11   3   0   2 0 0 0 0 0.08 0.08 0.08 0.08
207   3   1  11   3   0   2 0 0 0 0 0.10 0.10 0.10 0.10
208   1   1   5   3   0   2 0 0 0 0 0.10 0.10 0.10 0.10
209   4   2  14  -3   0   1 0 0 0 0 0.08 0.14 0.08 0.08
210   4   2  11   3   0   2 0 0 0 0 0.12 0.12 0.12 0.12
211   4   1   2  -4   0   1 0 0 0 0 0.10 0.10 0.10 0.06
212   2   1   5   4   0   2 0 0 0 0 0.12 0.12 0.12 0.12
213   4   2  12   6   0   1 0 0 0 0 0.08 0.14 0.08 0.08
214   2   2  15   3   0   2 0 0 0 0 0.14 0.14 0.14 0.14
215   3   1   2  -3   0   1 0 0 0 0 0.12 0.12 0.10 0.08
216   3   1   8   6   0   1 0 0 0 0 0.12 0.12 0.12 0.08
217   2   1   9   0   1   2 1 1 1 1 0.12 0.12 0.12 0.12
218   2   1   4   4   0   1 0 0 0 0 0.14 0.14 0.12 0.10
219   1   1   7   4   0   2 0 0 0 0 0.08 0.08 0.08 0.08
220   5   1   1  -3   0   2 0 0 0 0 0.08 0.08 0.08 0.08
221   2   2  13   2   0   2 0 0 0 0 0.14 0.14 0.14 0.14
222   4   2   6  -2   0   1 0 0 0 0 0.10 0.16 0.10 0.10
223   2   2  12   6   0   1 0 0 0 0 0.10 0.16 0.10 0.10
224   5   1   5   5   0   2 0 0 0 0 0.10 0.10 0.10 0.10
225   1   1  10  -1   1   1 1 1 1 1 0.14 0.14 0.14 0.10
226   5   1   7   0   1   2 1 1 1 1 0.10 0.10 0.10 0.10
227   4   2   3   0   1   2 1 1 0 1 0.16 0.16 0.16 0.16
228   2   2  16   4   0   1 0 0 0 0 0.12 0.18 0.12 0.12
229   4   1  15   3   0   2 0 0 0 0 0.06 0.06 0.06 0.06
230   3   2   3   2   0   2 0 0 0 0 0.12 0.12 0.16 0.12
231   3   1   3   2   0   2 0 0 0 0 0.06 0.06 0.06 0.06
232   1   2  16   5   0   1 0 0 0 0 0.12 0.18 0.12 0.12
233   4   2  13   3   0   2 0 0 0 0 0.12 0.12 0.18 0.12
234   4   1  10  -4   0   1 0 0 0 0 0.10 0.10 0.10 0.06
235   2   1  16   4   0   1 0 0 0 0 0.10 0.10 0.10 0.06
236   1   2  11   4   0   2 0 0 0 0 0.14 0.14 0.18 0.14
237   5   1   2  -4   0   1 0 0 0 0 0.12 0.12 0.12 0.08
238   4   2  15   3   0   2 0 0 0 0 0.14 0.14 0.20 0.14
239   2   1  12   6   0   1 0 0 0 0 0.12 0.12 0.12 0.08
240   3   2  16   4   0   1 0 0 0 0 0.14 0.20 0.14 0.14
241   2   1   7   5   0   2 0 0 0 0 0.08 0.08 0.08 0.08
242   5   1   4   0   1   1 1 1 1 1 0.14 0.14 0.14 0.10
243   1   1  11   7   0   2 0 0 0 0 0.08 0.08 0.08 0.08
244   1   1   1  -2   0   2 0 0 0 0 0.10 0.10 0.10 0.10
245   5   1  12   6   0   1 0 0 0 0 0.10 0.10 0.10 0.06
246   1   2   8   4   0   1 0 0 0 0 0.14 0.20 0.14 0.14
247   5   2   5   0   1   2 0 0 1 1 0.16 0.16 0.20 0.16
248   1   2   5  -3   0   2 0 0 0 0 0.16 0.16 0.16 0.12
249   5   1  11   2   0   2 0 0 0 0 0.10 0.10 0.10 0.10
250   4   1   5   0   1   2 1 1 1 1 0.12 0.12 0.12 0.12
251   5   2   1   2   0   2 0 0 0 0 0.18 0.18 0.16 0.12
252   4   1  13   0   1   2 1 0 1 1 0.08 0.08 0.08 0.08
253   1   1  15   3   0   2 0 0 0 0 0.04 0.08 0.04 0.04
254   2   1   6   0   1   1 1 1 1 1 0.10 0.10 0.10 0.06
255   5   2  13   5   0   2 0 0 0 0 0.18 0.18 0.18 0.14
256   3   1  11   0   1   2 0 1 0 0 0.04 0.10 0.04 0.04
257   4   1   4   0   1   1 1 0 1 1 0.06 0.06 0.06 0.02
258   4   1  14  -3   0   1 0 0 0 0 0.02 0.06 0.02 0.02
259   1   2   7   6   1   2 1 1 1 1 0.20 0.20 0.18 0.14
260   3   1  16   5   0   1 0 0 0 0 0.02 0.08 0.02 0.02
261   1   1   5   4   0   2 0 0 0 0 0.06 0.06 0.06 0.06
262   2   1   8   5   0   1 0 0 0 0 0.04 0.08 0.04 0.04
263   3   2  12   7   0   1 0 0 0 0 0.16 0.22 0.16 0.16
264   5   2  11   4   0   2 0 0 0 0 0.16 0.16 0.14 0.10
265   1   1   2  -3   0   1 0 0 0 0 0.04 0.10 0.04 0.04
266   1   2  12   6   0   1 0 0 0 0 0.16 0.22 0.16 0.16
267   4   1  12   6   0   1 0 0 0 0 0.06 0.10 0.06 0.06
268   5   2   3  -4   0   2 0 0 0 0 0.16 0.16 0.14 0.10
269   4   2   6   0   1   1 1 0 1 1 0.18 0.24 0.18 0.18
270   2   2   8   0   1   1 0 1 0 0 0.14 0.24 0.14 0.14
271   5   1  16   3   1   1 0 1 0 0 0.06 0.12 0.06 0.06
272   5   1  13   4   0   2 0 0 0 0 0.06 0.06 0.06 0.06
273   3   1  10  -6   0   1 0 0 0 0 0.08 0.08 0.08 0.08
274   1   2   7   3   0   2 0 0 0 0 0.18 0.18 0.16 0.12
275   1   2  10  -5   0   1 0 0 0 0 0.14 0.20 0.14 0.14
276   4   2  10  -5   0   1 0 0 0 0 0.16 0.20 0.16 0.16
277   2   1   8   5   0   1 0 0 0 0 0.08 0.08 0.08 0.08
278   1   2  10  -5   0   1 0 0 0 0 0.16 0.22 0.16 0.16
279   4   1  10  -6   0   1 0 0 0 0 0.10 0.10 0.10 0.10
280   5   2   9   0   1   2 1 0 1 1 0.18 0.18 0.16 0.12
281   1   1   7   4   0   2 0 0 0 0 0.08 0.08 0.08 0.08
282   2   2  11   3   0   2 0 0 0 0 0.14 0.20 0.12 0.08
283   2   1   9  -3   0   2 0 0 0 0 0.08 0.08 0.08 0.08
284   2   2   7   2   0   2 0 0 0 0 0.14 0.20 0.12 0.08
285   3   2   4   2   0   1 0 0 0 0 0.18 0.22 0.18 0.18
286   3   2   4   0   1   1 1 1 1 1 0.18 0.24 0.18 0.18
287   3   1   2  -2   0   1 0 0 0 0 0.10 0.10 0.10 0.10
288   2   2   6  -3   0   1 0 0 0 0 0.14 0.20 0.14 0.14
289   4   1   8   3   0   1 0 0 0 0 0.12 0.12 0.12 0.12
290   5   1   4   2   0   1 0 0 0 0 0.12 0.12 0.12 0.12
291   2   1  13  -3   0   2 0 0 0 0 0.10 0.10 0.10 0.10
292   1   1   3   2   0   2 0 0 0 0 0.10 0.10 0.10 0.10
293   3   2   9  -4   0   2 0 0 0 0 0.16 0.22 0.14 0.10
294   2   2   6  -2   0   1 0 0 0 0 0.14 0.20 0.14 0.14
295   2   1  15   0   1   2 1 0 1 1 0.12 0.12 0.12 0.12
296   2   1   4   0   1   1 1 1 1 1 0.14 0.14 0.14 0.14
297   2   2   3   0   1   2 0 1 0 0 0.16 0.22 0.14 0.10
298   2   2  14   0   1   1 1 1 1 1 0.16 0.22 0.16 0.16
299   1   1  13   0   1   2 0 1 0 0 0.08 0.12 0.08 0.08
300   3   1  13   5   0   2 0 0 0 0 0.08 0.08 0.08 0.08
301   3   2   7   2   0   2 0 0 0 0 0.18 0.18 0.16 0.12
302   3   1  15   3   0   2 0 0 0 0 0.10 0.08 0.10 0.10
303   4   1   7   3   0   2 0 0 0 0 0.10 0.10 0.10 0.10
304   4   1   7   3   0   2 0 0 0 0 0.12 0.10 0.12 0.12
305   1   1  12   7   0   1 0 0 0 0 0.10 0.10 0.10 0.10
306   1   1  12   7   0   1 0 0 0 0 0.10 0.10 0.10 0.10
307   5   2   7   3   0   2 0 0 0 0 0.18 0.18 0.16 0.12
308   5   2   5  -2   0   2 0 0 0 0 0.20 0.20 0.18 0.14
309   4   1  13  -2   0   2 0 0 0 0 0.12 0.12 0.12 0.12
310   1   1  16   2   0   1 0 0 0 0 0.12 0.12 0.12 0.12
311   3   2  10  -4   0   1 0 0 0 0 0.12 0.18 0.12 0.12
312   1   2   6  -4   0   1 0 0 0 0 0.12 0.18 0.12 0.12
313   1   2   3   2   0   2 0 0 0 0 0.20 0.20 0.18 0.14
314   1   1   2  -3   0   1 0 0 0 0 0.12 0.12 0.12 0.12
315   5   2   2   0   1   1 1 0 1 1 0.14 0.20 0.14 0.14
316   3   1   6   0   1   1 1 1 1 1 0.14 0.14 0.14 0.14
317   5   2  15   0   1   2 1 1 1 1 0.22 0.22 0.20 0.16
318   5   2   4   5   0   1 0 0 0 0 0.10 0.20 0.10 0.10
319   4   2  16   0   1   1 0 1 0 0 0.10 0.22 0.10 0.10
320   4   2  16   5   0   1 0 0 0 0 0.12 0.18 0.12 0.12
321   2   2  10  -5   0   1 0 0 0 0 0.12 0.18 0.12 0.12
322   3   1  14  -3   0   1 0 0 0 0 0.10 0.10 0.10 0.10
323   5   2  11   4   0   2 0 0 0 0 0.18 0.18 0.16 0.12
324   4   1   8   4   0   1 0 0 0 0 0.10 0.10 0.10 0.10
325   3   2   1  -4   0   2 0 0 0 0 0.18 0.18 0.16 0.12
326   2   2   4   5   0   1 0 0 0 0 0.14 0.20 0.14 0.14
327   1   2  14   0   1   1 0 1 0 0 0.14 0.20 0.14 0.14
328   4   1  16   0   1   1 1 1 1 1 0.12 0.12 0.12 0.12
329   5   2   4   5   0   1 0 0 0 0 0.16 0.16 0.16 0.16
330   1   1   8   5   0   1 0 0 0 0 0.08 0.08 0.08 0.08
331   1   1  13   5   0   2 0 0 0 0 0.14 0.12 0.14 0.14
332   1   2   2  -4   0   1 0 0 0 0 0.16 0.16 0.16 0.16
333   3   2   7   3   0   2 0 0 0 0 0.20 0.20 0.18 0.14
334   4   1  13   0   1   2 1 1 1 1 0.14 0.14 0.14 0.14
335   2   1  10  -5   0   1 0 0 0 0 0.08 0.08 0.08 0.08
336   4   2   3  -3   0   2 0 0 0 0 0.20 0.20 0.18 0.14
337   3   2  14   0   1   1 1 1 1 1 0.18 0.18 0.18 0.18
338   3   1  13  -3   0   2 0 0 0 0 0.10 0.10 0.10 0.10
339   1   1   9   3   0   2 0 0 0 0 0.10 0.10 0.10 0.10
340   5   2   6  -4   0   1 0 0 0 0 0.14 0.14 0.14 0.14
341   4   2   1  -3   0   2 0 0 0 0 0.22 0.22 0.20 0.16
342   2   1   1   4   0   2 0 0 0 0 0.12 0.12 0.12 0.12
343   4   2  13   4   0   2 0 0 0 0 0.22 0.22 0.20 0.16
344   4   1   9  -4   0   2 0 0 0 0 0.12 0.12 0.12 0.12
345   5   2   9  -4   0   2 0 0 0 0 0.24 0.24 0.22 0.18
346   1   2   5   4   0   2 0 0 0 0 0.24 0.24 0.22 0.18
347   2   2   5  -4   0   2 0 0 0 0 0.26 0.26 0.24 0.20
348   2   2  10  -6   0   1 0 0 0 0 0.14 0.14 0.14 0.14
349   3   2  12   0   1   1 1 1 1 1 0.16 0.16 0.16 0.16
350   3   2   6  -3   0   1 0 0 0 0 0.12 0.12 0.12 0.12
351   3   1   1   2   0   2 0 0 0 0 0.14 0.14 0.14 0.14
352   4   1   4   2   0   1 0 0 0 0 0.10 0.10 0.10 0.10
353   1   1   9  -2   0   2 0 0 0 0 0.14 0.14 0.14 0.14
354   4   2   5   0   0   2 0 0 0 0 0.26 0.26 0.24 0.20
355   4   2   7   2   0   2 0 0 0 0 0.28 0.28 0.26 0.22
356   5   2   4   2   0   1 0 0 0 0 0.12 0.12 0.12 0.12
357   1   2   2  -2   0   1 0 0 0 0 0.14 0.14 0.14 0.14
358   4   1   6  -2   0   1 0 0 0 0 0.10 0.10 0.10 0.10
359   1   2   6  -2   0   1 0 0 0 0 0.14 0.14 0.14 0.14
360   2   2   3   2   0   2 0 0 0 0 0.28 0.28 0.26 0.22
361   4   2  12   6   0   1 0 0 0 0 0.16 0.16 0.16 0.16
362   2   1  11   5   0   2 0 0 0 0 0.16 0.16 0.16 0.16
363   5   1  15   3   0   2 0 0 0 0 0.16 0.16 0.16 0.16
364   3   1  15   3   0   2 0 0 0 0 0.18 0.18 0.18 0.18
365   1   2   8   5   0   1 0 0 0 0 0.16 0.16 0.16 0.16
366   4   1  14   3   0   1 0 0 0 0 0.12 0.12 0.12 0.12
367   1   1  14   3   0   1 0 0 0 0 0.12 0.12 0.12 0.12
368   3   1   4   4   0   1 0 0 0 0 0.14 0.14 0.14 0.14
369   2   1  16   3   0   1 0 0 0 0 0.14 0.14 0.14 0.14
370   1   2   4   4   0   1 0 0 0 0 0.18 0.18 0.18 0.18
371   4   1   5  -3   0   2 0 0 0 0 0.18 0.18 0.18 0.18
372   4   2   7   3   0   2 0 0 0 0 0.30 0.30 0.28 0.24
373   3   2  10  -5   0   1 0 0 0 0 0.18 0.18 0.18 0.18
374   1   2   9  -3   0   2 0 0 0 0 0.30 0.30 0.28 0.24
375   2   1  14   0   1   1 0 0 0 0 0.16 0.16 0.16 0.16
376   4   1   7   0   1   2 1 0 1 1 0.20 0.20 0.20 0.20
377   5   1  10   0   1   1 1 1 1 1 0.16 0.16 0.16 0.16
378   4   1   8   0   1   1 0 0 1 1 0.12 0.12 0.12 0.12
379   3   1  10  -1   1   1 1 0 1 1 0.12 0.12 0.08 0.08
380   1   2   6  -2   0   1 0 0 0 0 0.20 0.20 0.20 0.20
381   2   2  10   0   1   1 1 1 1 1 0.20 0.20 0.20 0.20
382   1   2   1   2   0   2 0 0 0 0 0.32 0.32 0.30 0.26
383   3   2   5   0   1   2 1 1 1 1 0.32 0.32 0.30 0.26
384   2   2   9   0   1   2 1 1 1 1 0.28 0.28 0.26 0.22
385   5   2  10  -3   0   1 0 0 0 0 0.16 0.16 0.16 0.16
386   3   1  15   2   0   2 0 0 0 0 0.16 0.20 0.16 0.16
387   1   1   4   2   0   1 0 0 0 0 0.08 0.14 0.04 0.04
388   4   1  15   2   0   2 0 0 0 0 0.16 0.22 0.16 0.16
389   3   1   7   0   1   2 0 0 1 0 0.18 0.22 0.18 0.18
390   5   2   6  -4   0   1 0 0 0 0 0.16 0.16 0.16 0.16
391   4   1  14   0   1   1 0 1 0 0 0.08 0.14 0.04 0.04
392   5   2  12   7   0   1 0 0 0 0 0.18 0.18 0.18 0.18
393   3   1   5   0   1   2 1 1 1 1 0.18 0.24 0.14 0.18
394   4   2   5   0   1   2 0 1 0 0 0.24 0.24 0.22 0.18
395   1   1   9   0   1   2 1 1 1 1 0.14 0.20 0.10 0.14
396   3   2   2  -5   0   1 0 0 0 0 0.18 0.18 0.18 0.18
397   4   1   3   0   1   2 0 1 0 1 0.10 0.16 0.06 0.10
398   2   2   8   5   0   1 0 0 0 0 0.20 0.20 0.20 0.20
399   1   1   7   3   0   2 0 0 0 0 0.10 0.12 0.06 0.06
400   5   1   7   3   0   2 0 0 0 0 0.12 0.12 0.08 0.06
401   2   2  13  -2   0   2 0 0 0 0 0.24 0.20 0.22 0.18
402   2   1  14   0   1   1 1 1 0 0 0.10 0.10 0.06 0.06
403   5   1  12   7   0   1 0 0 0 0 0.06 0.06 0.06 0.06
404   3   1   2  -2   0   1 0 0 0 0 0.06 0.06 0.08 0.08
405   3   1   9   0   1   2 0 1 0 0 0.12 0.14 0.08 0.08
406   1   2  13   0   1   2 1 1 1 1 0.26 0.20 0.24 0.20
407   5   2   3   0   1   2 1 1 1 1 0.22 0.16 0.20 0.16
408   1   2   4   4   0   1 0 0 0 0 0.20 0.20 0.20 0.20
409   1   2  13   2   0   2 0 0 0 0 0.18 0.12 0.16 0.12
410   3   2   3   2   0   2 0 0 0 0 0.18 0.12 0.16 0.12
411   5   2  16   0   1   1 1 0 1 1 0.22 0.22 0.22 0.22
412   2   2   4  -2   0   1 0 0 0 0 0.18 0.22 0.18 0.18
413   3   2   6   0   1   1 0 1 0 0 0.18 0.24 0.18 0.18
414   2   2   7   2   0   2 0 0 0 0 0.20 0.14 0.18 0.14
415   3   2   2  -2   0   1 0 0 0 0 0.20 0.20 0.20 0.20
416   1   2  12   8   0   1 0 0 0 0 0.20 0.20 0.20 0.20
417   3   2   5  -2   0   2 0 0 0 0 0.20 0.14 0.18 0.14
418   3   2  11   2   0   2 0 0 0 0 0.22 0.16 0.20 0.16
419   5   1   8   5   0   1 0 0 0 0 0.08 0.08 0.08 0.08
420   2   2   2  -2   0   1 0 0 0 0 0.22 0.22 0.22 0.22
421   5   2   8   0   1   1 1 0 1 1 0.22 0.22 0.22 0.22
422   4   2  16   2   0   1 0 0 0 0 0.18 0.24 0.18 0.18
423   2   2  11   0   1   2 0 0 1 0 0.22 0.16 0.20 0.16
424   1   1  15   0   1   2 1 0 0 0 0.14 0.10 0.10 0.08
425   5   1   2  -2   0   1 0 0 0 0 0.08 0.08 0.10 0.10
426   3   2   4   2   0   1 0 0 0 0 0.18 0.24 0.18 0.18
427   2   2   3   0   0   2 0 0 0 0 0.24 0.18 0.16 0.18
428   2   1   2  -2   0   1 0 0 0 0 0.10 0.10 0.10 0.10
429   2   2   5   0   1   2 0 0 1 0 0.24 0.18 0.16 0.18
430   3   1  12   7   0   1 0 0 0 0 0.10 0.10 0.12 0.12
431   5   1  14   0   1   1 1 0 1 1 0.12 0.12 0.12 0.12
432   2   1   5   3   0   2 0 0 0 0 0.10 0.10 0.10 0.10
433   2   1   9   3   0   2 0 0 0 0 0.10 0.12 0.12 0.10
434   2   1  15   2   0   2 0 0 0 0 0.12 0.12 0.12 0.12
435   5   2   3   3   0   2 0 0 0 0 0.26 0.20 0.12 0.20
436   3   2  13   0   1   2 0 0 0 1 0.26 0.20 0.12 0.20
437   1   2  16   0   0   1 0 0 0 0 0.20 0.26 0.20 0.20
438   3   1  10   4   0   1 0 0 0 0 0.08 0.12 0.08 0.08
439   3   2   6   0   1   1 0 1 1 1 0.20 0.26 0.20 0.20
440   3   2  10  -5   0   1 0 0 0 0 0.22 0.22 0.16 0.16
441   2   2  16   3   0   1 0 0 0 0 0.22 0.22 0.16 0.16
442   1   1   3   2   0   2 0 0 0 0 0.12 0.14 0.14 0.12
443   5   2   7   0   1   2 1 1 0 0 0.28 0.22 0.14 0.16
444   2   1   6   3   0   1 0 0 0 0 0.08 0.14 0.08 0.08
445   2   1   2   0   1   1 0 1 0 0 0.10 0.14 0.10 0.10
446   3   1   7   0   1   2 1 1 1 1 0.14 0.14 0.14 0.14
447   1   2  13   3   0   2 0 0 0 0 0.24 0.18 0.14 0.16
448   4   1  16   2   0   1 0 0 0 0 0.10 0.10 0.10 0.10
449   5   2  10  -7   0   1 0 0 0 0 0.24 0.24 0.18 0.18
450   5   1  14  -2   0   1 0 0 0 0 0.12 0.10 0.12 0.12
451   3   2  11   0   1   2 1 1 1 1 0.24 0.18 0.16 0.18
452   5   2  10  -2   0   1 0 0 0 0 0.24 0.24 0.18 0.18
453   1   1  13   2   0   2 0 0 0 0 0.10 0.10 0.10 0.10
454   3   1   6   0   1   1 1 1 1 1 0.12 0.12 0.12 0.12
455   3   2   8   0   1   1 1 1 1 1 0.26 0.26 0.20 0.20
456   4   2   4   3   0   1 0 0 0 0 0.22 0.22 0.16 0.16
457   4   1   3   2   0   2 0 0 0 0 0.10 0.10 0.10 0.10
458   3   2  16  -2   0   1 0 0 0 0 0.22 0.22 0.16 0.16
459   4   2  12   8   0   1 0 0 0 0 0.24 0.24 0.18 0.18
460   1   2  10   0   1   1 1 0 1 1 0.24 0.24 0.18 0.18
461   2   1  13   0   1   2 1 1 1 1 0.12 0.12 0.12 0.12
462   5   1  11   0   1   2 0 0 1 1 0.08 0.08 0.08 0.08
463   5   1   8   6   0   1 0 0 0 0 0.08 0.08 0.08 0.08
464   2   2   4   0   1   1 0 1 0 0 0.20 0.26 0.14 0.14
465   3   2  14   3   0   1 0 0 0 0 0.20 0.22 0.14 0.14
466   4   1   2  -3   0   1 0 0 0 0 0.08 0.08 0.08 0.08
467   2   1  16   3   0   1 0 0 0 0 0.10 0.10 0.10 0.10
468   2   1  12   8   0   1 0 0 0 0 0.10 0.10 0.10 0.10
469   3   2   2  -3   0   1 0 0 0 0 0.22 0.22 0.16 0.16
470   1   1   8   0   1   1 1 1 1 1 0.12 0.12 0.12 0.12
471   2   2   1   0   0   2 0 0 0 0 0.20 0.14 0.12 0.14
472   5   1  16   0   0   1 0 0 0 0 0.08 0.08 0.08 0.08
473   5   2  12   7   0   1 0 0 0 0 0.22 0.24 0.16 0.16
474   5   1   9  -6   0   2 0 0 0 0 0.08 0.08 0.04 0.04
475   2   1  10   0   1   1 0 0 0 1 0.08 0.08 0.08 0.08
476   4   2   1   2   0   2 0 0 0 0 0.20 0.14 0.12 0.14
477   1   2   3   2   0   2 0 0 0 0 0.22 0.16 0.14 0.16
478   4   2   8   5   0   1 0 0 0 0 0.24 0.24 0.18 0.18
479   5   1   6   0   1   1 1 0 1 1 0.10 0.10 0.10 0.04
480   2   1  12   7   0   1 0 0 0 0 0.06 0.10 0.06 0.02
