  1   4   1  15   0   1   2 0 0 0 1 0.10 0.10 0.40 0.40
  2   2   1   5   0   1   2 0 0 0 1 0.10 0.10 0.40 0.36
  3   3   1  10   0   1   1 1 1 0 1 0.50 0.50 0.80 0.80
  4   1   1   5  -3   0   2 0 0 0 0 0.12 0.12 0.42 0.32
  5   3   1   2  -4   0   1 0 0 0 0 0.46 0.46 0.80 0.76
  6   5   2   1   0   1   2 0 0 0 1 0.30 0.30 0.50 0.50
  7   4   1  11   2   0   2 0 0 0 0 0.12 0.12 0.42 0.32
  8   5   2   2   0   1   1 1 1 0 0 0.70 0.70 0.90 0.90
  9   4   2  16   3   0   1 0 0 0 0 0.66 0.66 0.90 0.90
 10   3   2   2  -6   0   1 0 0 0 0 0.66 0.66 0.92 0.92
 11   5   2   8   5   0   1 0 0 0 0 0.68 0.68 0.92 0.92
 12   3   1  15   0   1   2 0 0 0 1 0.14 0.14 0.44 0.34
 13   3   1   8   0   1   1 1 1 0 1 0.46 0.46 0.82 0.76
 14   1   1  15   0   1   2 0 0 0 1 0.14 0.14 0.44 0.30
 15   4   2   8   0   1   1 0 1 0 1 0.68 0.68 0.94 0.94
 16   3   2  10  -1   0   1 0 0 0 0 0.70 0.64 0.94 0.90
 17   2   1  16   0   1   1 1 1 0 0 0.42 0.42 0.82 0.72
 18   1   1   9   0   1   2 0 0 0 1 0.16 0.16 0.46 0.26
 19   2   1   7   4   0   2 0 0 0 0 0.16 0.16 0.46 0.22
 20   1   2   6   0   1   1 1 1 0 0 0.70 0.64 0.96 0.90
 21   1   2   8   0   1   1 0 1 0 1 0.66 0.60 0.96 0.92
 22   1   1  11   2   0   2 0 0 0 0 0.18 0.18 0.48 0.22
 23   4   2   9   0   0   2 0 0 0 0 0.30 0.30 0.50 0.46
 24   1   2   5  -2   0   2 0 0 0 0 0.32 0.32 0.52 0.46
 25   5   1  14   0   1   1 0 1 0 1 0.38 0.38 0.84 0.72
 26   3   1   6   0   1   1 0 0 0 1 0.38 0.34 0.84 0.68
 27   5   1   4   0   1   1 0 1 0 1 0.40 0.34 0.86 0.64
 28   2   1  16   0   1   1 0 0 0 1 0.40 0.30 0.86 0.60
 29   2   2   2   0   1   1 1 1 0 1 0.66 0.56 0.98 0.88
 30   4   2   6   0   1   1 1 0 0 0 0.62 0.52 0.98 0.84
 31   2   2   6   0   1   1 1 1 0 1 0.58 0.52 1.00 0.84
 32   3   2  15   0   1   2 1 1 0 1 0.32 0.32 0.52 0.48
 33   3   2   9   0   1   2 1 0 0 0 0.28 0.28 0.54 0.44
 34   4   1   1   0   0   2 0 0 0 0 0.18 0.18 0.48 0.24
 35   5   1  15   0   1   2 0 0 1 0 0.20 0.20 0.50 0.24
 36   1   2   8   0   1   1 1 1 0 0 0.54 0.48 1.00 0.80
 37   2   2   1   0   1   2 0 0 0 1 0.24 0.28 0.54 0.44
 38   3   1  16   0   1   1 1 1 0 1 0.42 0.30 0.88 0.56
 39   2   2  10   0   1   1 0 0 0 1 0.50 0.44 1.00 0.80
 40   1   2  11   2   0   2 0 0 0 0 0.24 0.30 0.56 0.40
 41   3   1   2   0   1   1 0 0 0 1 0.38 0.26 0.88 0.52
 42   5   1  12   0   1   1 0 0 0 1 0.38 0.26 0.90 0.48
 43   5   2   4   6   0   1 0 0 0 0 0.50 0.44 1.00 0.76
 44   3   1   7   0   1   2 0 0 0 1 0.20 0.20 0.46 0.26
 45   3   1   8   0   1   1 0 1 0 1 0.40 0.28 0.90 0.44
 46   2   1  11   0   1   2 0 0 0 1 0.22 0.22 0.46 0.22
 47   5   1  16   0   1   1 1 0 0 1 0.40 0.24 0.92 0.40
 48   2   1  16   0   1   1 1 1 0 1 0.36 0.24 0.92 0.36
 49   2   2  14   0   0   1 0 0 0 0 0.52 0.46 1.00 0.76
 50   4   2   9  -1   0   2 0 0 0 0 0.26 0.30 0.56 0.40
 51   1   2  13  -2   0   2 0 0 0 0 0.26 0.32 0.58 0.42
 52   4   2   1  -3   0   2 0 0 0 0 0.28 0.32 0.58 0.42
 53   2   2   4   0   1   1 1 1 0 1 0.52 0.46 1.00 0.78
 54   2   2   3   0   1   2 0 0 0 1 0.28 0.34 0.60 0.44
 55   4   2   8   0   1   1 0 0 0 1 0.48 0.42 1.00 0.74
 56   2   2   5   0   1   2 0 0 0 1 0.30 0.34 0.60 0.40
 57   1   2  10   0   1   1 1 1 0 1 0.48 0.42 1.00 0.70
 58   2   2  16   0   1   1 0 0 0 1 0.44 0.38 1.00 0.66
 59   3   1   3   0   1   2 0 0 0 1 0.22 0.22 0.48 0.18
 60   5   1   9   0   1   2 0 1 0 1 0.24 0.24 0.48 0.14
 61   3   2  16   0   1   1 0 0 0 1 0.44 0.38 1.00 0.62
 62   1   2   2   0   1   1 0 1 1 1 0.46 0.40 1.00 0.58
 63   4   2  11   0   1   2 0 1 1 1 0.30 0.36 0.62 0.36
 64   2   2   8   0   1   1 1 1 1 1 0.46 0.36 0.96 0.54
 65   3   2   3   2   0   2 0 0 0 0 0.32 0.32 0.58 0.32
 66   5   2   8   0   1   1 0 0 0 1 0.42 0.32 0.92 0.50
 67   5   2  14   0   0   1 0 0 0 0 0.42 0.32 0.92 0.46
 68   5   1   3   0   1   2 0 0 0 1 0.24 0.20 0.50 0.10
 69   5   2  15  -1   0   2 0 0 0 0 0.32 0.32 0.58 0.32
 70   5   2   9  -1   0   2 0 0 0 0 0.34 0.34 0.60 0.34
 71   3   2  13  -6   0   2 0 0 0 0 0.34 0.34 0.60 0.34
 72   5   2   3   0   1   2 0 0 0 1 0.36 0.36 0.62 0.36
 73   4   1   4   0   1   1 1 1 0 1 0.32 0.20 0.94 0.32
 74   3   2   5  -6   0   2 0 0 0 0 0.36 0.36 0.62 0.32
 75   5   2  12   0   1   1 0 1 0 1 0.44 0.34 0.94 0.46
 76   1   1  12   0   1   1 1 0 0 1 0.28 0.16 0.94 0.28
 77   3   2  13  -7   0   2 0 0 0 0 0.38 0.38 0.64 0.32
 78   1   2   6   0   1   1 1 1 0 1 0.44 0.30 0.94 0.42
 79   4   1   2   0   1   1 0 0 0 1 0.24 0.16 0.96 0.24
 80   2   1   9   0   0   2 0 0 0 0 0.26 0.20 0.50 0.06
 81   5   1   5   0   1   2 0 1 0 0 0.26 0.22 0.52 0.06
 82   2   1  12   0   1   1 1 0 0 0 0.24 0.18 0.96 0.20
 83   4   2   5   0   1   2 1 1 0 1 0.38 0.38 0.64 0.34
 84   3   1  13   0   1   2 0 0 1 0 0.28 0.18 0.52 0.08
 85   5   2  13   0   1   2 0 0 0 1 0.34 0.34 0.66 0.30
 86   4   1   1   0   1   2 1 0 0 0 0.28 0.18 0.48 0.08
 87   3   2   7   0   0   2 0 0 0 0 0.34 0.34 0.66 0.26
 88   1   1   6  -9   0   1 0 0 0 0 0.20 0.18 0.98 0.20
 89   3   2   8   6   0   1 0 0 0 0 0.40 0.26 0.96 0.38
 90   3   2   4   0   1   1 1 1 0 0 0.40 0.26 0.96 0.38
 91   5   1   1   0   1   2 0 0 1 0 0.24 0.20 0.48 0.10
 92   3   2   1  -7   0   2 0 0 0 0 0.36 0.36 0.68 0.26
 93   2   2   6   0   1   1 0 0 0 1 0.36 0.22 0.98 0.40
 94   5   1   1  -3   0   2 0 0 0 0 0.24 0.20 0.44 0.10
 95   4   2  16   3   0   1 0 0 0 0 0.36 0.22 0.98 0.36
 96   1   1  11   0   1   2 0 1 0 0 0.26 0.22 0.44 0.12
 97   3   1   3   1   0   2 0 0 0 0 0.26 0.18 0.46 0.12
 98   1   2   7   5   0   2 0 0 0 0 0.36 0.36 0.68 0.28
 99   2   2   2   0   1   1 0 0 0 1 0.38 0.24 1.00 0.36
100   3   1   2  -9   0   1 0 0 0 0 0.20 0.20 0.98 0.22
101   5   1   8   7   0   1 0 0 0 0 0.22 0.20 1.00 0.22
102   1   1   4   7   0   1 0 0 0 0 0.22 0.22 1.00 0.24
103   3   2   3   2   0   2 0 0 0 0 0.38 0.38 0.70 0.28
104   5   2  10   0   0   1 0 0 0 0 0.38 0.24 1.00 0.32
105   4   1   2   0   1   1 0 0 0 1 0.24 0.22 1.00 0.24
106   4   1  16   4   0   1 0 0 0 0 0.24 0.24 1.00 0.20
107   4   2  15   0   0   2 0 0 0 0 0.38 0.38 0.70 0.30
108   4   1  10   0   1   1 0 0 0 1 0.26 0.24 1.00 0.20
109   5   2   1   0   1   2 0 1 0 1 0.40 0.40 0.72 0.30
110   2   2  13  -4   0   2 0 0 0 0 0.40 0.36 0.72 0.26
111   4   2   8   0   1   1 1 0 0 1 0.40 0.26 1.00 0.32
112   3   1  15   0   1   2 1 0 0 0 0.28 0.18 0.46 0.14
113   3   2   4   3   0   1 0 0 0 0 0.36 0.26 1.00 0.28
114   4   1   9   0   0   2 0 0 0 0 0.24 0.20 0.48 0.14
115   2   1  13  -7   0   2 0 0 0 0 0.24 0.20 0.48 0.16
116   3   2   2 -10   0   1 0 0 0 0 0.36 0.28 1.00 0.28
117   1   2   9   0   0   2 0 0 0 0 0.42 0.36 0.74 0.26
118   3   1  14  -8   0   1 0 0 0 0 0.26 0.26 1.00 0.16
119   1   1   1  -3   0   2 0 0 0 0 0.26 0.22 0.50 0.16
120   1   1  10  -2   0   1 0 0 0 0 0.28 0.26 1.00 0.16
121   4   1  14  -7   0   1 0 0 0 0 0.28 0.28 1.00 0.18
122   2   1   9  -2   0   2 0 0 0 0 0.26 0.22 0.50 0.18
123   3   2  10  -3   0   1 0 0 0 0 0.38 0.28 1.00 0.30
124   3   1   9   0   0   2 0 0 0 0 0.28 0.24 0.52 0.18
125   4   1  15   0   0   2 0 0 0 0 0.28 0.24 0.52 0.20
126   1   2  11   0   0   2 0 0 0 0 0.42 0.38 0.74 0.28
127   4   2  11   3   0   2 0 0 0 0 0.44 0.38 0.76 0.28
128   4   2   5  -1   0   2 0 0 0 0 0.44 0.40 0.76 0.30
129   4   2   1   0   1   2 0 1 0 0 0.46 0.40 0.78 0.30
130   2   1  10  -4   0   1 0 0 0 0 0.30 0.28 1.00 0.18
131   5   1  10   0   1   1 1 1 0 0 0.30 0.30 1.00 0.20
132   2   2  15  -2   0   2 0 0 0 0 0.46 0.36 0.78 0.32
133   4   1  13   0   1   2 1 0 0 0 0.30 0.26 0.54 0.20
134   4   2   2  -2   0   1 0 0 0 0 0.38 0.30 1.00 0.30
135   2   2  16   0   1   1 1 0 0 0 0.40 0.30 1.00 0.32
136   1   1  12   8   0   1 0 0 0 0 0.26 0.26 1.00 0.20
137   5   2   6   0   1   1 0 0 0 1 0.36 0.32 1.00 0.32
138   2   2   3   0   0   2 0 0 0 0 0.48 0.36 0.80 0.32
139   2   1   8   0   1   1 1 0 0 0 0.26 0.26 1.00 0.22
140   1   2   4   7   0   1 0 0 0 0 0.36 0.32 1.00 0.28
141   3   2   2  -9   0   1 0 0 0 0 0.38 0.34 1.00 0.28
142   1   1   8   0   1   1 1 0 0 0 0.22 0.28 1.00 0.22
143   5   1   3   0   1   2 0 1 0 1 0.26 0.26 0.54 0.22
144   2   1  14   0   1   1 1 0 0 0 0.18 0.28 1.00 0.24
145   1   1  15   0   0   2 0 0 0 0 0.26 0.22 0.56 0.18
146   1   2   5   0   1   2 1 0 0 1 0.48 0.38 0.80 0.34
147   2   2   1   0   1   2 1 1 0 1 0.44 0.38 0.82 0.30
148   2   1  10  -1   0   1 0 0 0 0 0.14 0.30 1.00 0.24
149   5   2  13  -4   0   2 0 0 0 0 0.40 0.34 0.82 0.26
150   4   1   3   0   1   2 0 1 1 1 0.28 0.22 0.56 0.18
151   5   1   1  -4   0   2 0 0 0 0 0.28 0.18 0.52 0.14
152   2   2  12   8   0   1 0 0 0 0 0.38 0.34 1.00 0.30
153   4   2  15   0   1   2 1 1 0 0 0.40 0.34 0.84 0.26
154   2   2  11   5   0   2 0 0 0 0 0.36 0.30 0.84 0.28
155   5   1   6   0   1   1 0 1 0 1 0.14 0.30 1.00 0.26
156   3   1   4   0   1   1 0 1 0 1 0.16 0.26 1.00 0.22
157   1   1  10   0   1   1 0 0 0 1 0.16 0.22 1.00 0.18
158   5   1   2   0   1   1 0 0 0 1 0.18 0.22 1.00 0.14
159   5   1   2   0   1   1 0 1 0 0 0.18 0.24 1.00 0.10
160   2   1   1  -1   0   2 0 0 0 0 0.30 0.18 0.52 0.14
161   4   2  12   6   0   1 0 0 0 0 0.40 0.36 1.00 0.30
162   2   1   3   0   0   2 0 0 0 0 0.30 0.20 0.54 0.16
163   5   1   2  -8   0   1 0 0 0 0 0.20 0.20 1.00 0.10
164   2   1   5   0   0   2 0 0 0 0 0.32 0.20 0.54 0.16
165   5   1  12   8   0   1 0 0 0 0 0.20 0.20 1.00 0.12
166   2   1   6  -5   0   1 0 0 0 0 0.22 0.22 1.00 0.12
167   1   1  16   3   0   1 0 0 0 0 0.22 0.22 1.00 0.14
168   5   2   5  -3   0   2 0 0 0 0 0.36 0.30 0.86 0.28
169   3   2   1  -6   0   2 0 0 0 0 0.38 0.32 0.86 0.30
170   3   1  15   0   0   2 0 0 0 0 0.32 0.22 0.56 0.18
171   2   1   1   0   1   2 1 1 0 0 0.34 0.22 0.56 0.18
172   1   1   8   4   0   1 0 0 0 0 0.24 0.24 1.00 0.14
173   5   2   7   5   0   2 0 0 0 0 0.38 0.32 0.88 0.30
174   5   1   9   0   1   2 1 1 0 1 0.30 0.18 0.58 0.20
175   5   1  13   0   1   2 1 1 0 0 0.26 0.14 0.58 0.16
176   4   2   5   0   1   2 1 0 0 0 0.40 0.34 0.88 0.32
177   4   1   2   0   1   1 1 1 0 0 0.24 0.24 1.00 0.16
178   3   2  15   0   1   2 1 1 0 1 0.36 0.34 0.90 0.32
179   4   1   9   0   1   2 0 0 1 1 0.22 0.10 0.60 0.16
180   2   1  12   0   1   1 0 1 1 0 0.20 0.20 1.00 0.16
181   1   1  14   0   1   1 1 0 1 1 0.20 0.16 0.96 0.18
182   4   1   7   0   1   2 0 0 1 1 0.22 0.10 0.56 0.12
183   1   2   8   0   1   1 1 1 1 1 0.40 0.36 1.00 0.32
184   3   1  14   0   1   1 0 0 1 0 0.16 0.16 0.92 0.14
185   4   2   6   0   1   1 0 0 1 1 0.36 0.32 0.96 0.28
186   5   2  15   0   1   2 1 0 1 1 0.32 0.30 0.90 0.28
187   4   1   7   0   1   2 0 0 1 0 0.24 0.12 0.52 0.08
188   4   1  11   0   1   2 0 0 0 1 0.24 0.12 0.48 0.08
189   1   2  10   0   1   1 1 1 0 0 0.36 0.32 0.92 0.24
190   4   2   1   0   0   2 0 0 0 0 0.28 0.30 0.86 0.24
191   1   1   3   0   1   2 1 1 0 0 0.26 0.14 0.48 0.04
192   2   1   4   0   1   1 0 0 1 1 0.16 0.18 0.88 0.14
193   3   1  11   6   0   2 0 0 0 0 0.22 0.10 0.50 0.04
194   4   2  12   7   0   1 0 0 0 0 0.32 0.28 0.92 0.24
195   1   1   4   4   0   1 0 0 0 0 0.18 0.18 0.84 0.10
196   3   2   6  -7   0   1 0 0 0 0 0.32 0.28 0.94 0.26
197   5   2  11   3   0   2 0 0 0 0 0.28 0.32 0.86 0.24
198   4   2  11   3   0   2 0 0 0 0 0.30 0.32 0.88 0.26
199   3   1   3   3   0   2 0 0 0 0 0.22 0.10 0.50 0.06
200   2   2   1   0   0   2 0 0 0 0 0.30 0.34 0.88 0.26
201   2   2  15  -1   0   2 0 0 0 0 0.32 0.34 0.90 0.28
202   2   2   7   0   1   2 1 0 0 0 0.32 0.36 0.90 0.28
203   5   2  11   4   0   2 0 0 0 0 0.28 0.36 0.92 0.30
204   2   2   8   2   0   1 0 0 0 0 0.34 0.30 0.94 0.26
205   4   2   4   5   0   1 0 0 0 0 0.34 0.30 0.96 0.28
206   1   2   2  -6   0   1 0 0 0 0 0.36 0.32 0.96 0.28
207   5   1  15  -1   0   2 0 0 0 0 0.24 0.12 0.52 0.06
208   3   1   4   1   0   1 0 0 0 0 0.18 0.20 0.84 0.10
209   2   1   6  -4   0   1 0 0 0 0 0.20 0.20 0.86 0.12
210   1   1  11   7   0   2 0 0 0 0 0.24 0.12 0.52 0.08
211   4   1  12   9   0   1 0 0 0 0 0.20 0.22 0.86 0.12
212   5   1   8   5   0   1 0 0 0 0 0.22 0.22 0.88 0.14
213   2   2  12  10   0   1 0 0 0 0 0.36 0.32 0.98 0.30
214   1   1   6  -8   0   1 0 0 0 0 0.22 0.24 0.88 0.14
215   5   1  11   2   0   2 0 0 0 0 0.26 0.14 0.54 0.08
216   3   1  13  -6   0   2 0 0 0 0 0.26 0.14 0.54 0.10
217   2   1  10  -4   0   1 0 0 0 0 0.24 0.24 0.90 0.16
218   3   1  16   0   1   1 0 1 0 0 0.24 0.26 0.90 0.16
219   3   2   6  -4   0   1 0 0 0 0 0.38 0.34 0.98 0.30
220   5   1  15  -1   0   2 0 0 0 0 0.28 0.16 0.56 0.10
221   2   1  12   0   1   1 0 0 0 1 0.26 0.22 0.92 0.18
222   3   1  11   4   0   2 0 0 0 0 0.28 0.16 0.56 0.12
223   3   1   4   3   0   1 0 0 0 0 0.26 0.22 0.92 0.14
224   5   1   5  -6   0   2 0 0 0 0 0.30 0.18 0.58 0.12
225   4   1   6  -4   0   1 0 0 0 0 0.28 0.24 0.94 0.14
226   3   2   3   3   0   2 0 0 0 0 0.28 0.38 0.92 0.30
227   1   2   4   0   1   1 0 1 0 1 0.38 0.34 1.00 0.32
228   4   1   3   0   1   2 1 1 0 1 0.30 0.18 0.58 0.14
229   2   1   7   4   0   2 0 0 0 0 0.26 0.14 0.60 0.10
230   5   2   6   0   1   1 1 0 0 1 0.40 0.30 1.00 0.28
231   4   2   2   0   1   1 1 1 0 1 0.36 0.30 1.00 0.24
232   2   2  15   0   1   2 0 1 0 1 0.30 0.38 0.94 0.32
233   1   1   7   0   1   2 1 1 0 1 0.26 0.14 0.60 0.10
234   4   1   5   0   1   2 1 1 0 1 0.22 0.10 0.62 0.06
235   1   1   4   0   1   1 1 1 0 1 0.28 0.24 0.94 0.16
236   2   2  16   0   1   1 1 1 0 0 0.32 0.26 1.00 0.20
237   1   2  14 -10   0   1 0 0 0 0 0.28 0.22 1.00 0.20
238   5   1   5  -2   0   2 0 0 0 0 0.18 0.06 0.62 0.02
239   4   1  15   0   0   2 0 0 0 0 0.18 0.06 0.64 0.02
240   1   1   5   0   0   2 0 0 0 0 0.20 0.08 0.64 0.04
241   3   2   5   0   0   2 0 0 0 0 0.30 0.34 0.94 0.28
242   2   1   1   0   0   2 0 0 0 0 0.20 0.08 0.66 0.04
243   4   1  14  -4   0   1 0 0 0 0 0.24 0.20 0.96 0.12
244   2   1   5   0   0   2 0 0 0 0 0.22 0.10 0.66 0.06
245   1   1   2  -6   0   1 0 0 0 0 0.24 0.20 0.96 0.12
246   1   2   1   0   0   2 0 0 0 0 0.32 0.34 0.96 0.28
247   2   2   4   2   0   1 0 0 0 0 0.28 0.22 1.00 0.22
248   3   2   7   2   0   2 0 0 0 0 0.32 0.36 0.96 0.30
249   2   1   8   4   0   1 0 0 0 0 0.26 0.22 0.98 0.14
250   5   2   5  -2   0   2 0 0 0 0 0.34 0.36 0.98 0.30
251   5   2   3   0   1   2 1 0 0 1 0.34 0.38 0.98 0.32
252   4   2  14  -6   0   1 0 0 0 0 0.30 0.24 1.00 0.22
253   1   2   9   0   1   2 1 1 0 0 0.30 0.38 1.00 0.28
254   2   2   5   0   1   2 0 0 1 0 0.26 0.34 1.00 0.28
255   3   1   9   0   1   2 0 0 1 0 0.22 0.10 0.68 0.06
256   2   2   3   0   1   2 0 1 0 1 0.26 0.34 0.96 0.30
257   1   2  15   0   0   2 0 0 0 0 0.28 0.30 0.96 0.26
258   1   2  16   0   1   1 0 1 0 1 0.30 0.24 1.00 0.24
259   4   1   4   0   1   1 0 0 1 0 0.26 0.22 0.98 0.14
260   5   1  16   0   1   1 0 1 1 0 0.28 0.24 0.94 0.16
261   5   2   5   0   1   2 0 1 0 1 0.28 0.30 0.98 0.26
262   3   1  16   0   1   1 1 1 1 1 0.28 0.20 0.90 0.16
263   2   1  11   0   1   2 0 1 1 1 0.24 0.12 0.64 0.08
264   1   1   3   0   1   2 1 0 1 1 0.24 0.08 0.60 0.04
265   3   1   9   0   0   2 0 0 0 0 0.20 0.08 0.56 0.02
266   1   1   1   0   1   2 0 0 1 1 0.20 0.10 0.56 0.02
267   2   1  14   0   1   1 1 1 1 1 0.24 0.16 0.86 0.12
268   4   2  10   0   1   1 1 1 1 0 0.32 0.20 1.00 0.20
269   4   2   7   0   1   2 1 1 1 1 0.30 0.26 0.98 0.22
270   5   2  12   0   1   1 1 1 1 1 0.28 0.16 0.96 0.20
271   3   1   6   0   1   1 0 0 1 1 0.20 0.12 0.82 0.08
272   3   1   5   0   1   2 1 0 1 0 0.22 0.10 0.52 0.02
273   4   1   8   0   1   1 1 0 1 0 0.20 0.12 0.78 0.04
274   3   1   7   0   1   2 1 0 1 0 0.18 0.12 0.48 0.02
275   2   2   7   0   1   2 0 0 1 0 0.26 0.22 0.94 0.18
276   1   2   2  -5   0   1 0 0 0 0 0.24 0.12 0.92 0.16
277   2   1   9   0   0   2 0 0 0 0 0.14 0.12 0.44 0.04
278   5   2  16   4   0   1 0 0 0 0 0.24 0.12 0.92 0.16
279   4   1   6  -6   0   1 0 0 0 0 0.16 0.14 0.74 0.04
280   3   2   6  -4   0   1 0 0 0 0 0.26 0.14 0.94 0.18
281   4   1   9   0   1   2 0 0 1 0 0.14 0.14 0.44 0.04
282   2   1  13   0   0   2 0 0 0 0 0.16 0.14 0.40 0.06
283   3   1  12   7   0   1 0 0 0 0 0.16 0.14 0.74 0.06
284   4   2   3   5   0   2 0 0 0 0 0.26 0.22 0.90 0.18
285   1   2  13  -6   0   2 0 0 0 0 0.28 0.24 0.90 0.20
286   3   1   6   0   0   1 0 0 0 0 0.18 0.16 0.76 0.06
287   3   2  11   4   0   2 0 0 0 0 0.28 0.24 0.92 0.20
288   4   1   4   0   1   1 0 0 1 0 0.18 0.16 0.76 0.08
289   5   2  14  -5   0   1 0 0 0 0 0.26 0.14 0.94 0.18
290   3   1  12   9   0   1 0 0 0 0 0.20 0.18 0.72 0.08
291   4   2  10  -3   0   1 0 0 0 0 0.28 0.16 0.96 0.20
292   3   1   5  -3   0   2 0 0 0 0 0.16 0.16 0.40 0.06
293   3   2   4   3   0   1 0 0 0 0 0.28 0.16 0.96 0.20
294   5   1   3   4   0   2 0 0 0 0 0.18 0.16 0.42 0.08
295   2   1   2   0   0   1 0 0 0 0 0.20 0.18 0.72 0.10
296   5   1  14   0   1   1 1 0 0 0 0.22 0.20 0.74 0.10
297   5   2   4   6   0   1 0 0 0 0 0.30 0.18 0.98 0.22
298   5   2  12   7   0   1 0 0 0 0 0.30 0.18 0.98 0.22
299   4   1  13  -5   0   2 0 0 0 0 0.18 0.18 0.42 0.08
300   3   1  14  -6   0   1 0 0 0 0 0.18 0.20 0.74 0.12
301   1   2  12   6   0   1 0 0 0 0 0.32 0.20 1.00 0.24
302   4   2   2 -10   0   1 0 0 0 0 0.32 0.20 1.00 0.24
303   3   2  16   6   0   1 0 0 0 0 0.34 0.22 1.00 0.26
304   4   2  13  -6   0   2 0 0 0 0 0.30 0.26 0.92 0.22
305   3   2  16   4   0   1 0 0 0 0 0.34 0.22 1.00 0.26
306   3   1   7   1   0   2 0 0 0 0 0.20 0.18 0.44 0.10
307   2   2  10   0   1   1 1 1 0 0 0.36 0.24 1.00 0.28
308   1   1   8   0   1   1 1 1 1 0 0.18 0.22 0.76 0.12
309   4   1  10   1   0   1 0 0 0 0 0.14 0.18 0.72 0.14
310   2   2   8   0   1   1 0 0 1 1 0.32 0.20 1.00 0.28
311   4   1  12   0   1   1 0 1 1 1 0.14 0.18 0.72 0.14
312   5   2  15   0   1   2 0 1 1 1 0.30 0.26 0.94 0.22
313   2   1   3   0   1   2 0 1 1 0 0.20 0.20 0.44 0.10
314   5   2  10   0   1   1 0 0 1 1 0.32 0.20 0.96 0.24
315   3   2  15   0   0   2 0 0 0 0 0.32 0.22 0.90 0.18
316   2   1  11   3   0   2 0 0 0 0 0.22 0.16 0.40 0.12
317   5   2   4   0   1   1 0 0 1 0 0.34 0.22 0.92 0.20
318   1   2  12   0   1   1 1 1 1 0 0.34 0.22 0.88 0.20
319   1   1  13   0   1   2 0 0 1 0 0.22 0.16 0.40 0.12
320   1   2  15   0   1   2 1 1 1 0 0.32 0.22 0.90 0.18
321   5   1  11   0   1   2 0 1 1 1 0.24 0.18 0.36 0.14
322   5   2   1   0   1   2 1 0 1 1 0.28 0.18 0.86 0.20
323   2   1   4   0   0   1 0 0 0 0 0.16 0.14 0.68 0.10
324   5   2  10   0   1   1 0 0 1 1 0.30 0.18 0.84 0.22
325   4   1   7   0   1   2 0 0 1 0 0.24 0.14 0.32 0.10
326   1   1   6  -5   0   1 0 0 0 0 0.16 0.14 0.68 0.10
327   4   2   4   0   1   1 1 0 1 1 0.30 0.18 0.80 0.18
328   1   2  13  -5   0   2 0 0 0 0 0.24 0.18 0.82 0.16
329   2   1   3   4   0   2 0 0 0 0 0.26 0.14 0.28 0.10
330   1   2   1   0   1   2 0 0 1 0 0.24 0.20 0.82 0.16
331   3   2  10   0   0   1 0 0 0 0 0.26 0.20 0.76 0.14
332   2   2  13  -7   0   2 0 0 0 0 0.26 0.20 0.78 0.18
333   1   2   6  -5   0   1 0 0 0 0 0.26 0.20 0.76 0.14
334   5   2  14  -5   0   1 0 0 0 0 0.28 0.22 0.78 0.16
335   3   1  10   0   1   1 0 1 0 0 0.18 0.16 0.70 0.12
336   2   2  11   3   0   2 0 0 0 0 0.26 0.22 0.78 0.18
337   4   1  10   1   0   1 0 0 0 0 0.18 0.12 0.70 0.12
338   2   2  13  -1   0   2 0 0 0 0 0.28 0.22 0.80 0.20
339   1   2  15   0   0   2 0 0 0 0 0.28 0.24 0.80 0.20
340   5   1   8   5   0   1 0 0 0 0 0.20 0.12 0.72 0.14
341   1   2  12   5   0   1 0 0 0 0 0.28 0.22 0.78 0.16
342   4   2  13  -5   0   2 0 0 0 0 0.30 0.24 0.82 0.22
343   5   2   9   0   0   2 0 0 0 0 0.30 0.26 0.82 0.22
344   4   2   6  -7   0   1 0 0 0 0 0.30 0.24 0.80 0.18
345   2   2  12   8   0   1 0 0 0 0 0.30 0.24 0.80 0.18
346   1   1   1   0   0   2 0 0 0 0 0.26 0.16 0.28 0.12
347   3   1  10   0   1   1 0 0 0 1 0.20 0.14 0.72 0.14
348   2   1   2  -6   0   1 0 0 0 0 0.22 0.14 0.74 0.10
349   4   1   8   0   1   1 0 0 1 0 0.22 0.16 0.74 0.10
350   2   2  11   0   0   2 0 0 0 0 0.32 0.26 0.84 0.24
351   3   2   1   0   1   2 0 1 0 1 0.32 0.28 0.84 0.24
352   2   2   6   0   1   1 1 1 1 0 0.32 0.26 0.82 0.20
353   1   1   2   0   1   1 1 0 1 1 0.24 0.16 0.70 0.12
354   4   2  14   0   1   1 0 0 1 1 0.28 0.22 0.78 0.20
355   4   1  14   0   1   1 0 0 1 1 0.20 0.18 0.66 0.08
356   1   1  12   0   1   1 0 1 1 0 0.20 0.18 0.62 0.04
357   5   2  11   0   1   2 1 1 0 1 0.34 0.24 0.86 0.20
358   1   2   3   0   1   2 0 0 1 0 0.30 0.20 0.86 0.16
359   5   1   6  -5   0   1 0 0 0 0 0.22 0.14 0.58 0.04
360   5   2   7   4   0   2 0 0 0 0 0.30 0.20 0.82 0.16
361   1   2   7   0   1   2 0 0 1 0 0.32 0.22 0.82 0.18
362   2   2   5  -1   0   2 0 0 0 0 0.32 0.22 0.78 0.18
363   4   1   3   3   0   2 0 0 0 0 0.28 0.16 0.30 0.12
364   1   1  15   0   1   2 1 1 0 0 0.28 0.18 0.30 0.14
365   3   2  12   7   0   1 0 0 0 0 0.28 0.22 0.74 0.16
366   1   2   1   0   1   2 1 0 0 0 0.34 0.24 0.78 0.20
367   5   1   7   0   1   2 0 0 0 1 0.24 0.14 0.32 0.14
368   3   2  12   9   0   1 0 0 0 0 0.30 0.24 0.74 0.16
369   3   2  12   8   0   1 0 0 0 0 0.30 0.24 0.76 0.18
370   1   2  14   0   1   1 0 0 0 1 0.32 0.26 0.76 0.18
371   1   1   5  -3   0   2 0 0 0 0 0.24 0.14 0.32 0.10
372   3   1   1  -3   0   2 0 0 0 0 0.26 0.16 0.34 0.10
373   2   2  10  -6   0   1 0 0 0 0 0.32 0.26 0.78 0.14
374   5   2   8   5   0   1 0 0 0 0 0.34 0.28 0.78 0.14
375   1   1  10  -5   0   1 0 0 0 0 0.22 0.14 0.58 0.06
376   5   1   4   4   0   1 0 0 0 0 0.24 0.16 0.60 0.06
377   3   1   1  -4   0   2 0 0 0 0 0.26 0.16 0.34 0.12
378   4   1  16   5   0   1 0 0 0 0 0.24 0.16 0.60 0.08
379   3   2   9  -2   0   2 0 0 0 0 0.30 0.24 0.80 0.20
380   1   1  16   0   1   1 0 0 1 0 0.26 0.18 0.62 0.08
381   2   1   4   4   0   1 0 0 0 0 0.26 0.18 0.58 0.10
382   3   1  11   0   1   2 1 0 1 0 0.28 0.18 0.36 0.12
383   3   2   8   4   0   1 0 0 0 0 0.34 0.28 0.80 0.16
384   5   1  10   0   1   1 0 0 1 0 0.28 0.20 0.58 0.10
385   1   2  16   0   1   1 1 1 1 0 0.36 0.30 0.80 0.16
386   1   1  13   0   1   2 1 1 1 0 0.24 0.18 0.32 0.14
387   1   1   9   0   1   2 0 0 1 1 0.20 0.14 0.28 0.14
388   5   1  10  -5   0   1 0 0 0 0 0.28 0.20 0.54 0.12
389   2   1  13   0   1   2 1 0 1 0 0.20 0.14 0.24 0.10
390   3   2  11   0   1   2 1 0 0 0 0.30 0.26 0.80 0.22
391   1   2   3   0   0   2 0 0 0 0 0.26 0.26 0.82 0.22
392   3   2   7   4   0   2 0 0 0 0 0.26 0.28 0.82 0.24
393   4   2  12   7   0   1 0 0 0 0 0.32 0.26 0.76 0.18
394   1   1   7   5   0   2 0 0 0 0 0.16 0.16 0.20 0.10
395   3   1  12  10   0   1 0 0 0 0 0.30 0.22 0.54 0.12
396   1   1  16   0   1   1 0 1 0 0 0.30 0.22 0.56 0.14
397   1   1  13  -6   0   2 0 0 0 0 0.16 0.16 0.20 0.12
398   2   2   9  -7   0   2 0 0 0 0 0.28 0.28 0.84 0.24
399   1   2  10   0   1   1 0 0 1 0 0.32 0.26 0.76 0.18
400   5   1   6  -6   0   1 0 0 0 0 0.32 0.18 0.56 0.14
401   5   2   9   0   0   2 0 0 0 0 0.28 0.30 0.84 0.26
402   2   2   7   3   0   2 0 0 0 0 0.30 0.30 0.86 0.26
403   1   1   7   2   0   2 0 0 0 0 0.18 0.18 0.22 0.12
404   5   1   9   0   0   2 0 0 0 0 0.18 0.18 0.22 0.14
405   5   1  11   0   1   2 0 1 0 0 0.20 0.20 0.24 0.14
406   3   1   5  -2   0   2 0 0 0 0 0.20 0.16 0.24 0.16
407   5   2  16   6   0   1 0 0 0 0 0.34 0.28 0.72 0.20
408   4   2  14  -6   0   1 0 0 0 0 0.34 0.28 0.72 0.20
409   3   2   8   4   0   1 0 0 0 0 0.36 0.30 0.74 0.22
410   4   1  12   6   0   1 0 0 0 0 0.32 0.18 0.58 0.16
411   3   2  11   2   0   2 0 0 0 0 0.30 0.32 0.86 0.28
412   2   1   2  -7   0   1 0 0 0 0 0.34 0.20 0.58 0.16
413   2   2   9  -4   0   2 0 0 0 0 0.32 0.32 0.88 0.28
414   3   2   9   5   0   2 0 0 0 0 0.32 0.34 0.88 0.30
415   4   2   4   0   1   1 1 1 0 0 0.36 0.30 0.74 0.22
416   5   1  14   0   1   1 0 1 0 1 0.34 0.20 0.60 0.18
417   2   1  15   0   1   2 0 0 0 1 0.22 0.16 0.26 0.16
418   4   2  10  -7   0   1 0 0 0 0 0.32 0.26 0.76 0.24
419   5   2   7   0   1   2 0 1 0 1 0.34 0.34 0.90 0.30
420   1   2   5   0   1   2 1 1 0 1 0.34 0.30 0.90 0.26
421   1   1   3   0   1   2 0 0 1 1 0.22 0.18 0.26 0.12
422   5   1  13  -1   0   2 0 0 0 0 0.24 0.18 0.22 0.08
423   2   1  15   0   1   2 1 0 0 0 0.24 0.20 0.22 0.08
424   5   1  12   0   1   1 1 0 1 1 0.36 0.16 0.60 0.14
425   2   1  15   0   0   2 0 0 0 0 0.20 0.20 0.24 0.10
426   4   1  16   0   1   1 1 0 1 0 0.32 0.16 0.56 0.10
427   5   2   2   0   1   1 1 0 1 1 0.32 0.26 0.76 0.24
428   5   1   7   3   0   2 0 0 0 0 0.20 0.22 0.24 0.10
429   4   2   7   0   0   2 0 0 0 0 0.30 0.26 0.92 0.22
430   4   2   7   0   1   2 1 0 1 0 0.30 0.26 0.92 0.22
431   4   2   3   0   1   2 0 0 1 1 0.26 0.28 0.88 0.24
432   3   2  14  -6   0   1 0 0 0 0 0.28 0.28 0.72 0.20
433   2   1   7   4   0   2 0 0 0 0 0.22 0.22 0.26 0.12
434   2   2   9   0   1   2 1 1 0 0 0.26 0.28 0.84 0.20
435   5   1   7   2   0   2 0 0 0 0 0.22 0.24 0.26 0.12
436   5   1  16   0   1   1 0 1 0 1 0.28 0.18 0.52 0.10
437   2   1   8   0   1   1 1 0 1 1 0.28 0.14 0.52 0.06
438   1   2   3   0   1   2 1 1 0 1 0.22 0.24 0.84 0.20
439   4   1   5   0   1   2 0 1 0 1 0.24 0.24 0.28 0.14
440   3   2  14  -8   0   1 0 0 0 0 0.28 0.28 0.72 0.20
441   5   2  16   0   1   1 0 0 0 1 0.30 0.30 0.74 0.22
442   4   1  13   0   1   2 1 1 0 0 0.24 0.20 0.28 0.10
443   1   1  14   0   1   1 1 1 1 0 0.24 0.14 0.48 0.02
444   5   1  13   0   1   2 0 1 0 1 0.20 0.16 0.30 0.10
445   3   1   8   0   1   1 0 1 1 1 0.20 0.10 0.44 0.02
446   5   2   6   0   0   1 0 0 0 0 0.30 0.30 0.74 0.18
447   1   2  16   0   1   1 1 1 1 1 0.32 0.32 0.76 0.18
448   1   2  14   0   1   1 1 1 1 1 0.28 0.28 0.72 0.14
449   3   1  13   0   1   2 0 1 0 1 0.20 0.12 0.30 0.06
450   3   2   5   0   1   2 1 1 1 1 0.18 0.20 0.86 0.16
451   1   1   2 -10   0   1 0 0 0 0 0.20 0.06 0.40 0.02
452   1   2   9   0   1   2 1 1 1 0 0.14 0.16 0.82 0.12
453   4   2   3   0   1   2 1 0 1 1 0.10 0.12 0.78 0.12
454   4   1   6   0   1   1 1 0 1 0 0.22 0.06 0.40 0.02
455   1   2   4   0   1   1 1 1 1 0 0.24 0.24 0.68 0.10
456   2   2  14  -8   0   1 0 0 0 0 0.20 0.20 0.64 0.10
457   4   1   1   0   1   2 1 1 1 0 0.22 0.08 0.32 0.02
458   3   2  13   0   1   2 0 1 1 1 0.06 0.12 0.74 0.08
459   2   1   6   0   1   1 1 1 1 0 0.18 0.08 0.36 0.04
460   2   2  14   0   1   1 1 1 0 1 0.20 0.20 0.64 0.12
461   2   2   2   0   1   1 1 1 1 0 0.16 0.16 0.66 0.08
462   4   2  13   0   1   2 0 0 1 0 0.06 0.08 0.70 0.04
463   5   2   2   0   1   1 0 1 0 1 0.12 0.12 0.62 0.08
464   4   2  16   6   0   1 0 0 0 0 0.12 0.08 0.62 0.04
465   4   1  11   4   0   2 0 0 0 0 0.18 0.04 0.28 0.02
466   4   2   9   0   1   2 0 0 1 0 0.08 0.08 0.66 0.04
467   1   2   7   0   1   2 0 0 1 0 0.08 0.10 0.62 0.06
468   1   1   9   0   1   2 0 0 1 0 0.18 0.04 0.28 0.04
469   4   1   5   0   1   2 1 0 1 0 0.20 0.06 0.24 0.04
470   4   2  15   0   1   2 0 0 1 0 0.10 0.10 0.58 0.06
471   2   1  14  -4   0   1 0 0 0 0 0.14 0.04 0.32 0.04
472   5   2  13   0   1   2 0 0 1 0 0.10 0.12 0.54 0.08
473   2   2   4   0   1   1 0 0 1 0 0.14 0.08 0.64 0.04
474   5   1   4   0   1   1 0 0 1 0 0.14 0.04 0.32 0.06
475   1   1  14   0   1   1 0 0 1 0 0.16 0.06 0.28 0.06
476   5   2   3   0   1   2 0 0 1 0 0.12 0.12 0.50 0.08
477   3   1   1   0   1   2 1 0 1 0 0.16 0.06 0.20 0.06
478   3   2  14  -6   0   1 0 0 0 0 0.14 0.10 0.60 0.06
479   4   1   8   5   0   1 0 0 0 0 0.16 0.06 0.24 0.08
480   1   2  11   0   1   2 0 1 0 1 0.12 0.14 0.46 0.10
