  1   2   2   0   0   2 0.50 0.30 0.30 0.30   0   1   0   1   1   2   3   4   1
  1   2   2   6   1   2 0.50 0.26 0.30 0.26   0   0   0   0   1   2   3   4   1
  0   2  10   7   1   1 0.00 0.00 0.00 0.00   0   0   0   0   1   1   3   2   4
  1   2   5   0   0   1 1.00 0.80 0.80 0.80   1   1   1   1   1   1   3   2   4
  1   2   2   0   0   2 0.53 0.26 0.33 0.26   1   1   0   0   1   4   3   1   2
  1   2   6   0   0   2 0.49 0.22 0.33 0.29   1   1   0   0   1   1   2   4   3
  1   2   5  -4   1   1 0.96 0.76 0.76 0.76   0   0   0   0   1   1   2   3   4
  1   2   6   0   0   2 0.45 0.18 0.36 0.29   0   1   0   0   1   1   3   2   4
  0   2   5  10   1   1 0.00 0.00 0.00 0.00   0   0   0   0   1   2   1   4   3
  1   2   4   0   0   2 0.45 0.14 0.36 0.32   1   1   0   0   1   4   1   3   2
  1   2   6   7   1   2 0.41 0.10 0.39 0.32   0   0   0   0   1   1   3   4   2
  1   2   4  -4   1   2 0.41 0.10 0.39 0.35   0   0   0   0   1   3   4   2   1
  1   2   1   0   0   1 0.96 0.76 0.76 0.76   1   1   1   1   1   1   4   2   3
  1   2   6   0   0   2 0.44 0.13 0.42 0.35   1   1   0   0   1   2   3   1   4
  1   2   5   0   0   1 0.92 0.72 0.72 0.72   1   1   1   0   1   1   3   4   2
  1   2   1   0   0   1 0.88 0.68 0.68 0.72   1   1   0   1   1   1   2   4   3
  0   2   6 -10   1   1 0.00 0.00 0.00 0.00   0   0   0   0   1   2   3   4   1
  0   2   1  -6   1   1 0.00 0.00 0.00 0.00   0   0   0   0   1   2   4   1   3
  1   2   4   0   0   2 0.40 0.09 0.42 0.38   1   1   0   0   1   1   3   4   2
  0   2   8  -4   1   1 0.00 0.00 0.00 0.00   0   0   0   0   1   4   1   2   3
  1   2   5  -4   1   1 0.84 0.64 0.68 0.68   0   0   0   0   1   2   4   1   3
  1   2   1   0   0   1 0.84 0.64 0.71 0.68   1   1   1   1   1   1   2   3   4
  1   2   2   5   1   2 0.36 0.05 0.45 0.38   0   0   0   0   1   4   3   1   2
  1   2   1   0   0   1 0.80 0.60 0.67 0.64   1   1   0   1   1   2   4   1   3
  1   2   1  -4   1   1 0.76 0.56 0.67 0.60   0   0   0   0   1   3   4   1   2
  0   2   4   8   1   1 0.00 0.00 0.00 0.00   0   0   0   0   1   1   3   4   2
  0   2   7  -4   1   1 0.00 0.00 0.00 0.00   0   0   0   0   1   2   3   4   1
  1   2   4   0   0   2 0.36 0.05 0.45 0.41   1   0   1   1   1   1   3   4   2
  1   2   1   0   0   1 0.76 0.56 0.70 0.60   1   1   0   0   1   4   1   3   2
  0   2   3   4   1   1 0.00 0.00 0.00 0.00   0   0   0   0   1   3   2   4   1
  0   2   2  -5   1   1 0.00 0.00 0.00 0.00   0   0   0   0   1   2   3   1   4
  1   2   6   0   0   2 0.32 0.08 0.41 0.37   1   1   0   0   1   1   3   4   2
  0   2   9   8   1   1 0.00 0.00 0.00 0.00   0   0   0   0   1   1   3   4   2
  1   2   2   4   1   2 0.28 0.04 0.41 0.37   0   0   0   0   1   2   4   3   1
  1   2   3   0   0   1 0.72 0.52 0.70 0.63   1   1   1   1   1   2   1   3   4
  1   2   6   0   0   2 0.28 0.04 0.44 0.40   1   1   0   0   1   1   2   3   4
  1   2   3   0   0   1 0.68 0.48 0.66 0.59   1   0   1   0   1   3   1   4   2
  1   2   3   0   0   1 0.64 0.48 0.62 0.59   1   1   0   1   1   4   1   2   3
  1   2   3   0   0   1 0.60 0.44 0.62 0.55   1   1   0   1   1   4   1   2   3
  1   2   3   8   1   1 0.56 0.40 0.65 0.51   0   0   0   0   1   1   3   4   2
  1   2   3   0   0   1 0.56 0.40 0.65 0.51   1   1   1   0   1   1   3   4   2
  1   2   4   0   0   2 0.24 0.02 0.44 0.40   1   0   1   1   1   1   3   4   2
  1   2   4  -5   1   2 0.20 0.02 0.40 0.36   0   0   0   0   1   3   4   2   1
  1   2   5   0   0   1 0.52 0.36 0.61 0.54   1   1   1   0   1   1   2   3   4
  1   2   5   0   0   1 0.48 0.32 0.57 0.54   1   1   1   1   1   3   2   1   4
  1   2   2   0   0   2 0.20 0.05 0.40 0.36   1   0   1   1   1   3   2   4   1
  1   2   2   4   1   2 0.16 0.05 0.36 0.32   0   0   0   0   2   3   2   1   4
  1   2   5  -5   1   1 0.44 0.28 0.53 0.50   0   0   0   0   2   1   4   2   3
  1   2   2   0   0   2 0.16 0.08 0.36 0.32   1   0   1   0   2   4   3   1   2
  1   2   6   0   0   2 0.12 0.08 0.32 0.35   1   0   1   1   2   1   2   3   4
  1   2   6   5   1   2 0.08 0.11 0.28 0.31   0   0   0   0   2   4   2   1   3
  1   2   4 -10   1   2 0.08 0.11 0.28 0.31   0   0   0   0   2   2   1   4   3
  1   2   1   0   0   1 0.44 0.28 0.53 0.50   1   0   1   1   2   2   4   3   1
  1   2   6   4   1   2 0.11 0.14 0.31 0.34   0   0   0   0   2   2   1   3   4
  1   2   5   0   0   1 0.40 0.31 0.49 0.46   1   0   1   1   2   4   3   1   2
  1   2   1   0   0   1 0.36 0.31 0.45 0.42   1   1   0   0   2   4   1   3   2
  1   2   4  -8   1   2 0.11 0.14 0.31 0.34   0   0   0   0   2   4   3   1   2
  1   2   1   0   0   1 0.32 0.27 0.45 0.42   1   1   1   1   2   1   4   2   3
  1   2   1   0   0   1 0.28 0.23 0.41 0.38   1   1   1   1   2   4   3   1   2
  1   2   4   0   0   2 0.14 0.17 0.34 0.37   1   1   1   1   2   4   2   3   1
  1   2   1  -5   1   1 0.24 0.19 0.37 0.34   0   0   0   0   2   3   2   4   1
  1   2   6   5   1   2 0.10 0.13 0.30 0.33   0   0   0   0   2   2   1   4   3
  1   2   3   0   0   1 0.24 0.19 0.37 0.34   1   1   1   1   2   2   4   1   3
  1   2   6   6   1   2 0.10 0.13 0.30 0.33   0   0   0   0   2   3   4   2   1
  1   2   3   0   0   1 0.20 0.15 0.33 0.30   1   1   1   1   2   4   3   2   1
  1   2   3   5   1   1 0.16 0.11 0.29 0.26   0   0   0   0   2   4   1   2   3
  1   2   3   0   0   1 0.16 0.11 0.29 0.26   1   0   1   1   2   3   1   2   4
  1   2   3   0   0   1 0.12 0.14 0.25 0.22   1   1   1   1   2   4   1   2   3
  1   2   4  -8   1   2 0.13 0.16 0.33 0.36   0   0   0   0   2   4   1   3   2
  1   2   5  -5   1   1 0.08 0.10 0.21 0.18   0   0   0   0   2   2   1   4   3
  1   2   5   0   0   1 0.08 0.10 0.21 0.18   0   1   0   1   2   4   2   1   3
  1   2   2   4   1   2 0.13 0.16 0.33 0.36   0   0   0   0   2   2   4   3   1
  1   2   2   0   0   2 0.16 0.19 0.36 0.39   1   1   1   1   3   4   1   2   3
  1   2   6   0   0   2 0.12 0.15 0.32 0.35   1   1   1   1   3   1   2   3   4
  1   2   1   0   0   1 0.11 0.06 0.24 0.14   1   0   1   1   3   4   3   2   1
  1   2   5  -5   1   1 0.07 0.06 0.20 0.10   0   0   0   0   3   4   2   1   3
  1   2   1   0   0   1 0.07 0.09 0.20 0.10   0   0   1   0   3   1   2   3   4
  1   2   1  -3   1   1 0.10 0.09 0.16 0.13   0   0   0   0   3   1   4   2   3
  1   2   1   0   0   1 0.10 0.12 0.16 0.13   1   1   0   0   3   4   1   3   2
  1   2   4 -10   1   2 0.08 0.11 0.28 0.31   0   0   0   0   3   1   4   2   3
  1   2   3   5   1   1 0.06 0.08 0.19 0.16   0   0   0   0   3   1   3   2   4
  1   2   3   0   0   1 0.06 0.08 0.19 0.16   0   0   1   1   3   3   2   1   4
  1   2   3   0   1   1 0.09 0.11 0.15 0.12   0   0   0   0   3   4   2   3   1
  1   2   3   6   1   1 0.09 0.11 0.15 0.12   0   0   0   0   3   3   2   1   4
  1   2   5   0   0   1 0.12 0.14 0.18 0.15   1   0   1   1   3   3   4   1   2
  1   2   2   4   1   2 0.08 0.11 0.28 0.31   0   0   0   0   4   4   1   3   2
  1   2   6  10   1   2 0.11 0.14 0.31 0.34   0   0   0   0   4   1   4   2   3
  1   2   1   0   0   1 0.08 0.14 0.14 0.11   0   1   0   1   4   3   1   4   2
  1   2   1  -6   1   1 0.08 0.10 0.14 0.07   0   0   0   0   4   2   4   3   1
  1   2   1  -9   1   1 0.11 0.10 0.17 0.07   0   0   0   0   4   3   2   4   1
  1   2   3  10   1   1 0.11 0.13 0.17 0.10   0   0   0   0   4   4   1   3   2
  1   2   5   0   0   1 0.14 0.13 0.20 0.10   1   0   1   0   4   3   2   1   4
  1   2   1  -4   1   1 0.10 0.16 0.16 0.13   0   0   0   0   5   4   1   3   2
  1   2   5   0   0   1 0.10 0.16 0.16 0.13   0   1   0   1   5   2   1   3   4
  1   2   5   0   0   1 0.13 0.12 0.19 0.09   1   0   1   0   6   4   1   2   3
  1   2   5   0   0   1 0.09 0.12 0.15 0.09   0   1   0   1   7   4   3   2   1
  1   2   5  -6   1   1 0.09 0.08 0.15 0.05   0   0   0   0   8   2   1   3   4
  0   3   9  10   1   1 0.00 0.00 0.00 0.00   0   0   0   0   1   4   3   2   1
  1   3   1   0   0   1 0.12 0.08 0.18 0.05   1   0   1   1   1   4   1   3   2
  1   3   2   0   0   2 0.11 0.14 0.31 0.34   0   1   0   1   1   1   2   3   4
  1   3   3  10   1   1 0.08 0.11 0.14 0.02   0   0   0   0   1   2   3   1   4
  1   3   1  -9   1   1 0.08 0.11 0.14 0.02   0   0   0   0   1   4   2   3   1
  1   3   2  -4   1   2 0.14 0.10 0.34 0.30   0   0   0   0   1   3   4   1   2
  1   3   2   0   0   2 0.14 0.10 0.34 0.30   0   1   0   1   1   3   2   4   1
  1   3   6   0   0   2 0.17 0.06 0.37 0.26   1   0   1   1   1   1   4   2   3
  1   3   5  -4   1   1 0.11 0.14 0.17 0.05   0   0   0   0   1   3   4   2   1
  1   3   6   0   0   2 0.13 0.06 0.33 0.22   0   0   0   1   1   2   1   3   4
  1   3   5  -5   1   1 0.11 0.14 0.17 0.05   0   0   0   0   1   4   1   2   3
  1   3   1   0   0   1 0.14 0.17 0.20 0.08   1   0   1   0   1   3   4   2   1
  1   3   2  -2   1   2 0.13 0.09 0.33 0.18   0   0   0   0   1   3   4   2   1
  0   3   1  -9   1   1 0.00 0.00 0.00 0.00   0   0   0   0   1   2   1   4   3
  0   3   2  -5   1   1 0.00 0.00 0.00 0.00   0   0   0   0   1   2   4   1   3
  1   3   1  -4   1   1 0.10 0.17 0.16 0.08   0   0   0   0   1   1   2   3   4
  1   3   5   0   0   1 0.10 0.20 0.16 0.11   0   1   1   0   1   1   2   4   3
  0   3  10   7   1   1 0.00 0.00 0.00 0.00   0   0   0   0   1   2   3   1   4
  1   3   1  -5   1   1 0.13 0.16 0.12 0.11   0   0   0   0   1   2   3   1   4
  1   3   4   0   0   2 0.16 0.09 0.36 0.18   1   0   1   1   1   3   1   2   4
  0   3   5  10   1   1 0.00 0.00 0.00 0.00   0   0   0   0   1   2   4   1   3
  1   3   6   0   0   2 0.12 0.12 0.32 0.14   1   0   1   1   1   4   1   3   2
  1   3   3   0   0   1 0.13 0.16 0.12 0.14   0   1   0   1   1   1   3   2   4
  1   3   6   0   0   2 0.08 0.12 0.28 0.10   0   0   1   0   1   3   4   2   1
  1   3   5   0   0   1 0.16 0.12 0.15 0.10   1   0   0   0   1   1   2   4   3
  0   3   4  10   1   1 0.00 0.00 0.00 0.00   0   0   0   0   1   1   4   2   3
  1   3   3   0   0   1 0.12 0.12 0.15 0.10   1   0   1   1   1   4   1   3   2
  0   3   6 -10   1   1 0.00 0.00 0.00 0.00   0   0   0   0   1   4   2   3   1
  1   3   5   0   0   1 0.08 0.15 0.11 0.06   0   1   0   0   1   3   2   4   1
  1   3   3   6   1   1 0.08 0.11 0.11 0.06   0   0   0   0   1   3   4   2   1
  1   3   3   6   1   1 0.11 0.11 0.14 0.09   0   0   0   0   1   4   1   2   3
  1   3   1   0   0   1 0.11 0.14 0.14 0.09   0   1   1   0   1   1   3   2   4
  1   3   3   6   1   1 0.14 0.10 0.10 0.12   0   0   0   0   1   3   1   2   4
  0   3   3  -4   1   1 0.00 0.00 0.00 0.00   0   0   0   0   1   4   2   1   3
  1   3   5   0   0   1 0.14 0.10 0.10 0.12   0   1   1   1   1   1   2   3   4
  1   3   6   6   1   2 0.08 0.15 0.24 0.10   0   0   0   0   1   4   3   2   1
  1   3   4   0   0   2 0.11 0.15 0.24 0.13   0   1   1   1   1   3   1   4   2
  0   3   8  -4   1   1 0.00 0.00 0.00 0.00   0   0   0   0   1   1   3   4   2
  1   3   2   0   0   2 0.11 0.11 0.20 0.09   1   0   1   1   1   2   3   4   1
  1   3   4  -8   1   2 0.07 0.11 0.16 0.05   0   0   0   0   1   4   1   3   2
  0   3   7  -9   1   1 0.00 0.00 0.00 0.00   0   0   0   0   1   3   1   4   2
  1   3   2   0   0   2 0.07 0.14 0.16 0.05   1   1   1   0   1   4   2   3   1
  1   3   4   0   0   2 0.03 0.10 0.12 0.08   0   1   1   1   1   3   2   4   1
  1   3   6   6   1   2 0.03 0.06 0.08 0.04   0   0   0   0   1   4   2   3   1
  1   3   4  -6   1   2 0.06 0.06 0.08 0.04   0   0   0   0   1   2   4   1   3
  1   3   4  -6   1   2 0.06 0.09 0.11 0.07   0   0   0   0   1   2   4   1   3
  1   3   1   0   0   1 0.17 0.06 0.06 0.08   1   0   1   1   2   3   2   4   1
  1   3   2  -2   1   2 0.09 0.09 0.11 0.07   0   0   0   0   2   4   3   2   1
  1   3   2   4   1   2 0.09 0.12 0.14 0.10   0   0   0   0   2   2   3   1   4
  1   3   6   8   1   2 0.12 0.12 0.14 0.10   0   0   0   0   2   4   3   2   1
  1   3   6   0   0   2 0.12 0.15 0.17 0.13   0   1   0   1   2   3   4   1   2
  1   3   1  -6   1   1 0.13 0.06 0.02 0.04   0   0   0   0   2   4   3   2   1
  1   3   5  -5   1   1 0.13 0.09 0.02 0.04   0   0   0   0   2   2   1   4   3
  1   3   4  -8   1   2 0.15 0.11 0.17 0.09   0   0   0   0   2   3   1   4   2
  1   3   6   6   1   2 0.15 0.11 0.20 0.09   0   0   0   0   2   4   1   2   3
  1   3   3   0   0   1 0.16 0.09 0.05 0.07   1   0   0   0   2   1   2   4   3
  1   3   6   0   0   2 0.18 0.14 0.20 0.12   1   0   1   0   2   4   3   1   2
  1   3   5   0   0   1 0.12 0.12 0.05 0.07   1   0   0   0   2   4   3   1   2
  1   3   3   8   1   1 0.08 0.12 0.08 0.10   0   0   0   0   2   1   4   2   3
  1   3   5  -5   1   1 0.08 0.15 0.08 0.10   0   0   0   0   2   2   4   1   3
  1   3   1  -4   1   1 0.11 0.15 0.11 0.13   0   0   0   0   2   4   2   1   3
  1   3   5  -4   1   1 0.11 0.18 0.11 0.13   0   0   0   0   2   1   4   2   3
  1   3   4   0   0   2 0.14 0.14 0.16 0.12   0   1   1   1   2   3   1   2   4
  1   3   2   0   0   2 0.14 0.10 0.12 0.08   1   0   0   0   2   4   2   3   1
  1   3   2  -2   1   2 0.10 0.10 0.12 0.08   0   0   0   0   2   4   2   1   3
  1   3   4  -7   1   2 0.10 0.13 0.15 0.11   0   0   0   0   2   1   2   3   4
  1   3   1  -5   1   1 0.14 0.18 0.14 0.16   0   0   0   0   3   1   4   3   2
  1   3   6   6   1   2 0.13 0.13 0.15 0.11   0   0   0   0   3   2   4   1   3
  1   3   3   0   0   1 0.14 0.21 0.14 0.16   1   1   0   0   3   1   2   4   3
  1   3   6   0   0   2 0.13 0.16 0.18 0.14   0   1   1   1   3   2   3   4   1
  1   3   5   0   0   1 0.10 0.17 0.17 0.19   0   1   1   1   3   1   2   3   4
  1   3   4  -6   1   2 0.16 0.12 0.14 0.10   0   0   0   0   3   3   2   4   1
  1   3   2  -2   1   2 0.16 0.12 0.14 0.10   0   0   0   0   3   2   3   4   1
  1   3   3   5   1   1 0.10 0.13 0.13 0.15   0   0   0   0   4   4   3   2   1
  1   3   6   0   0   2 0.19 0.15 0.17 0.13   0   1   0   1   4   3   4   1   2
  1   3   5   0   0   1 0.13 0.13 0.13 0.15   0   1   1   1   4   1   4   2   3
  1   3   6   6   1   2 0.19 0.11 0.17 0.09   0   0   0   0   5   3   4   1   2
  1   3   5  -4   1   1 0.13 0.09 0.09 0.11   0   0   0   0   5   3   1   2   4
  1   1   5   0   0   1 0.16 0.09 0.09 0.11   1   0   0   0   1   3   4   1   2
  1   1   4   0   0   2 0.22 0.11 0.20 0.09   1   0   1   0   1   1   2   3   4
  1   1   2   0   0   2 0.18 0.14 0.16 0.12   1   0   1   0   1   3   4   2   1
  0   1   1 -10   1   1 0.00 0.00 0.00 0.00   0   0   0   0   1   3   1   2   4
  1   1   2   3   1   2 0.14 0.14 0.12 0.12   0   0   0   0   1   3   4   2   1
  1   1   3   7   1   1 0.12 0.12 0.12 0.14   0   0   0   0   1   1   3   2   4
  0   1   9   9   1   1 0.00 0.00 0.00 0.00   0   0   0   0   1   1   2   4   3
  1   1   2   0   0   2 0.14 0.17 0.12 0.15   1   1   1   1   1   1   3   4   2
  1   1   6   0   0   2 0.10 0.13 0.08 0.11   1   0   1   0   1   1   4   2   3
  1   1   5  -5   1   1 0.12 0.12 0.12 0.14   0   0   0   0   1   3   1   4   2
  1   1   2   0   0   2 0.06 0.13 0.04 0.11   1   1   0   0   1   4   2   3   1
  1   1   6   6   1   2 0.02 0.09 0.04 0.14   0   0   0   0   1   2   3   4   1
  0   1   6  -9   1   1 0.00 0.00 0.00 0.00   0   0   0   0   1   4   1   3   2
  1   1   1   0   0   1 0.15 0.15 0.15 0.17   1   1   0   1   1   1   4   3   2
  1   1   4  -5   1   2 0.02 0.09 0.07 0.14   0   0   0   0   1   4   1   2   3
  1   1   5   0   0   1 0.11 0.11 0.15 0.13   0   0   1   1   1   3   2   4   1
  1   1   3   0   0   1 0.11 0.11 0.11 0.09   0   1   1   1   1   4   2   3   1
  1   1   4  -8   1   2 0.05 0.12 0.07 0.17   0   0   0   0   1   2   3   1   4
  0   1   5  10   1   1 0.00 0.00 0.00 0.00   0   0   0   0   1   1   2   4   3
  1   1   2   0   0   2 0.05 0.12 0.10 0.17   0   0   1   1   1   2   3   1   4
  1   1   6   0   0   2 0.08 0.15 0.06 0.13   0   1   0   1   1   2   1   3   4
  1   1   3   6   1   1 0.14 0.07 0.07 0.05   0   0   0   0   1   2   4   1   3
  1   1   2   0   0   2 0.08 0.11 0.06 0.09   0   1   0   1   1   2   4   3   1
  1   1   4   0   0   2 0.11 0.07 0.09 0.05   1   0   1   0   1   4   1   3   2
  1   1   6   6   1   2 0.07 0.07 0.05 0.05   0   0   0   0   1   4   2   1   3
  1   1   1   0   0   1 0.14 0.07 0.07 0.05   0   1   0   1   1   1   4   2   3
  0   1   4   5   1   1 0.00 0.00 0.00 0.00   0   0   0   0   1   1   4   2   3
  1   1   1  -4   1   1 0.17 0.03 0.10 0.02   0   0   0   0   1   4   1   3   2
  1   1   1   0   0   1 0.17 0.03 0.10 0.02   0   1   1   1   1   3   2   1   4
  1   1   1   0   0   1 0.20 0.02 0.06 0.02   1   1   0   0   1   2   3   1   4
  1   1   6   6   1   2 0.07 0.10 0.05 0.08   0   0   0   0   1   2   1   3   4
  1   1   6   0   0   2 0.10 0.10 0.08 0.08   0   1   0   0   1   3   4   2   1
  1   1   1   0   0   1 0.16 0.02 0.06 0.02   1   0   0   0   1   4   3   1   2
  0   1   7  -5   1   1 0.00 0.00 0.00 0.00   0   0   0   0   1   4   2   3   1
  1   1   5   0   0   1 0.12 0.02 0.09 0.05   1   0   1   0   1   3   4   1   2
  1   1   4   0   0   2 0.10 0.06 0.08 0.11   0   0   1   1   1   2   3   1   4
  0   1   8  -2   1   1 0.00 0.00 0.00 0.00   0   0   0   0   1   4   3   2   1
  1   1   5  -4   1   1 0.08 0.05 0.05 0.05   0   0   0   0   1   2   1   4   3
  1   1   3   0   0   1 0.08 0.05 0.05 0.08   1   0   1   1   1   3   4   2   1
  1   1   3   8   1   1 0.04 0.08 0.02 0.04   0   0   0   0   1   2   3   4   1
  1   1   3   8   1   1 0.04 0.08 0.02 0.04   0   0   0   0   1   1   2   3   4
  0   1   3  -3   1   1 0.00 0.00 0.00 0.00   0   0   0   0   1   2   1   3   4
  0   1   2  -5   1   1 0.00 0.00 0.00 0.00   0   0   0   0   1   3   2   4   1
  1   1   5   0   0   1 0.07 0.11 0.05 0.07   0   1   0   1   1   4   1   3   2
  0   1  10  10   1   1 0.00 0.00 0.00 0.00   0   0   0   0   1   3   2   4   1
  1   1   4  -9   1   2 0.13 0.06 0.04 0.07   0   0   0   0   1   1   4   3   2
  1   1   5  -4   1   1 0.07 0.07 0.05 0.03   0   0   0   0   2   4   2   1   3
  1   1   4   0   0   2 0.13 0.09 0.04 0.07   1   0   1   0   2   2   4   3   1
  1   1   2   2   1   2 0.09 0.09 0.02 0.10   0   0   0   0   2   1   4   2   3
  1   1   2   3   1   2 0.09 0.12 0.02 0.10   0   0   0   0   2   3   2   1   4
  1   1   6   6   1   2 0.12 0.12 0.05 0.13   0   0   0   0   2   2   4   3   1
  1   1   2   0   0   2 0.12 0.15 0.05 0.13   1   1   0   1   2   1   2   3   4
  1   1   1  -4   1   1 0.10 0.07 0.08 0.03   0   0   0   0   2   3   4   2   1
  1   1   5  -4   1   1 0.10 0.10 0.08 0.06   0   0   0   0   2   4   2   1   3
  1   1   3   6   1   1 0.13 0.10 0.11 0.06   0   0   0   0   2   3   1   4   2
  1   1   2  -1   1   2 0.08 0.11 0.08 0.09   0   0   0   0   2   4   1   2   3
  1   1   6   6   1   2 0.08 0.11 0.08 0.09   0   0   0   0   2   1   2   3   4
  1   1   2   0   0   2 0.11 0.14 0.11 0.12   1   0   0   0   2   1   2   4   3
  1   1   4  -8   1   2 0.07 0.14 0.11 0.12   0   0   0   0   2   3   1   4   2
  1   1   1   0   0   1 0.13 0.13 0.11 0.09   1   1   1   1   2   2   3   1   4
  1   1   1   0   0   1 0.09 0.09 0.07 0.05   1   0   1   0   2   2   4   1   3
  1   1   1  -4   1   1 0.05 0.09 0.03 0.05   0   0   0   0   2   2   4   1   3
  1   1   6   6   1   2 0.07 0.17 0.14 0.15   0   0   0   0   2   1   4   3   2
  1   1   1  -4   1   1 0.05 0.12 0.03 0.08   0   0   0   0   2   2   1   3   4
  1   1   5  -4   1   1 0.08 0.12 0.06 0.08   0   0   0   0   2   1   3   2   4
  1   1   4   0   0   2 0.10 0.17 0.14 0.15   1   1   0   1   2   3   2   4   1
  1   1   3   0   0   1 0.08 0.15 0.06 0.11   1   1   0   0   2   2   4   3   1
  1   1   5  -5   1   1 0.04 0.11 0.09 0.11   0   0   0   0   2   2   3   1   4
  1   1   4   0   0   2 0.06 0.13 0.17 0.11   0   1   0   0   3   1   2   4   3
  1   1   2   3   1   2 0.06 0.09 0.17 0.11   0   0   0   0   3   1   2   4   3
  1   1   2   3   1   2 0.09 0.09 0.20 0.14   0   0   0   0   3   4   3   1   2
  1   1   1  -6   1   1 0.04 0.11 0.09 0.14   0   0   0   0   3   3   2   4   1
  1   1   1  -8   1   1 0.07 0.14 0.12 0.14   0   0   0   0   3   1   3   4   2
  1   1   4   0   0   2 0.09 0.12 0.20 0.14   0   0   1   1   3   2   4   1   3
  1   1   3   0   0   1 0.07 0.14 0.12 0.17   0   1   0   1   3   3   1   2   4
  1   1   4   0   0   2 0.12 0.12 0.16 0.10   1   0   1   0   4   4   2   3   1
  1   1   4  -8   1   2 0.08 0.15 0.12 0.10   0   0   0   0   4   2   4   1   3
  1   1   3   8   1   1 0.10 0.10 0.15 0.13   0   0   0   0   4   4   3   1   2
  1   1   4  -9   1   2 0.08 0.15 0.12 0.13   0   0   0   0   5   3   2   1   4
  0   4   1  -7   1   1 0.00 0.00 0.00 0.00   0   0   0   0   1   3   1   4   2
  1   4   6   6   1   2 0.11 0.18 0.15 0.13   0   0   0   0   1   3   4   1   2
  1   4   6   6   1   2 0.11 0.18 0.15 0.16   0   0   0   0   1   1   2   3   4
  1   4   1  -6   1   1 0.10 0.10 0.15 0.13   0   0   0   0   1   3   2   1   4
  1   4   5   0   0   1 0.13 0.13 0.18 0.16   1   0   1   1   1   2   1   3   4
  0   4   9   8   1   1 0.00 0.00 0.00 0.00   0   0   0   0   1   3   1   2   4
  0   4   2  -6   1   1 0.00 0.00 0.00 0.00   0   0   0   0   1   3   4   1   2
  1   4   6   0   0   2 0.14 0.21 0.18 0.16   0   1   1   1   1   2   1   4   3
  1   4   2   0   0   2 0.14 0.17 0.14 0.12   1   1   1   1   1   4   3   2   1
  0   4   5  10   1   1 0.00 0.00 0.00 0.00   0   0   0   0   1   4   2   1   3
  1   4   5  -4   1   1 0.09 0.13 0.14 0.12   0   0   0   0   1   1   4   2   3
  1   4   1   0   0   1 0.09 0.16 0.14 0.12   0   0   1   1   1   4   2   1   3
  0   4   7  -7   1   1 0.00 0.00 0.00 0.00   0   0   0   0   1   1   4   2   3
  1   4   4   0   0   2 0.10 0.13 0.10 0.08   1   0   1   0   1   2   3   1   4
  1   4   4  -7   1   2 0.06 0.13 0.06 0.08   0   0   0   0   1   3   4   2   1
  1   4   1  -4   1   1 0.12 0.16 0.10 0.08   0   0   0   0   1   4   3   1   2
  1   4   3   0   0   1 0.12 0.19 0.10 0.08   1   1   0   1   1   4   1   3   2
  1   4   6   7   1   2 0.06 0.16 0.06 0.11   0   0   0   0   1   2   4   3   1
  1   4   2   3   1   2 0.09 0.16 0.09 0.11   0   0   0   0   1   4   1   2   3
  1   4   4  -4   1   2 0.09 0.19 0.09 0.14   0   0   0   0   1   3   2   4   1
  1   4   4   0   0   2 0.12 0.19 0.12 0.14   0   0   1   1   1   4   1   2   3
  1   4   5  -6   1   1 0.08 0.15 0.13 0.04   0   0   0   0   1   3   1   4   2
  1   4   2  -3   1   2 0.12 0.22 0.08 0.10   0   0   0   0   1   3   2   1   4
  1   4   5  -4   1   1 0.08 0.15 0.13 0.04   0   0   0   0   1   3   2   4   1
  1   4   4  -7   1   2 0.15 0.22 0.08 0.10   0   0   0   0   1   2   1   4   3
  1   4   4   0   0   2 0.15 0.25 0.11 0.13   0   1   0   1   1   1   3   4   2
  1   4   6   0   0   2 0.18 0.21 0.11 0.09   1   0   0   0   1   4   2   1   3
  1   4   1   0   0   1 0.11 0.18 0.16 0.07   0   1   0   0   1   2   1   3   4
  1   4   2   0   0   2 0.14 0.21 0.14 0.09   0   1   1   0   1   4   2   1   3
  1   4   5  -4   1   1 0.11 0.14 0.16 0.07   0   0   0   0   1   2   3   4   1
  1   4   3   0   0   1 0.14 0.14 0.19 0.10   1   0   1   0   1   1   4   3   2
  0   4   3   2   1   1 0.00 0.00 0.00 0.00   0   0   0   0   1   3   1   4   2
  0   4   4   8   1   1 0.00 0.00 0.00 0.00   0   0   0   0   1   3   2   4   1
  1   4   5   0   0   1 0.10 0.17 0.15 0.10   0   1   1   1   1   2   4   1   3
  1   4   3   0   0   1 0.10 0.13 0.11 0.06   0   1   1   1   1   2   1   4   3
  1   4   1  -4   1   1 0.13 0.09 0.07 0.02   0   0   0   0   1   4   2   1   3
  1   4   6   0   0   2 0.14 0.17 0.10 0.12   0   1   0   1   1   2   1   3   4
  1   4   3   6   1   1 0.13 0.09 0.07 0.02   0   0   0   0   1   1   4   3   2
  1   4   1   0   0   1 0.16 0.12 0.10 0.05   1   0   1   0   1   4   2   3   1
  0   4   6 -10   1   1 0.00 0.00 0.00 0.00   0   0   0   0   1   2   3   4   1
  1   4   2   0   0   2 0.17 0.13 0.10 0.08   1   0   1   1   1   2   1   3   4
  0   4  10   6   1   1 0.00 0.00 0.00 0.00   0   0   0   0   1   4   2   1   3
  1   4   3   7   1   1 0.12 0.12 0.06 0.05   0   0   0   0   1   4   1   2   3
  0   4   8  -4   1   1 0.00 0.00 0.00 0.00   0   0   0   0   1   3   2   4   1
  1   4   2   2   1   2 0.13 0.13 0.06 0.04   0   0   0   0   1   4   3   2   1
  1   4   3   7   1   1 0.12 0.15 0.06 0.08   0   0   0   0   1   2   1   4   3
  1   4   5   0   0   1 0.15 0.15 0.09 0.08   1   1   0   0   2   4   2   1   3
  1   4   6   5   1   2 0.13 0.16 0.06 0.04   0   0   0   0   2   1   4   2   3
  1   4   2   3   1   2 0.16 0.16 0.09 0.07   0   0   0   0   2   4   1   3   2
  1   4   1   0   0   1 0.11 0.11 0.09 0.11   0   0   1   1   2   4   2   3   1
  1   4   4   0   0   2 0.16 0.19 0.09 0.07   0   1   0   1   2   1   4   2   3
  1   4   3   6   1   1 0.11 0.11 0.05 0.07   0   0   0   0   2   4   1   2   3
  1   4   4  -8   1   2 0.19 0.15 0.12 0.03   0   0   0   0   2   4   2   3   1
  1   4   4   0   0   2 0.19 0.15 0.12 0.03   1   0   1   0   2   1   2   4   3
  1   4   6   4   1   2 0.15 0.18 0.08 0.06   0   0   0   0   2   4   1   2   3
  1   4   1  -3   1   1 0.14 0.14 0.05 0.07   0   0   0   0   2   4   3   2   1
  1   4   2   0   0   2 0.15 0.18 0.08 0.06   0   1   0   1   2   2   4   3   1
  1   4   3   5   1   1 0.14 0.14 0.08 0.10   0   0   0   0   2   3   4   1   2
  1   4   5   0   0   1 0.17 0.17 0.08 0.10   1   1   0   0   2   2   4   1   3
  1   4   3   7   1   1 0.13 0.13 0.11 0.13   0   0   0   0   2   2   3   1   4
  1   4   6   0   0   2 0.18 0.14 0.11 0.02   1   0   0   0   2   1   4   2   3
  1   4   1   0   0   1 0.13 0.13 0.11 0.13   1   1   0   0   2   2   4   1   3
  1   4   2   2   1   2 0.14 0.14 0.11 0.02   0   0   0   0   2   2   3   1   4
  1   4   5  -4   1   1 0.09 0.09 0.14 0.16   0   0   0   0   3   2   1   4   3
  1   4   1   0   0   1 0.09 0.09 0.14 0.16   0   1   0   1   3   1   4   2   3
  1   4   4  -7   1   2 0.14 0.17 0.14 0.05   0   0   0   0   3   3   2   4   1
  1   4   4   0   0   2 0.17 0.17 0.14 0.05   1   1   0   0   3   3   1   2   4
  1   4   2   2   1   2 0.13 0.13 0.17 0.08   0   0   0   0   3   3   4   1   2
  1   4   5   0   0   1 0.12 0.05 0.17 0.12   1   0   1   0   3   1   3   4   2
  1   4   6   0   0   2 0.13 0.13 0.17 0.08   1   0   1   0   3   1   3   2   4
  1   4   1  -4   1   1 0.08 0.05 0.13 0.12   0   0   0   0   3   4   3   2   1
  1   4   1  -4   1   1 0.08 0.08 0.13 0.15   0   0   0   0   4   2   1   4   3
  1   4   4   0   0   2 0.09 0.16 0.13 0.11   0   1   0   1   4   3   4   1   2
  1   4   5  -4   1   1 0.11 0.08 0.16 0.15   0   0   0   0   4   1   3   2   4
  1   4   6   0   0   2 0.09 0.12 0.13 0.07   0   1   0   1   4   3   1   2   4
  1   4   4  -4   1   2 0.12 0.08 0.16 0.03   0   0   0   0   5   1   2   3   4
  1   4   6   0   0   2 0.12 0.08 0.16 0.03   1   1   1   0   5   1   2   4   3
  1   4   6   5   1   2 0.08 0.04 0.12 0.06   0   0   0   0   6   1   2   3   4
  1   5   2   2   1   2 0.08 0.04 0.12 0.06   0   0   0   0   1   2   4   3   1
  1   5   5   0   0   1 0.11 0.11 0.16 0.18   1   0   0   0   1   4   3   1   2
  1   5   6   6   1   2 0.11 0.07 0.15 0.09   0   0   0   0   1   1   2   4   3
  0   5   1 -10   1   1 0.00 0.00 0.00 0.00   0   0   0   0   1   4   3   1   2
  1   5   3  10   1   1 0.07 0.11 0.19 0.18   0   0   0   0   1   1   2   4   3
  1   5   2   3   1   2 0.11 0.07 0.15 0.09   0   0   0   0   1   4   3   1   2
  0   5   9   5   1   1 0.00 0.00 0.00 0.00   0   0   0   0   1   2   4   3   1
  1   5   6   0   0   2 0.14 0.10 0.18 0.12   1   0   1   1   1   1   3   4   2
  0   5   6 -10   1   1 0.00 0.00 0.00 0.00   0   0   0   0   1   4   3   1   2
  0   5   7 -10   1   1 0.00 0.00 0.00 0.00   0   0   0   0   1   1   2   4   3
  0   5  10   6   1   1 0.00 0.00 0.00 0.00   0   0   0   0   1   1   4   3   2
  1   5   1  -4   1   1 0.07 0.14 0.19 0.21   0   0   0   0   1   1   2   3   4
  0   5   4   7   1   1 0.00 0.00 0.00 0.00   0   0   0   0   1   1   4   3   2
  1   5   4   0   0   2 0.10 0.10 0.14 0.08   1   0   1   0   1   4   2   1   3
  0   5   2  -5   1   1 0.00 0.00 0.00 0.00   0   0   0   0   1   3   1   4   2
  1   5   3   0   0   1 0.10 0.14 0.22 0.21   0   0   1   1   1   3   1   2   4
  1   5   2   0   0   2 0.06 0.13 0.10 0.08   0   1   0   1   1   4   2   3   1
  1   5   4  -6   1   2 0.06 0.09 0.10 0.04   0   0   0   0   1   3   1   2   4
  1   5   1   0   0   1 0.10 0.17 0.18 0.17   0   1   0   1   1   3   1   2   4
  1   5   1   0   0   1 0.13 0.13 0.18 0.13   1   1   1   1   1   4   1   3   2
  1   5   6   0   0   2 0.09 0.09 0.13 0.04   1   0   1   0   1   2   3   4   1
  1   5   1   0   0   1 0.09 0.09 0.14 0.09   0   0   1   1   1   3   4   2   1
  1   5   6   5   1   2 0.05 0.12 0.09 0.07   0   0   0   0   1   1   2   3   4
  1   5   5  -5   1   1 0.09 0.09 0.10 0.05   0   0   0   0   1   3   2   4   1
  1   5   3   7   1   1 0.12 0.12 0.10 0.05   0   0   0   0   1   2   3   1   4
  1   5   2   3   1   2 0.05 0.12 0.09 0.07   0   0   0   0   1   2   3   4   1
  1   5   5  -4   1   1 0.12 0.12 0.13 0.08   0   0   0   0   1   1   3   2   4
  1   5   1   0   0   1 0.15 0.15 0.13 0.08   0   1   1   0   1   1   4   2   3
  1   5   3   0   0   1 0.15 0.11 0.09 0.11   1   0   0   0   1   2   4   1   3
  1   5   2  -3   1   2 0.08 0.15 0.12 0.10   0   0   0   0   1   4   2   3   1
  1   5   5   0   0   1 0.11 0.11 0.09 0.11   0   0   1   1   1   4   2   1   3
  1   5   6   6   1   2 0.08 0.15 0.12 0.10   0   0   0   0   1   1   4   3   2
  1   5   3   0   0   1 0.11 0.14 0.05 0.07   0   1   0   1   1   2   4   3   1
  1   5   5  -4   1   1 0.14 0.10 0.05 0.03   0   0   0   0   1   4   2   3   1
  1   5   4 -10   1   2 0.11 0.18 0.15 0.13   0   0   0   0   1   3   2   4   1
  1   5   4  -8   1   2 0.11 0.18 0.15 0.13   0   0   0   0   1   4   1   2   3
  1   5   4  -9   1   2 0.14 0.21 0.18 0.16   0   0   0   0   1   4   1   3   2
  1   5   2   0   0   2 0.14 0.21 0.18 0.16   0   0   1   1   1   3   4   2   1
  0   5   8  -4   1   1 0.00 0.00 0.00 0.00   0   0   0   0   1   4   2   3   1
  1   5   1  -4   1   1 0.14 0.10 0.08 0.03   0   0   0   0   1   1   4   3   2
  0   5   5  10   0   1 0.00 0.00 0.00 0.00   0   0   0   0   1   1   3   2   4
  1   5   3   0   0   1 0.17 0.13 0.08 0.06   1   1   1   0   1   4   2   1   3
  1   5   4   0   0   2 0.17 0.24 0.14 0.12   0   1   1   1   1   4   2   3   1
  1   5   5   0   0   1 0.13 0.09 0.04 0.06   1   0   0   0   1   2   1   4   3
  0   5   3   3   1   1 0.00 0.00 0.00 0.00   0   0   0   0   1   3   1   4   2
  1   5   6   5   1   2 0.17 0.20 0.10 0.08   0   0   0   0   1   4   1   2   3
  1   5   5  -4   1   1 0.09 0.09 0.04 0.09   0   0   0   0   2   1   3   2   4
  1   5   6   0   0   2 0.20 0.20 0.10 0.08   1   1   0   0   2   3   4   2   1
  1   5   4  -6   1   2 0.16 0.16 0.13 0.11   0   0   0   0   2   2   4   1   3
  1   5   3   6   1   1 0.09 0.12 0.07 0.09   0   0   0   0   2   3   2   4   1
  1   5   2  -3   1   2 0.16 0.16 0.13 0.11   0   0   0   0   2   4   1   3   2
  1   5   1  -6   1   1 0.12 0.12 0.07 0.12   0   0   0   0   2   3   2   1   4
  1   5   1   0   0   1 0.12 0.15 0.10 0.12   0   1   0   1   2   2   1   3   4
  1   5   6   0   0   2 0.19 0.19 0.16 0.14   1   1   0   0   2   2   1   3   4
  1   5   1   0   0   1 0.15 0.11 0.10 0.08   1   0   0   0   2   4   2   1   3
  1   5   1  -6   1   1 0.11 0.11 0.13 0.08   0   0   0   0   2   4   1   3   2
  1   5   3   6   1   1 0.11 0.14 0.13 0.11   0   0   0   0   2   2   4   1   3
  1   5   5  -4   1   1 0.14 0.14 0.16 0.11   0   0   0   0   2   4   2   3   1
  1   5   3   6   1   1 0.14 0.17 0.16 0.14   0   0   0   0   2   1   4   2   3
  1   5   2   0   0   2 0.15 0.15 0.16 0.14   1   0   1   1   2   1   4   3   2
  0   5   5  10   1   1 0.00 0.00 0.00 0.00   0   0   0   0   2   3   2   1   4
  1   5   3   0   0   1 0.17 0.17 0.19 0.14   1   0   1   0   2   4   1   2   3
  1   5   4   0   0   2 0.11 0.15 0.12 0.10   1   0   0   0   2   4   2   3   1
  1   5   5  -5   1   1 0.13 0.20 0.15 0.17   0   0   0   0   2   3   1   2   4
  1   5   6   5   1   2 0.07 0.18 0.12 0.10   0   0   0   0   3   2   3   4   1
  1   5   1  -6   1   1 0.13 0.20 0.15 0.17   0   0   0   0   3   3   1   2   4
  1   5   6   5   1   2 0.07 0.18 0.15 0.13   0   0   0   0   3   1   3   2   4
  1   5   1   0   0   1 0.16 0.23 0.18 0.20   0   1   1   1   3   4   2   3   1
  1   5   2   2   1   2 0.10 0.21 0.15 0.13   0   0   0   0   3   1   3   2   4
  1   5   3   7   1   1 0.16 0.19 0.14 0.16   0   0   0   0   3   2   1   3   4
  1   5   4   0   0   2 0.10 0.21 0.18 0.16   1   1   0   0   3   3   2   1   4
  1   5   1   0   0   1 0.19 0.19 0.14 0.16   1   0   1   0   4   4   3   2   1
  1   5   4  -6   1   2 0.06 0.17 0.18 0.16   0   0   0   0   4   2   1   4   3
  1   5   1  -4   1   1 0.15 0.22 0.10 0.19   0   0   0   0   5   4   2   3   1
