  1   2   1   0   0   1 0.60 0.60 0.80 0.60   1   1   0   0   1   4   1   3   2
  1   2   2   4   1   2 0.20 0.20 0.40 0.20   0   0   0   0   1   3   4   2   1
  1   2   4  -6   1   2 0.20 0.20 0.40 0.20   0   0   0   0   1   4   3   1   2
  1   2   2   0   0   2 0.22 0.22 0.42 0.22   1   0   1   0   1   1   2   4   3
  1   2   3   0   0   1 0.56 0.56 0.80 0.60   0   0   1   0   1   3   2   4   1
  0   2   9   5   1   1 0.00 0.00 0.00 0.00   0   0   0   0   1   1   3   2   4
  1   2   6   0   0   2 0.18 0.22 0.38 0.22   0   0   1   0   1   1   3   4   2
  1   2   4 -10   1   2 0.18 0.24 0.34 0.24   0   0   0   0   1   4   2   1   3
  0   2   4   5   1   1 0.00 0.00 0.00 0.00   0   0   0   0   1   1   2   3   4
  1   2   6   5   1   2 0.20 0.24 0.34 0.24   0   0   0   0   1   1   3   2   4
  1   2   2   3   1   2 0.20 0.26 0.36 0.26   0   0   0   0   1   4   3   2   1
  1   2   4  -7   1   2 0.22 0.26 0.36 0.26   0   0   0   0   1   3   1   2   4
  0   2   1 -10   1   1 0.00 0.00 0.00 0.00   0   0   0   0   1   4   3   2   1
  1   2   2  -2   1   2 0.22 0.28 0.38 0.28   0   0   0   0   1   3   4   1   2
  1   2   1   0   0   1 0.56 0.56 0.76 0.62   0   0   1   0   1   2   3   4   1
  0   2   5   4   1   1 0.00 0.00 0.00 0.00   0   0   0   0   1   4   1   3   2
  1   2   2   2   1   2 0.24 0.28 0.38 0.28   0   0   0   0   1   3   4   1   2
  1   2   5  -3   1   1 0.58 0.58 0.72 0.62   0   0   0   0   1   3   4   1   2
  1   2   1  -3   1   1 0.58 0.58 0.72 0.64   0   0   0   0   1   1   4   2   3
  1   2   6   3   1   2 0.24 0.30 0.40 0.30   0   0   0   0   1   1   3   2   4
  1   2   5  -4   1   1 0.60 0.60 0.74 0.64   0   0   0   0   1   2   3   4   1
  1   2   6   5   1   2 0.26 0.30 0.40 0.30   0   0   0   0   1   3   2   4   1
  1   2   3   4   1   1 0.60 0.60 0.74 0.66   0   0   0   0   1   1   3   2   4
  1   2   6   6   1   2 0.26 0.32 0.42 0.32   0   0   0   0   1   2   1   4   3
  1   2   3   3   1   1 0.62 0.62 0.76 0.66   0   0   0   0   1   1   4   3   2
  1   2   1  -5   1   1 0.62 0.62 0.76 0.68   0   0   0   0   1   4   3   1   2
  0   2   7  -6   1   1 0.00 0.00 0.00 0.00   0   0   0   0   1   4   3   1   2
  1   2   3   1   1   1 0.64 0.64 0.78 0.68   0   0   0   0   1   1   3   2   4
  1   2   6   7   1   2 0.28 0.32 0.42 0.32   0   0   0   0   1   1   3   4   2
  0   2   3  -1   1   1 0.00 0.00 0.00 0.00   0   0   0   0   1   4   2   1   3
  1   2   4  -5   1   2 0.28 0.34 0.44 0.34   0   0   0   0   1   1   2   4   3
  1   2   2   1   1   2 0.30 0.34 0.44 0.34   0   0   0   0   1   2   1   4   3
  1   2   5  -3   1   1 0.64 0.64 0.78 0.70   0   0   0   0   1   1   4   2   3
  1   2   3   1   1   1 0.66 0.66 0.80 0.70   0   0   0   0   1   3   1   2   4
  1   2   3   3   1   1 0.66 0.66 0.80 0.72   0   0   0   0   1   1   4   2   3
  1   2   4  -4   1   2 0.30 0.36 0.46 0.36   0   0   0   0   1   4   2   1   3
  0   2   6  -8   1   1 0.00 0.00 0.00 0.00   0   0   0   0   1   3   4   1   2
  0   2   8  -3   1   1 0.00 0.00 0.00 0.00   0   0   0   0   1   3   1   2   4
  0   2   2  -4   1   1 0.00 0.00 0.00 0.00   0   0   0   0   1   3   4   2   1
  0   2  10  10   1   1 0.00 0.00 0.00 0.00   0   0   0   0   1   2   4   3   1
  1   2   5  -3   1   1 0.68 0.68 0.82 0.72   0   0   0   0   1   1   2   3   4
  1   2   4  -5   1   2 0.32 0.36 0.46 0.36   0   0   0   0   1   3   4   1   2
  1   2   5  -3   1   1 0.68 0.68 0.82 0.74   0   0   0   0   1   2   4   3   1
  1   2   1  -3   1   1 0.70 0.70 0.84 0.74   0   0   0   0   1   3   4   2   1
  1   2   5  -3   1   1 0.70 0.70 0.84 0.76   0   0   0   0   1   2   3   1   4
  1   2   1  -3   1   1 0.72 0.72 0.86 0.76   0   0   0   0   1   3   1   2   4
  1   2   1  -3   1   1 0.72 0.72 0.86 0.78   0   0   0   0   2   4   2   1   3
  1   2   2  -3   1   2 0.32 0.38 0.48 0.38   0   0   0   0   2   1   3   2   4
  1   2   3   2   1   1 0.74 0.74 0.88 0.78   0   0   0   0   2   1   4   2   3
  1   2   6   4   1   2 0.34 0.38 0.48 0.38   0   0   0   0   2   4   3   1   2
  1   2   1   0   0   1 0.74 0.74 0.88 0.80   1   0   0   0   2   3   1   4   2
  1   2   1   0   0   1 0.70 0.76 0.90 0.80   1   1   1   0   3   1   2   4   3
  1   2   1   0   0   1 0.66 0.72 0.86 0.82   1   1   1   0   4   1   3   2   4
  1   2   1   0   0   1 0.62 0.68 0.82 0.82   1   1   1   1   5   2   1   4   3
  1   2   1   0   0   1 0.58 0.64 0.78 0.78   1   1   1   0   6   3   1   4   2
  1   2   1   0   0   1 0.54 0.60 0.74 0.78   1   1   1   1   7   2   4   3   1
  1   2   1   0   0   1 0.50 0.56 0.70 0.74   1   1   1   1   8   4   1   3   2
  1   2   1   0   0   1 0.46 0.52 0.66 0.70   1   1   1   1   9   2   4   3   1
  1   2   1   0   0   1 0.42 0.48 0.62 0.66   1   1   1   1  10   2   1   4   3
  1   2   1   0   0   1 0.38 0.44 0.58 0.62   1   1   1   1  11   2   4   3   1
  1   2   1   0   0   1 0.34 0.40 0.54 0.58   1   1   1   1  12   2   3   4   1
  1   2   1   0   0   1 0.30 0.36 0.50 0.54   1   1   1   0  13   1   2   3   4
  1   2   1   0   0   1 0.26 0.32 0.46 0.54   1   1   1   1  14   1   2   4   3
  1   2   1   0   0   1 0.22 0.28 0.42 0.50   1   1   1   1  15   4   3   2   1
  1   2   1   0   0   1 0.18 0.24 0.38 0.46   1   1   1   1  16   4   2   1   3
  1   2   1   0   0   1 0.14 0.20 0.34 0.42   1   1   1   1  17   2   1   4   3
  1   2   1   0   0   1 0.10 0.16 0.30 0.38   1   1   1   1  18   1   2   3   4
  1   2   1   0   0   1 0.06 0.12 0.26 0.34   1   0   1   1  19   2   1   4   3
  1   2   1   0   0   1 0.02 0.12 0.22 0.30   1   1   1   1  20   2   1   4   3
  1   2   1   0   0   1 0.02 0.08 0.18 0.26   1   0   0   1  21   2   3   4   1
  1   2   1   0   0   1 0.02 0.08 0.18 0.22   1   1   1   1  22   2   3   4   1
  1   2   1   0   0   1 0.02 0.04 0.14 0.18   1   0   0   1  23   3   4   1   2
  1   2   1   0   0   1 0.02 0.04 0.14 0.14   1   0   0   1  24   1   2   4   3
  1   2   1   0   0   1 0.02 0.06 0.16 0.10   0   0   0   1  25   4   2   3   1
  1   2   1  -3   1   1 0.02 0.06 0.16 0.06   0   0   0   0  26   4   2   1   3
  1   3   1  -3   1   1 0.04 0.08 0.18 0.06   0   0   0   0   1   1   4   3   2
  1   3   4   0   0   2 0.34 0.40 0.50 0.40   0   0   0   1   1   1   2   3   4
  1   3   6   5   1   2 0.36 0.40 0.50 0.36   0   0   0   0   1   2   4   3   1
  1   3   2  -2   1   2 0.36 0.42 0.52 0.36   0   0   0   0   1   3   2   1   4
  1   3   5  -3   1   1 0.04 0.08 0.18 0.08   0   0   0   0   1   2   1   3   4
  1   3   2   1   1   2 0.38 0.42 0.52 0.38   0   0   0   0   1   3   4   2   1
  1   3   5  -1   1   1 0.06 0.10 0.20 0.08   0   0   0   0   1   4   2   3   1
  1   3   1  -2   1   1 0.06 0.10 0.20 0.10   0   0   0   0   1   2   4   3   1
  1   3   2   0   0   2 0.38 0.44 0.54 0.38   1   0   0   0   1   4   2   3   1
  0   3   4   3   1   1 0.00 0.00 0.00 0.00   0   0   0   0   1   1   3   2   4
  0   3   1 -10   1   1 0.00 0.00 0.00 0.00   0   0   0   0   1   4   1   2   3
  0   3   8  -3   1   1 0.00 0.00 0.00 0.00   0   0   0   0   1   4   3   1   2
  1   3   6   0   0   2 0.34 0.44 0.54 0.40   0   1   0   0   1   2   3   1   4
  1   3   3   2   1   1 0.08 0.12 0.22 0.10   0   0   0   0   1   2   4   1   3
  0   3   9   5   1   1 0.00 0.00 0.00 0.00   0   0   0   0   1   2   3   4   1
  1   3   4   0   0   2 0.34 0.40 0.56 0.40   1   1   0   0   1   1   4   2   3
  0   3   2  -7   1   1 0.00 0.00 0.00 0.00   0   0   0   0   1   3   4   2   1
  1   3   4   0   0   2 0.30 0.36 0.56 0.42   0   1   0   0   1   1   2   4   3
  1   3   5  -3   1   1 0.08 0.12 0.22 0.12   0   0   0   0   1   4   3   1   2
  1   3   3   3   1   1 0.10 0.14 0.24 0.12   0   0   0   0   1   2   4   3   1
  1   3   5   0   0   1 0.10 0.14 0.24 0.14   0   0   1   0   1   1   3   4   2
  1   3   1  -4   1   1 0.12 0.16 0.20 0.14   0   0   0   0   1   4   1   2   3
  0   3   6  -5   1   1 0.00 0.00 0.00 0.00   0   0   0   0   1   1   2   4   3
  0   3   3   2   1   1 0.00 0.00 0.00 0.00   0   0   0   0   1   1   2   3   4
  1   3   4   0   0   2 0.30 0.32 0.58 0.42   1   1   1   0   1   2   4   1   3
  1   3   3   0   0   1 0.12 0.16 0.20 0.16   0   1   1   0   1   2   3   1   4
  1   3   1  -3   1   1 0.14 0.12 0.16 0.16   0   0   0   0   1   3   4   2   1
  1   3   3   0   0   1 0.14 0.12 0.16 0.18   0   1   0   0   1   2   4   3   1
  1   3   5  -3   1   1 0.16 0.08 0.18 0.18   0   0   0   0   1   1   2   4   3
  1   3   2   0   0   2 0.26 0.28 0.54 0.44   1   0   1   0   1   1   4   3   2
  1   3   6   7   1   2 0.22 0.28 0.50 0.44   0   0   0   0   1   1   2   4   3
  1   3   3   3   1   1 0.16 0.08 0.18 0.20   0   0   0   0   1   2   4   3   1
  1   3   1  -5   1   1 0.18 0.10 0.20 0.20   0   0   0   0   1   3   4   1   2
  0   3  10   8   1   1 0.00 0.00 0.00 0.00   0   0   0   0   1   3   1   4   2
  1   3   5  -4   1   1 0.18 0.10 0.20 0.22   0   0   0   0   1   4   1   2   3
  1   3   4 -10   1   2 0.22 0.30 0.50 0.46   0   0   0   0   1   2   1   4   3
  1   3   3   2   1   1 0.20 0.12 0.22 0.22   0   0   0   0   1   2   1   3   4
  1   3   6   6   1   2 0.24 0.30 0.52 0.46   0   0   0   0   1   2   4   1   3
  1   3   2  -1   1   2 0.24 0.32 0.52 0.48   0   0   0   0   1   2   1   3   4
  0   3   5   2   1   1 0.00 0.00 0.00 0.00   0   0   0   0   1   1   2   4   3
  1   3   6   5   1   2 0.26 0.32 0.54 0.48   0   0   0   0   1   4   2   1   3
  1   3   1  -3   1   1 0.20 0.12 0.22 0.24   0   0   0   0   1   3   2   4   1
  1   3   4  -7   1   2 0.26 0.34 0.54 0.50   0   0   0   0   1   2   3   4   1
  1   3   2   2   1   2 0.28 0.34 0.56 0.50   0   0   0   0   1   1   4   2   3
  1   3   6   4   1   2 0.28 0.36 0.56 0.52   0   0   0   0   1   2   4   1   3
  0   3   7  -5   1   1 0.00 0.00 0.00 0.00   0   0   0   0   1   4   2   1   3
  1   3   4  -6   1   2 0.30 0.36 0.58 0.52   0   0   0   0   2   4   1   2   3
  1   3   2   1   1   2 0.30 0.38 0.58 0.54   0   0   0   0   2   2   1   3   4
  1   3   6   4   1   2 0.32 0.38 0.60 0.54   0   0   0   0   2   2   4   3   1
  1   3   4  -6   1   2 0.32 0.40 0.60 0.56   0   0   0   0   2   3   2   4   1
  1   3   4  -6   1   2 0.34 0.40 0.62 0.56   0   0   0   0   2   3   4   2   1
  1   3   5  -3   1   1 0.22 0.14 0.24 0.24   0   0   0   0   2   3   2   4   1
  1   3   4  -6   1   2 0.34 0.42 0.62 0.58   0   0   0   0   2   4   2   3   1
  1   3   3   2   1   1 0.22 0.14 0.24 0.26   0   0   0   0   2   3   1   2   4
  1   3   3   2   1   1 0.24 0.16 0.26 0.26   0   0   0   0   2   2   3   4   1
  1   3   2   0   1   2 0.36 0.42 0.64 0.58   0   0   0   0   2   1   3   4   2
  1   1   1  -3   1   1 0.24 0.16 0.26 0.28   0   0   0   0   1   1   3   4   2
  1   1   3   0   0   1 0.26 0.18 0.28 0.28   1   0   1   0   1   1   4   2   3
  1   1   2   0   0   2 0.36 0.44 0.64 0.60   1   0   1   1   1   3   2   4   1
  1   1   1  -3   1   1 0.22 0.18 0.24 0.30   0   0   0   0   1   1   2   3   4
  1   1   4  -3   1   2 0.32 0.44 0.60 0.56   0   0   0   0   1   3   1   2   4
  0   1  10  10   1   1 0.00 0.00 0.00 0.00   0   0   0   0   1   4   2   3   1
  1   1   1  -5   1   1 0.22 0.20 0.24 0.30   0   0   0   0   1   3   2   1   4
  0   1   7  -6   1   1 0.00 0.00 0.00 0.00   0   0   0   0   1   2   1   3   4
  1   1   6   0   0   2 0.32 0.46 0.60 0.56   1   0   1   0   1   4   3   2   1
  1   1   6   9   1   2 0.28 0.46 0.56 0.58   0   0   0   0   1   1   3   2   4
  1   1   2   0   0   2 0.28 0.48 0.56 0.58   0   1   1   0   1   4   1   2   3
  1   1   3   2   1   1 0.24 0.20 0.26 0.32   0   0   0   0   1   2   4   3   1
  1   1   5  -4   1   1 0.24 0.22 0.26 0.32   0   0   0   0   1   1   4   3   2
  1   1   2  -1   1   2 0.30 0.44 0.52 0.60   0   0   0   0   1   1   2   4   3
  1   1   1  -5   1   1 0.26 0.22 0.28 0.34   0   0   0   0   1   2   1   3   4
  0   1   9   5   1   1 0.00 0.00 0.00 0.00   0   0   0   0   1   3   1   4   2
  1   1   2   1   1   2 0.30 0.44 0.52 0.60   0   0   0   0   1   3   1   4   2
  1   1   6   6   1   2 0.32 0.46 0.54 0.62   0   0   0   0   1   3   1   4   2
  1   1   1  -4   1   1 0.26 0.24 0.28 0.34   0   0   0   0   1   3   2   1   4
  1   1   6   6   1   2 0.32 0.46 0.54 0.62   0   0   0   0   1   2   4   1   3
  1   1   3   3   1   1 0.28 0.24 0.30 0.36   0   0   0   0   1   1   3   2   4
  0   1   8  -5   1   1 0.00 0.00 0.00 0.00   0   0   0   0   1   4   2   1   3
  1   1   3   2   1   1 0.28 0.26 0.30 0.36   0   0   0   0   1   1   3   4   2
  1   1   3   2   1   1 0.30 0.26 0.32 0.38   0   0   0   0   1   1   2   4   3
  0   1   1  -8   1   1 0.00 0.00 0.00 0.00   0   0   0   0   1   4   3   1   2
  1   1   4  -6   1   2 0.34 0.48 0.56 0.64   0   0   0   0   1   4   1   2   3
  1   1   4  -8   1   2 0.34 0.48 0.56 0.64   0   0   0   0   1   2   1   3   4
  0   1   5   3   1   1 0.00 0.00 0.00 0.00   0   0   0   0   1   1   4   2   3
  0   1   2  -4   1   1 0.00 0.00 0.00 0.00   0   0   0   0   1   1   4   2   3
  0   1   4   3   1   1 0.00 0.00 0.00 0.00   0   0   0   0   1   3   4   2   1
  1   1   5  -3   1   1 0.30 0.28 0.32 0.38   0   0   0   0   1   4   2   1   3
  1   1   4  -5   1   2 0.36 0.50 0.58 0.66   0   0   0   0   1   2   3   4   1
  0   1   3   1   1   1 0.00 0.00 0.00 0.00   0   0   0   0   1   2   1   3   4
  1   1   5  -4   1   1 0.32 0.28 0.34 0.40   0   0   0   0   1   2   3   4   1
  1   1   6   6   1   2 0.36 0.50 0.58 0.66   0   0   0   0   1   2   4   1   3
  1   1   1  -3   1   1 0.32 0.30 0.34 0.40   0   0   0   0   1   4   2   3   1
  1   1   2  -1   1   2 0.38 0.52 0.60 0.68   0   0   0   0   1   4   1   3   2
  0   1   6 -10   1   1 0.00 0.00 0.00 0.00   0   0   0   0   1   1   2   4   3
  1   1   4  -9   1   2 0.38 0.52 0.60 0.68   0   0   0   0   1   1   4   3   2
  1   1   4  -9   1   2 0.40 0.54 0.62 0.70   0   0   0   0   1   1   2   3   4
  1   1   5  -3   1   1 0.34 0.30 0.36 0.42   0   0   0   0   1   4   3   2   1
  1   1   2  -3   1   2 0.40 0.54 0.62 0.70   0   0   0   0   1   4   3   1   2
  1   1   6   6   1   2 0.42 0.56 0.64 0.72   0   0   0   0   1   4   2   1   3
  1   1   3   0   0   1 0.34 0.32 0.36 0.42   0   0   1   0   1   1   2   3   4
  1   1   5  -3   1   1 0.36 0.32 0.32 0.44   0   0   0   0   1   1   3   2   4
  1   1   5  -3   1   1 0.36 0.34 0.32 0.44   0   0   0   0   1   1   4   2   3
  1   1   3   3   1   1 0.38 0.34 0.34 0.46   0   0   0   0   2   2   1   3   4
  1   1   2   0   0   2 0.42 0.56 0.64 0.72   0   0   1   0   2   4   2   3   1
  1   1   6   5   1   2 0.44 0.58 0.60 0.74   0   0   0   0   2   3   2   4   1
  1   1   2  -3   1   2 0.44 0.58 0.60 0.74   0   0   0   0   2   3   4   2   1
  1   1   3   2   1   1 0.38 0.36 0.34 0.46   0   0   0   0   2   4   2   1   3
  1   1   2   0   0   2 0.46 0.60 0.62 0.76   0   0   1   0   3   1   2   3   4
  1   1   2  -1   1   2 0.46 0.60 0.58 0.76   0   0   0   0   4   1   2   4   3
  1   5   6   0   0   2 0.48 0.62 0.58 0.78   1   0   1   0   1   3   1   2   4
  1   5   6   5   1   2 0.44 0.62 0.54 0.78   0   0   0   0   1   4   3   2   1
  1   5   1  -2   1   1 0.40 0.36 0.36 0.48   0   0   0   0   1   1   3   2   4
  1   5   1   0   0   1 0.40 0.38 0.36 0.48   1   0   0   0   1   4   3   2   1
  1   5   1  -3   1   1 0.36 0.38 0.38 0.50   0   0   0   0   1   4   3   1   2
  1   5   5   0   0   1 0.36 0.40 0.38 0.50   1   1   1   0   1   2   3   1   4
  1   5   3   0   0   1 0.32 0.36 0.34 0.52   1   1   1   0   1   1   2   4   3
  1   5   5   0   0   1 0.28 0.32 0.30 0.52   0   1   0   0   1   4   2   3   1
  1   5   2   0   0   2 0.44 0.64 0.54 0.80   1   0   1   0   1   4   3   1   2
  1   5   4   0   0   2 0.40 0.64 0.50 0.80   1   1   1   1   1   3   1   4   2
  1   5   1   0   0   1 0.28 0.28 0.30 0.54   1   0   1   0   1   3   4   1   2
  1   5   2   0   0   2 0.36 0.60 0.46 0.76   1   1   1   1   1   3   4   2   1
  1   5   5  -4   1   1 0.24 0.28 0.26 0.54   0   0   0   0   1   1   2   4   3
  1   5   4   0   0   2 0.32 0.56 0.42 0.72   1   0   0   0   1   4   1   3   2
  1   5   2   2   1   2 0.28 0.56 0.42 0.72   0   0   0   0   1   4   1   3   2
  0   5   8  -4   1   1 0.00 0.00 0.00 0.00   0   0   0   0   1   1   4   2   3
  1   5   4   0   0   2 0.28 0.58 0.44 0.74   0   0   1   0   1   3   1   4   2
  1   5   5  -3   1   1 0.24 0.30 0.26 0.56   0   0   0   0   1   2   1   3   4
  1   5   5  -3   1   1 0.26 0.30 0.28 0.56   0   0   0   0   1   4   1   3   2
  1   5   2   0   0   2 0.30 0.58 0.40 0.74   1   0   1   1   1   3   2   1   4
  1   5   6   2   1   2 0.26 0.60 0.36 0.70   0   0   0   0   1   2   4   3   1
  0   5   4   2   1   1 0.00 0.00 0.00 0.00   0   0   0   0   1   3   1   2   4
  1   5   3   0   0   1 0.26 0.32 0.28 0.58   1   1   1   1   1   3   2   1   4
  1   5   3   2   1   1 0.22 0.28 0.24 0.54   0   0   0   0   1   3   1   2   4
  0   5   7   0   0   1 0.00 0.00 0.00 0.00   1   1   0   1   1   4   1   3   2
  1   5   6   6   1   2 0.26 0.60 0.36 0.70   0   0   0   0   1   3   2   1   4
  1   5   1  -5   1   1 0.22 0.28 0.24 0.54   0   0   0   0   1   4   2   3   1
  1   5   2   1   1   2 0.28 0.62 0.38 0.72   0   0   0   0   1   1   3   2   4
  1   5   4   0   0   2 0.28 0.62 0.38 0.72   1   1   0   1   1   2   1   4   3
  1   5   6   5   1   2 0.24 0.58 0.40 0.68   0   0   0   0   1   4   3   2   1
  0   5   9   5   1   1 0.00 0.00 0.00 0.00   0   0   0   0   1   2   1   4   3
  0   5   5  10   1   1 0.00 0.00 0.00 0.00   0   0   0   0   1   2   1   4   3
  1   5   3   4   1   1 0.24 0.30 0.26 0.56   0   0   0   0   1   2   4   1   3
  0   5   3   0   1   1 0.00 0.00 0.00 0.00   0   0   0   0   1   1   2   4   3
  0   5   6 -10   1   1 0.00 0.00 0.00 0.00   0   0   0   0   1   2   3   4   1
  1   5   2   2   1   2 0.24 0.58 0.40 0.68   0   0   0   0   1   4   1   2   3
  0   5   1 -10   1   1 0.00 0.00 0.00 0.00   0   0   0   0   1   2   1   4   3
  1   5   5  -3   1   1 0.24 0.30 0.26 0.56   0   0   0   0   1   4   2   3   1
  1   5   6   5   1   2 0.26 0.60 0.42 0.70   0   0   0   0   1   2   4   1   3
  1   5   4  -5   1   2 0.26 0.60 0.42 0.70   0   0   0   0   1   3   2   4   1
  1   5   1  -5   1   1 0.26 0.32 0.28 0.58   0   0   0   0   1   1   3   4   2
  1   5   3   4   1   1 0.26 0.32 0.28 0.58   0   0   0   0   1   2   4   3   1
  1   5   3   4   1   1 0.28 0.34 0.30 0.60   0   0   0   0   1   2   1   3   4
  1   5   4  -5   1   2 0.28 0.62 0.44 0.72   0   0   0   0   1   3   1   4   2
  0   5  10   8   1   1 0.00 0.00 0.00 0.00   0   0   0   0   1   1   3   4   2
  0   5   2  -3   1   1 0.00 0.00 0.00 0.00   0   0   0   0   1   3   2   1   4
  1   5   6   6   1   2 0.28 0.62 0.44 0.72   0   0   0   0   2   1   4   3   2
  1   5   1  -4   1   1 0.28 0.34 0.30 0.60   0   0   0   0   2   1   4   2   3
  1   5   5  -3   1   1 0.30 0.36 0.32 0.62   0   0   0   0   2   2   1   4   3
  1   5   3   3   1   1 0.30 0.36 0.32 0.62   0   0   0   0   2   1   3   2   4
  1   5   5  -3   1   1 0.32 0.38 0.34 0.64   0   0   0   0   2   3   1   2   4
  1   5   2   1   1   2 0.30 0.64 0.46 0.74   0   0   0   0   2   1   2   4   3
  1   5   4  -3   1   2 0.30 0.64 0.46 0.74   0   0   0   0   2   3   1   2   4
  1   5   1  -4   1   1 0.32 0.38 0.34 0.64   0   0   0   0   2   2   4   1   3
  1   5   2   2   1   2 0.32 0.66 0.48 0.76   0   0   0   0   2   1   4   2   3
  1   5   4  -3   1   2 0.32 0.66 0.48 0.76   0   0   0   0   2   3   2   1   4
  1   5   4   0   0   2 0.34 0.68 0.50 0.78   1   1   0   0   2   2   3   1   4
  1   5   2   0   0   2 0.30 0.64 0.50 0.78   1   1   1   0   2   4   3   2   1
  1   5   3   0   0   1 0.34 0.40 0.36 0.66   1   1   0   0   2   4   1   3   2
  0   5   7  -5   1   1 0.00 0.00 0.00 0.00   0   0   0   0   2   2   3   4   1
  1   5   4   0   0   2 0.26 0.60 0.46 0.80   1   1   0   0   2   2   3   4   1
  1   5   4   0   0   2 0.22 0.56 0.46 0.80   1   1   1   1   3   2   4   1   3
  1   5   2   0   0   2 0.18 0.52 0.42 0.76   1   1   1   1   3   2   1   4   3
  1   5   3   0   0   1 0.30 0.36 0.36 0.66   1   1   1   1   3   1   3   2   4
  1   5   4   0   0   2 0.14 0.48 0.38 0.72   1   1   1   1   3   1   4   2   3
  1   5   4   0   0   2 0.10 0.44 0.34 0.68   1   1   1   1   4   2   3   1   4
  1   5   2   0   0   2 0.06 0.40 0.30 0.64   0   0   0   1   4   1   3   4   2
  1   5   3   0   0   1 0.26 0.32 0.32 0.62   1   1   1   1   4   3   2   4   1
  1   5   4   0   0   2 0.06 0.40 0.30 0.60   1   1   1   1   4   1   4   3   2
  1   5   4   0   0   2 0.02 0.36 0.26 0.56   1   1   1   1   5   4   3   2   1
  1   5   2   0   0   2 0.02 0.32 0.22 0.52   1   1   1   1   5   2   1   3   4
  1   5   3   0   0   1 0.22 0.28 0.28 0.58   0   0   0   1   5   3   2   4   1
  1   5   4   0   0   2 0.02 0.28 0.18 0.48   1   1   1   1   5   4   1   3   2
  1   5   4   0   0   2 0.02 0.24 0.14 0.44   1   1   1   1   6   1   2   4   3
  1   5   2   0   0   2 0.02 0.20 0.10 0.40   1   1   1   1   6   3   2   4   1
  1   5   3   0   0   1 0.22 0.28 0.28 0.54   0   0   0   1   6   3   2   1   4
  1   5   4   0   0   2 0.02 0.16 0.06 0.36   1   1   1   1   6   3   2   1   4
  1   5   4   0   0   2 0.02 0.12 0.02 0.32   1   1   1   1   7   1   2   3   4
  1   5   2  -2   1   2 0.02 0.08 0.02 0.28   0   0   0   0   7   4   2   1   3
  1   5   3   0   0   1 0.24 0.30 0.30 0.50   0   0   0   1   7   2   4   3   1
  1   5   4  -4   1   2 0.02 0.08 0.02 0.28   0   0   0   0   7   2   1   4   3
  1   5   4  -4   1   2 0.04 0.10 0.04 0.30   0   0   0   0   8   1   3   4   2
  1   5   3   2   1   1 0.24 0.30 0.30 0.46   0   0   0   0   8   3   2   4   1
  1   4   2   1   1   2 0.04 0.10 0.04 0.30   0   0   0   0   1   4   1   2   3
  0   4   1  -6   1   1 0.00 0.00 0.00 0.00   0   0   0   0   1   2   1   3   4
  1   4   3   4   1   1 0.26 0.32 0.32 0.46   0   0   0   0   1   3   4   1   2
  1   4   6   6   1   2 0.06 0.12 0.06 0.32   0   0   0   0   1   2   4   1   3
  1   4   3   2   1   1 0.26 0.32 0.32 0.48   0   0   0   0   1   1   3   4   2
  1   4   6   6   1   2 0.06 0.12 0.06 0.32   0   0   0   0   1   4   1   3   2
  1   4   5  -3   1   1 0.28 0.34 0.34 0.48   0   0   0   0   1   1   4   2   3
  0   4   9   6   1   1 0.00 0.00 0.00 0.00   0   0   0   0   1   1   4   3   2
  1   4   4  -8   1   2 0.08 0.14 0.08 0.34   0   0   0   0   1   3   4   2   1
  1   4   1  -4   1   1 0.28 0.34 0.34 0.50   0   0   0   0   1   4   2   3   1
  1   4   6   5   1   2 0.08 0.14 0.08 0.34   0   0   0   0   1   2   4   3   1
  1   4   2  -2   1   2 0.10 0.16 0.10 0.36   0   0   0   0   1   2   4   3   1
  1   4   1  -5   1   1 0.30 0.36 0.36 0.50   0   0   0   0   1   1   4   3   2
  1   4   2   2   1   2 0.10 0.16 0.10 0.36   0   0   0   0   1   2   1   4   3
  1   4   6   6   1   2 0.12 0.18 0.12 0.38   0   0   0   0   1   4   3   1   2
  0   4   6  -7   1   1 0.00 0.00 0.00 0.00   0   0   0   0   1   4   2   1   3
  0   4  10   6   1   1 0.00 0.00 0.00 0.00   0   0   0   0   1   2   3   1   4
  0   4   3   1   1   1 0.00 0.00 0.00 0.00   0   0   0   0   1   4   1   3   2
  1   4   2  -1   1   2 0.12 0.18 0.12 0.38   0   0   0   0   1   3   4   2   1
  1   4   1  -2   1   1 0.30 0.36 0.36 0.52   0   0   0   0   1   4   3   1   2
  1   4   4  -3   1   2 0.14 0.20 0.14 0.40   0   0   0   0   1   2   1   3   4
  1   4   6   6   1   2 0.14 0.20 0.14 0.40   0   0   0   0   1   1   3   2   4
  1   4   5  -3   1   1 0.32 0.38 0.38 0.52   0   0   0   0   1   3   4   1   2
  1   4   2   2   1   2 0.16 0.22 0.16 0.42   0   0   0   0   1   4   3   2   1
  1   4   4  -3   1   2 0.16 0.22 0.16 0.42   0   0   0   0   1   2   1   3   4
  1   4   5  -3   1   1 0.32 0.38 0.38 0.54   0   0   0   0   1   3   1   2   4
  0   4   7  -6   1   1 0.00 0.00 0.00 0.00   0   0   0   0   1   2   1   4   3
  1   4   3   3   1   1 0.34 0.40 0.40 0.54   0   0   0   0   1   1   3   4   2
  1   4   1  -3   1   1 0.34 0.40 0.40 0.56   0   0   0   0   1   2   1   3   4
  1   4   4  -3   1   2 0.18 0.24 0.18 0.44   0   0   0   0   1   2   4   1   3
  0   4   4   2   1   1 0.00 0.00 0.00 0.00   0   0   0   0   1   1   3   4   2
  1   4   3   2   1   1 0.36 0.42 0.42 0.56   0   0   0   0   1   4   1   2   3
  1   4   6   4   1   2 0.18 0.24 0.18 0.44   0   0   0   0   1   3   2   1   4
  1   4   2   2   1   2 0.20 0.26 0.20 0.46   0   0   0   0   1   4   3   1   2
  1   4   4  -4   1   2 0.20 0.26 0.20 0.46   0   0   0   0   1   2   4   1   3
  1   4   5  -3   1   1 0.36 0.42 0.42 0.58   0   0   0   0   1   2   4   1   3
  0   4   8  -3   1   1 0.00 0.00 0.00 0.00   0   0   0   0   1   4   3   2   1
  0   4   2  -5   1   1 0.00 0.00 0.00 0.00   0   0   0   0   1   4   2   1   3
  1   4   4  -4   1   2 0.22 0.28 0.22 0.48   0   0   0   0   1   2   3   1   4
  1   4   5  -3   1   1 0.38 0.44 0.44 0.58   0   0   0   0   1   4   3   2   1
  1   4   1  -3   1   1 0.38 0.44 0.44 0.60   0   0   0   0   1   3   1   4   2
  0   4   5   8   1   1 0.00 0.00 0.00 0.00   0   0   0   0   1   3   4   1   2
  1   4   3   4   1   1 0.40 0.46 0.46 0.60   0   0   0   0   1   3   2   1   4
  1   4   5  -3   1   1 0.40 0.46 0.46 0.62   0   0   0   0   1   3   4   2   1
  1   4   3   3   1   1 0.42 0.48 0.48 0.62   0   0   0   0   1   4   2   3   1
  1   4   1  -3   1   1 0.42 0.48 0.48 0.64   0   0   0   0   1   4   3   1   2
