  0   2   7  -1   1   1 0.00 0.00 0.00 0.00   0   0   0   0   1   2   1   4   3
  1   2   3   6   0   1 1.00 1.00 1.00 1.00   1   0   0   0   1   3   4   1   2
  0   2   1  -5   1   1 0.00 0.00 0.00 0.00   0   0   0   0   1   2   1   4   3
  0   2   9   5   1   1 0.00 0.00 0.00 0.00   0   0   0   0   1   4   3   2   1
  0   2   5   8   1   1 0.00 0.00 0.00 0.00   0   0   0   0   1   3   1   2   4
  1   2   4  -3   0   2 0.40 0.40 0.40 0.40   1   1   0   1   1   1   4   2   3
  1   2   3   3   0   1 0.96 1.00 1.00 1.00   1   0   0   0   1   4   3   1   2
  0   2   8  -4   0   1 0.00 0.00 0.00 0.00   0   0   0   0   1   4   2   3   1
  1   2   4  -2   0   2 0.36 0.36 0.40 0.36   1   1   0   0   1   2   1   4   3
  1   2   2  -3   0   2 0.32 0.32 0.43 0.36   1   0   0   0   1   1   4   3   2
  1   2   5  -6   0   1 0.92 1.00 1.00 1.00   1   1   1   1   1   3   4   1   2
  0   2  10   7   0   1 0.00 0.00 0.00 0.00   0   0   0   0   1   4   3   2   1
  1   2   3   2   0   1 0.88 0.96 0.96 0.96   1   1   1   1   1   4   1   3   2
  1   2   6   0   0   2 0.28 0.32 0.43 0.39   1   1   1   1   1   1   4   2   3
  1   2   6   4   0   2 0.24 0.28 0.39 0.35   1   1   1   0   1   2   1   3   4
  1   2   1  -5   0   1 0.84 0.92 0.92 0.92   1   1   1   1   1   2   3   4   1
  1   2   6  -5   0   2 0.20 0.24 0.35 0.35   1   1   1   1   1   2   1   4   3
  1   2   1   0   0   1 0.80 0.88 0.88 0.88   1   1   1   1   1   1   3   2   4
  1   2   2  -3   0   2 0.16 0.20 0.31 0.31   1   1   1   1   1   1   4   2   3
  1   2   6   6   0   2 0.12 0.16 0.27 0.27   0   0   1   0   1   3   2   1   4
  0   2   4   7   0   1 0.00 0.00 0.00 0.00   0   0   0   0   1   1   3   4   2
  1   2   5  -5   0   1 0.76 0.84 0.84 0.84   1   1   1   1   1   4   2   3   1
  1   2   1   0   0   1 0.72 0.80 0.80 0.80   1   1   1   1   1   3   4   2   1
  1   2   4   0   0   2 0.12 0.16 0.23 0.27   0   0   1   0   1   2   3   1   4
  0   2   2  -2   0   1 0.00 0.00 0.00 0.00   0   0   0   0   1   1   2   3   4
  1   2   2  -2   0   2 0.15 0.19 0.19 0.30   1   0   0   0   1   4   1   2   3
  1   2   4  -1   0   2 0.11 0.19 0.19 0.30   0   1   1   1   1   3   4   2   1
  1   2   2  -3   0   2 0.11 0.15 0.15 0.26   1   1   1   1   1   4   2   1   3
  1   2   1  -3   0   1 0.68 0.76 0.76 0.76   1   1   1   1   1   4   2   1   3
  1   2   1  -2   0   1 0.64 0.72 0.72 0.72   1   1   1   1   1   2   3   1   4
  1   2   3   6   0   1 0.60 0.68 0.68 0.68   1   1   1   1   1   4   3   2   1
  1   2   1  -1   0   1 0.56 0.64 0.64 0.64   1   1   1   1   1   4   2   1   3
  0   2   6  -3   0   1 0.00 0.00 0.00 0.00   0   0   0   0   1   1   4   3   2
  0   2   3  -2   1   1 0.00 0.00 0.00 0.00   0   0   0   0   1   4   3   2   1
  1   2   5   0   0   1 0.52 0.60 0.60 0.60   1   1   1   1   1   2   3   1   4
  1   2   4   0   0   2 0.07 0.11 0.11 0.22   0   0   0   1   1   4   3   2   1
  1   2   6   0   0   2 0.07 0.11 0.11 0.18   0   0   0   1   1   3   1   4   2
  1   2   5   0   0   1 0.48 0.56 0.56 0.56   1   1   1   1   1   2   3   4   1
  1   2   4   0   0   2 0.10 0.14 0.14 0.14   0   1   1   1   1   4   1   2   3
  1   2   5   0   0   1 0.44 0.52 0.52 0.52   1   1   1   1   1   1   3   2   4
  1   2   2  -6   1   2 0.10 0.10 0.10 0.10   0   0   0   0   1   4   1   3   2
  1   2   6   0   0   2 0.13 0.10 0.10 0.10   1   0   0   0   1   4   2   1   3
  1   2   5   0   0   1 0.40 0.48 0.48 0.48   1   1   1   1   1   1   2   3   4
  1   2   2   0   0   2 0.09 0.13 0.13 0.13   1   1   1   1   1   2   3   4   1
  1   2   3   0   0   1 0.36 0.44 0.44 0.44   1   1   1   1   1   2   3   1   4
  1   2   3   0   0   1 0.32 0.40 0.40 0.40   1   1   1   1   1   1   2   3   4
  1   2   3   0   0   1 0.28 0.36 0.36 0.36   1   1   1   1   2   3   2   4   1
  1   2   4  -3   1   2 0.05 0.09 0.09 0.09   0   0   0   0   2   3   4   2   1
  1   2   3   0   0   1 0.24 0.32 0.32 0.32   1   1   1   1   2   2   3   1   4
  0   2   8  -3   1   1 0.00 0.00 0.00 0.00   0   0   0   0   2   1   4   2   3
  1   2   4  -1   1   2 0.05 0.09 0.09 0.09   0   0   0   0   2   3   2   1   4
  1   2   2   0   1   2 0.08 0.12 0.12 0.12   0   0   0   0   2   1   3   2   4
  1   2   5   0   0   1 0.20 0.28 0.28 0.28   1   1   1   1   2   3   4   1   2
  0   2  10   7   1   1 0.00 0.00 0.00 0.00   0   0   0   0   2   4   3   2   1
  1   2   3   0   0   1 0.16 0.24 0.24 0.24   1   1   1   1   2   2   1   3   4
  1   2   6   7   1   2 0.08 0.12 0.12 0.12   0   0   0   0   2   4   1   2   3
  1   2   6   0   0   2 0.11 0.15 0.15 0.15   0   0   1   0   2   1   3   2   4
  1   2   1   0   0   1 0.12 0.20 0.20 0.20   1   1   1   1   2   1   3   2   4
  1   2   6   0   0   2 0.11 0.15 0.11 0.15   0   1   0   1   2   3   2   1   4
  1   2   1   0   0   1 0.08 0.16 0.16 0.16   0   1   1   1   2   2   3   1   4
  1   2   2   0   0   2 0.14 0.11 0.11 0.11   1   0   0   0   2   1   2   3   4
  1   2   6   5   1   2 0.10 0.11 0.14 0.11   0   0   0   0   2   4   2   1   3
  0   2   4   9   1   1 0.00 0.00 0.00 0.00   0   0   0   0   2   3   2   4   1
  1   2   5  -3   1   1 0.08 0.12 0.12 0.12   0   0   0   0   2   1   2   3   4
  1   2   1   0   1   1 0.11 0.12 0.12 0.12   0   0   0   0   2   2   4   1   3
  1   2   4  -3   1   2 0.10 0.14 0.14 0.14   0   0   0   0   2   4   3   1   2
  0   2   2  -1   1   1 0.00 0.00 0.00 0.00   0   0   0   0   2   2   1   4   3
  1   2   2   0   0   2 0.13 0.14 0.17 0.14   1   0   1   0   2   1   4   3   2
  1   2   4  -3   1   2 0.09 0.17 0.13 0.17   0   0   0   0   2   1   3   2   4
  1   2   2  -4   1   2 0.09 0.17 0.13 0.17   0   0   0   0   2   4   1   3   2
  1   2   1   1   1   1 0.11 0.15 0.15 0.15   0   0   0   0   2   1   3   2   4
  1   2   1   0   0   1 0.14 0.15 0.15 0.15   1   0   0   0   2   3   2   1   4
  1   2   3   0   0   1 0.10 0.18 0.18 0.18   0   1   0   0   2   2   4   1   3
  1   2   1   0   0   1 0.10 0.14 0.18 0.18   0   0   1   0   2   1   4   2   3
  0   2   6  -2   1   1 0.00 0.00 0.00 0.00   0   0   0   0   2   3   1   4   2
  1   2   5   0   0   1 0.13 0.14 0.14 0.21   0   1   1   1   2   4   3   2   1
  1   2   4   0   0   2 0.12 0.20 0.16 0.20   1   1   1   1   2   2   1   4   3
  1   2   6   0   0   2 0.08 0.16 0.12 0.16   0   1   0   1   2   3   4   2   1
  1   2   5   0   0   1 0.13 0.10 0.10 0.17   1   0   0   0   2   3   1   2   4
  1   2   4   0   0   2 0.08 0.12 0.12 0.12   0   0   0   1   2   2   4   3   1
  1   2   5   0   0   1 0.09 0.10 0.10 0.17   0   0   0   1   2   4   2   1   3
  1   2   6   3   1   2 0.11 0.12 0.15 0.08   0   0   0   0   2   4   1   3   2
  1   2   5  -4   1   1 0.09 0.13 0.13 0.13   0   0   0   0   2   3   2   1   4
  1   2   2   0   0   2 0.11 0.15 0.15 0.08   1   0   1   0   2   1   3   4   2
  1   2   3   4   1   1 0.12 0.13 0.13 0.13   0   0   0   0   2   4   1   2   3
  1   2   3   0   0   1 0.12 0.16 0.16 0.16   1   1   1   1   2   4   3   1   2
  1   2   3   7   1   1 0.08 0.12 0.12 0.12   0   0   0   0   3   2   4   1   3
  1   2   3   5   1   1 0.08 0.12 0.12 0.12   0   0   0   0   3   3   2   4   1
  1   2   5   0   0   1 0.11 0.15 0.15 0.15   1   1   1   1   3   1   4   3   2
  1   2   3   7   1   1 0.07 0.11 0.11 0.11   0   0   0   0   3   2   3   1   4
  1   2   6   0   0   2 0.07 0.15 0.11 0.11   0   1   0   0   3   2   3   1   4
  1   2   1  -1   1   1 0.07 0.11 0.11 0.11   0   0   0   0   3   4   1   3   2
  1   2   6   4   1   2 0.07 0.11 0.11 0.11   0   0   0   0   3   1   3   4   2
  1   2   1   0   0   1 0.10 0.14 0.14 0.14   0   1   1   1   3   2   3   4   1
  1   2   2   0   0   2 0.10 0.11 0.14 0.14   1   1   1   1   3   3   4   2   1
  1   2   2  -3   1   2 0.06 0.07 0.10 0.10   0   0   0   0   3   3   4   2   1
  1   2   1  -3   1   1 0.10 0.10 0.10 0.10   0   0   0   0   3   2   4   3   1
  1   2   3   6   1   1 0.13 0.10 0.10 0.10   0   0   0   0   3   2   4   3   1
  1   2   1   0   0   1 0.13 0.13 0.13 0.13   1   0   0   0   3   2   1   3   4
  1   2   5   0   0   1 0.09 0.13 0.13 0.13   0   1   0   1   3   1   2   3   4
  1   2   4   0   0   2 0.06 0.07 0.10 0.10   0   0   1   0   3   3   2   4   1
  1   2   6   2   1   2 0.09 0.10 0.06 0.13   0   0   0   0   3   1   2   4   3
  1   2   5  -1   1   1 0.09 0.09 0.16 0.09   0   0   0   0   3   1   2   3   4
  1   2   4  -2   1   2 0.09 0.10 0.06 0.13   0   0   0   0   3   2   3   1   4
  1   2   5   0   0   1 0.12 0.09 0.16 0.09   1   0   1   0   3   3   4   1   2
  1   2   2  -1   1   2 0.12 0.13 0.09 0.16   0   0   0   0   3   3   2   1   4
  1   2   3   5   1   1 0.08 0.12 0.12 0.12   0   0   0   0   3   2   3   1   4
  1   2   5  -2   1   1 0.08 0.12 0.12 0.12   0   0   0   0   4   3   2   4   1
  1   2   6   0   0   2 0.12 0.13 0.09 0.16   1   0   0   0   4   1   2   3   4
  1   2   1   0   1   1 0.11 0.15 0.15 0.15   0   0   0   0   4   3   1   2   4
  1   2   2  -2   1   2 0.08 0.16 0.12 0.19   0   0   0   0   4   4   1   3   2
  1   2   1   0   0   1 0.11 0.15 0.15 0.15   0   1   1   1   4   1   2   3   4
  1   2   5   0   0   1 0.14 0.11 0.11 0.11   0   1   0   0   4   1   2   4   3
  1   2   4   0   0   2 0.08 0.16 0.12 0.19   0   1   1   1   4   4   2   1   3
  1   2   5   0   0   1 0.14 0.07 0.11 0.11   1   0   0   0   4   2   1   4   3
  1   2   6   2   1   2 0.11 0.12 0.08 0.15   0   0   0   0   5   1   2   4   3
  1   2   1   0   0   1 0.10 0.07 0.14 0.14   0   0   1   1   5   4   2   3   1
  1   2   5  -3   1   1 0.10 0.10 0.10 0.10   0   0   0   0   5   4   2   1   3
  1   2   4   1   0   2 0.11 0.12 0.08 0.15   0   1   0   1   5   1   4   3   2
  1   2   5   0   0   1 0.13 0.10 0.10 0.10   1   0   0   0   5   1   4   2   3
  1   2   1   0   0   1 0.09 0.13 0.13 0.13   0   1   1   1   6   2   3   1   4
  1   2   4   0   0   2 0.14 0.08 0.11 0.11   1   1   1   1   6   1   2   3   4
  1   2   5  -4   1   1 0.09 0.09 0.09 0.09   0   0   0   0   6   3   4   2   1
  1   2   1   0   1   1 0.12 0.09 0.09 0.09   0   0   0   0   7   4   2   1   3
  1   2   4  -2   1   2 0.10 0.04 0.07 0.07   0   0   0   0   7   4   3   2   1
  1   3   6   5   1   2 0.10 0.04 0.07 0.07   0   0   0   0   1   1   4   3   2
  1   3   4  -3   1   2 0.13 0.07 0.10 0.10   0   0   0   0   1   1   3   4   2
  1   3   5  -3   1   1 0.12 0.12 0.12 0.12   0   0   0   0   1   4   3   2   1
  1   3   6   0   0   2 0.13 0.07 0.10 0.10   1   0   0   0   1   4   1   2   3
  1   3   1   0   0   1 0.15 0.12 0.12 0.12   1   0   0   0   1   2   1   3   4
  1   3   6   7   1   2 0.09 0.10 0.13 0.13   0   0   0   0   1   3   2   4   1
  1   3   1   0   0   1 0.11 0.15 0.15 0.15   1   1   0   1   1   2   1   3   4
  1   3   3   0   0   1 0.07 0.11 0.15 0.11   0   0   1   0   1   2   1   4   3
  1   3   2  -1   1   2 0.09 0.10 0.13 0.13   0   0   0   0   1   1   2   3   4
  0   3   6  -2   1   1 0.00 0.00 0.00 0.00   0   0   0   0   1   2   1   3   4
  1   3   4   0   0   2 0.12 0.13 0.16 0.16   1   1   1   1   1   1   2   4   3
  1   3   3   0   0   1 0.07 0.11 0.11 0.11   0   1   0   1   1   2   4   1   3
  1   3   6   5   1   2 0.08 0.09 0.12 0.12   0   0   0   0   1   4   3   1   2
  0   3   3  -2   1   1 0.00 0.00 0.00 0.00   0   0   0   0   1   2   1   3   4
  0   3  10   5   1   1 0.00 0.00 0.00 0.00   0   0   0   0   1   2   1   4   3
  1   3   1   0   1   1 0.10 0.07 0.11 0.07   0   0   0   0   1   1   4   3   2
  1   3   4   0   0   2 0.08 0.09 0.12 0.12   0   0   1   0   1   3   4   1   2
  1   3   1   0   1   1 0.10 0.07 0.14 0.07   0   0   0   0   1   4   1   2   3
  1   3   1   0   0   1 0.13 0.10 0.14 0.10   1   1   1   1   1   3   2   4   1
  0   3   5   8   1   1 0.00 0.00 0.00 0.00   0   0   0   0   1   1   2   4   3
  1   3   4   0   0   2 0.11 0.12 0.08 0.15   0   1   0   1   1   2   4   1   3
  1   3   3   7   1   1 0.09 0.06 0.10 0.06   0   0   0   0   1   2   1   3   4
  0   3   7  -3   1   1 0.00 0.00 0.00 0.00   0   0   0   0   1   1   4   2   3
  1   3   4   0   0   2 0.11 0.08 0.08 0.11   1   0   0   0   1   4   2   3   1
  1   3   2  -3   1   2 0.07 0.08 0.11 0.11   0   0   0   0   1   3   2   1   4
  0   3   1  -2   1   1 0.00 0.00 0.00 0.00   0   0   0   0   1   1   3   4   2
  0   3   9   4   1   1 0.00 0.00 0.00 0.00   0   0   0   0   1   2   1   3   4
  1   3   5  -2   1   1 0.09 0.06 0.10 0.06   0   0   0   0   1   1   3   2   4
  1   3   4  -1   1   2 0.07 0.11 0.11 0.14   0   0   0   0   1   2   1   3   4
  0   3   8   0   1   1 0.00 0.00 0.00 0.00   0   0   0   0   1   3   1   4   2
  1   3   6   3   1   2 0.10 0.11 0.14 0.14   0   0   0   0   1   3   2   4   1
  1   3   2   0   0   2 0.10 0.14 0.14 0.17   0   1   1   1   1   4   1   3   2
  1   3   6   0   0   2 0.13 0.10 0.10 0.13   1   0   0   0   1   2   1   4   3
  1   3   5  -4   1   1 0.12 0.09 0.13 0.09   0   0   0   0   1   1   4   2   3
  1   3   1   0   0   1 0.12 0.09 0.13 0.09   1   1   1   1   1   1   2   3   4
  1   3   3   6   1   1 0.08 0.05 0.09 0.05   0   0   0   0   1   4   1   2   3
  1   3   3   6   1   1 0.08 0.05 0.09 0.05   0   0   0   0   1   4   2   3   1
  1   3   5   0   0   1 0.11 0.08 0.12 0.08   1   0   0   0   1   4   2   1   3
  1   3   5   0   0   1 0.07 0.08 0.12 0.08   1   0   0   0   1   3   2   1   4
  1   3   3   0   0   1 0.03 0.11 0.15 0.11   0   0   1   0   1   3   2   1   4
  1   3   2  -2   1   2 0.09 0.10 0.10 0.13   0   0   0   0   1   1   3   4   2
  0   3   4   8   1   1 0.00 0.00 0.00 0.00   0   0   0   0   1   1   2   3   4
  0   3   2  -2   1   1 0.00 0.00 0.00 0.00   0   0   0   0   1   4   3   2   1
  1   3   5   0   0   1 0.03 0.11 0.11 0.11   0   0   1   0   1   4   3   2   1
  1   3   2   0   0   2 0.09 0.13 0.13 0.16   0   1   0   1   1   4   1   2   3
  1   3   2   0   0   2 0.12 0.09 0.13 0.12   1   0   0   0   1   2   4   1   3
  1   3   6   0   0   2 0.08 0.09 0.16 0.12   0   0   1   0   2   3   4   1   2
  1   3   1   0   0   1 0.06 0.14 0.07 0.14   0   1   0   0   2   2   1   3   4
  1   3   1   0   1   1 0.06 0.10 0.07 0.14   0   0   0   0   2   2   3   4   1
  1   3   3   6   1   1 0.09 0.10 0.10 0.17   0   0   0   0   2   3   1   4   2
  1   3   4   0   0   2 0.08 0.12 0.12 0.15   0   1   1   1   2   3   1   2   4
  1   3   3   0   0   1 0.09 0.13 0.10 0.17   0   1   1   1   2   3   4   1   2
  1   3   4  -3   1   2 0.11 0.08 0.08 0.11   0   0   0   0   2   1   3   4   2
  1   3   1   0   0   1 0.12 0.09 0.06 0.13   1   0   0   0   2   3   4   2   1
  1   3   4  -2   1   2 0.11 0.08 0.08 0.11   0   0   0   0   2   3   4   2   1
  1   3   4   0   0   2 0.14 0.11 0.11 0.14   1   0   1   0   2   2   3   1   4
  1   3   2  -1   1   2 0.10 0.11 0.07 0.14   0   0   0   0   2   3   4   1   2
  1   3   6   3   1   2 0.10 0.14 0.07 0.17   0   0   0   0   2   2   1   3   4
  1   3   1   0   1   1 0.08 0.09 0.06 0.13   0   0   0   0   2   3   2   4   1
  1   3   5  -1   1   1 0.08 0.12 0.09 0.16   0   0   0   0   2   4   1   3   2
  1   3   5  -1   1   1 0.11 0.12 0.09 0.16   0   0   0   0   2   4   2   3   1
  1   3   3   7   1   1 0.11 0.15 0.12 0.19   0   0   0   0   2   4   1   3   2
  1   3   5   0   0   1 0.14 0.15 0.12 0.19   1   1   1   1   2   3   1   4   2
  1   3   2   0   0   2 0.13 0.14 0.10 0.17   1   0   0   0   2   1   4   3   2
  1   3   2   0   0   2 0.09 0.17 0.10 0.20   0   1   0   1   2   3   1   2   4
  1   3   6   0   0   2 0.09 0.13 0.13 0.16   1   1   1   1   3   1   2   3   4
  1   3   1   0   1   1 0.10 0.11 0.08 0.15   0   0   0   0   3   3   4   1   2
  1   3   4  -1   1   2 0.05 0.09 0.09 0.12   0   0   0   0   3   1   2   3   4
  1   3   3   6   1   1 0.10 0.11 0.08 0.15   0   0   0   0   3   4   2   3   1
  1   3   1   0   0   1 0.13 0.14 0.11 0.18   1   1   0   1   3   2   4   1   3
  1   3   4   0   0   2 0.05 0.09 0.09 0.12   0   0   0   0   3   3   2   4   1
  1   3   5  -4   1   1 0.09 0.10 0.11 0.14   0   0   0   0   3   3   1   2   4
  1   3   2  -1   1   2 0.08 0.12 0.12 0.15   0   0   0   0   3   4   3   2   1
  1   3   2   0   0   2 0.08 0.12 0.12 0.15   0   0   1   1   3   3   2   4   1
  1   3   6   0   0   2 0.11 0.15 0.08 0.11   0   1   0   1   4   4   3   2   1
  1   3   1   0   0   1 0.09 0.10 0.14 0.14   1   1   1   1   4   3   4   1   2
  1   3   4   0   1   2 0.11 0.11 0.08 0.07   0   0   0   0   4   1   2   3   4
  1   3   2   0   0   2 0.14 0.11 0.11 0.07   1   0   1   0   4   1   2   3   4
  1   3   6   0   0   2 0.10 0.14 0.07 0.10   0   0   0   0   5   3   1   4   2
  1   3   1  -1   1   1 0.05 0.06 0.10 0.10   0   0   0   0   5   1   3   4   2
  1   3   2   0   1   2 0.10 0.14 0.07 0.10   0   0   0   0   5   4   2   1   3
  1   3   6   0   0   2 0.13 0.17 0.10 0.13   1   1   1   1   6   2   3   1   4
  1   3   6   5   1   2 0.09 0.13 0.06 0.09   0   0   0   0   7   3   2   1   4
  1   5   3   7   1   1 0.05 0.06 0.10 0.10   0   0   0   0   1   3   1   2   4
  1   5   5  -4   1   1 0.08 0.09 0.13 0.13   0   0   0   0   1   1   3   2   4
  1   5   1   0   1   1 0.08 0.09 0.13 0.13   0   0   0   0   1   1   4   2   3
  0   5   8   0   1   1 0.00 0.00 0.00 0.00   0   0   0   0   1   4   2   3   1
  0   5   3   1   1   1 0.00 0.00 0.00 0.00   0   0   0   0   1   1   3   4   2
  1   5   1   1   1   1 0.11 0.12 0.16 0.16   0   0   0   0   1   3   4   2   1
  0   5   5   8   1   1 0.00 0.00 0.00 0.00   0   0   0   0   1   2   3   1   4
  1   5   1   0   0   1 0.11 0.12 0.16 0.16   1   1   1   1   1   4   3   1   2
  1   5   2  -1   1   2 0.09 0.13 0.06 0.09   0   0   0   0   1   3   1   4   2
  1   5   1  -1   1   1 0.07 0.08 0.12 0.12   0   0   0   0   1   4   2   1   3
  1   5   6   0   0   2 0.12 0.16 0.09 0.12   1   1   1   1   1   1   2   3   4
  1   5   5   0   0   1 0.07 0.08 0.12 0.12   0   0   1   0   1   3   2   1   4
  0   5   6   0   0   1 0.00 0.00 0.00 0.00   0   0   0   0   1   4   3   1   2
  1   5   4  -3   1   2 0.08 0.12 0.05 0.08   0   0   0   0   1   4   2   1   3
  1   5   3   0   0   1 0.10 0.11 0.08 0.15   0   0   0   1   1   1   4   2   3
  0   5   2  -1   1   1 0.00 0.00 0.00 0.00   0   0   0   0   1   3   1   2   4
  1   5   4   0   1   2 0.08 0.12 0.05 0.08   0   0   0   0   1   1   4   3   2
  1   5   6   0   0   2 0.11 0.15 0.08 0.11   1   0   0   0   1   3   2   1   4
  1   5   4   0   0   2 0.07 0.15 0.08 0.11   0   0   0   0   1   1   2   4   3
  1   5   4   0   0   2 0.07 0.18 0.11 0.14   0   1   1   1   1   2   1   3   4
  1   5   5  -3   1   1 0.10 0.11 0.08 0.11   0   0   0   0   1   2   1   4   3
  1   5   2  -1   1   2 0.10 0.14 0.07 0.10   0   0   0   0   1   3   4   1   2
  1   5   6   0   0   2 0.10 0.14 0.07 0.10   1   1   1   1   1   4   2   3   1
  0   5   7  -3   1   1 0.00 0.00 0.00 0.00   0   0   0   0   1   3   1   2   4
  1   5   3   0   0   1 0.13 0.14 0.11 0.11   1   0   0   0   1   4   3   2   1
  1   5   1   0   1   1 0.09 0.14 0.11 0.14   0   0   0   0   1   1   3   2   4
  0   5   4   9   1   1 0.00 0.00 0.00 0.00   0   0   0   0   1   3   2   1   4
  1   5   5   0   0   1 0.09 0.17 0.14 0.14   1   1   0   1   1   4   2   1   3
  1   5   5   0   0   1 0.05 0.13 0.14 0.10   0   1   1   1   1   3   1   2   4
  1   5   3   9   1   1 0.05 0.09 0.10 0.06   0   0   0   0   1   2   3   1   4
  1   5   6   5   1   2 0.06 0.10 0.03 0.06   0   0   0   0   1   1   3   2   4
  1   5   5  -1   1   1 0.08 0.09 0.10 0.06   0   0   0   0   1   1   3   4   2
  1   5   3   0   0   1 0.08 0.12 0.13 0.09   0   0   1   0   1   2   1   3   4
  1   5   6   4   1   2 0.06 0.10 0.03 0.06   0   0   0   0   1   1   2   3   4
  1   5   6   5   1   2 0.09 0.13 0.06 0.09   0   0   0   0   1   2   3   1   4
  1   5   2   1   1   2 0.09 0.13 0.06 0.09   0   0   0   0   1   2   3   1   4
  1   5   2   0   0   2 0.12 0.16 0.09 0.12   1   1   1   1   1   2   3   4   1
  1   5   4  -2   1   2 0.08 0.12 0.05 0.08   0   0   0   0   1   1   4   3   2
  1   5   2  -4   1   2 0.08 0.12 0.05 0.08   0   0   0   0   1   4   1   3   2
  1   5   3   0   0   1 0.11 0.12 0.09 0.09   1   0   0   0   1   1   3   2   4
  0   5   9   3   1   1 0.00 0.00 0.00 0.00   0   0   0   0   1   2   4   3   1
  0   5   1  -2   1   1 0.00 0.00 0.00 0.00   0   0   0   0   1   2   3   1   4
  1   5   2   0   0   2 0.11 0.15 0.08 0.11   1   1   0   1   1   4   1   3   2
  0   5  10   4   1   1 0.00 0.00 0.00 0.00   0   0   0   0   1   2   4   1   3
  1   5   4  -3   1   2 0.07 0.11 0.08 0.07   0   0   0   0   1   1   2   4   3
  1   5   1   0   1   1 0.07 0.15 0.09 0.12   0   0   0   0   1   1   4   3   2
  1   5   1   0   1   1 0.07 0.15 0.12 0.12   0   0   0   0   2   4   2   1   3
  1   5   6   2   1   2 0.07 0.11 0.11 0.07   0   0   0   0   2   1   4   3   2
  1   5   5   0   1   1 0.10 0.18 0.12 0.15   0   0   0   0   2   3   2   1   4
  0   5   6  -3   1   1 0.00 0.00 0.00 0.00   0   0   0   0   2   1   3   2   4
  1   5   3   6   1   1 0.10 0.18 0.15 0.15   0   0   0   0   2   1   2   3   4
  1   5   6   0   0   2 0.10 0.14 0.11 0.10   1   0   0   0   2   2   3   4   1
  1   5   4   0   1   2 0.06 0.14 0.14 0.10   0   0   0   0   2   4   1   2   3
  1   5   4  -1   1   2 0.06 0.17 0.14 0.13   0   0   0   0   2   3   1   2   4
  1   5   6   0   0   2 0.09 0.17 0.17 0.13   0   0   1   1   2   3   1   2   4
  1   5   3   0   0   1 0.13 0.21 0.15 0.18   1   1   1   1   2   3   4   2   1
  1   5   5   0   0   1 0.09 0.17 0.11 0.14   0   1   0   1   2   1   2   3   4
  1   5   5   0   0   1 0.09 0.13 0.11 0.10   0   1   1   1   2   1   2   3   4
  1   5   3   7   1   1 0.12 0.09 0.07 0.06   0   0   0   0   2   4   1   3   2
  1   5   2   0   0   2 0.09 0.20 0.13 0.09   0   1   1   1   2   4   2   1   3
  1   5   3   0   0   1 0.12 0.09 0.07 0.06   1   0   0   0   2   4   1   2   3
  1   5   2   0   0   2 0.12 0.16 0.09 0.05   1   1   1   1   2   1   3   2   4
  1   5   6   5   1   2 0.08 0.12 0.05 0.02   0   0   0   0   3   4   2   3   1
  1   5   6   6   1   2 0.08 0.12 0.05 0.02   0   0   0   0   3   1   2   4   3
  1   5   3   7   1   1 0.08 0.12 0.10 0.09   0   0   0   0   3   1   2   4   3
  1   5   5  -3   1   1 0.08 0.12 0.10 0.09   0   0   0   0   3   4   2   1   3
  1   5   5   0   0   1 0.11 0.15 0.13 0.12   1   1   1   1   3   3   1   4   2
  1   5   2   0   0   2 0.11 0.15 0.08 0.05   1   1   0   0   3   4   2   3   1
  1   5   3   8   1   1 0.07 0.11 0.09 0.08   0   0   0   0   3   4   2   3   1
  1   5   2  -2   1   2 0.07 0.11 0.08 0.05   0   0   0   0   3   3   4   1   2
  1   5   5  -5   1   1 0.07 0.11 0.09 0.08   0   0   0   0   4   3   2   4   1
  1   5   2  -1   1   2 0.07 0.11 0.11 0.08   0   0   0   0   4   1   4   2   3
  1   4   1  -1   1   1 0.10 0.14 0.12 0.11   0   0   0   0   1   3   4   2   1
  1   4   3   3   1   1 0.10 0.14 0.12 0.11   0   0   0   0   1   1   3   4   2
  1   4   4  -3   1   2 0.10 0.14 0.11 0.08   0   0   0   0   1   4   2   3   1
  0   4   9   5   1   1 0.00 0.00 0.00 0.00   0   0   0   0   1   2   3   4   1
  1   4   1   0   0   1 0.13 0.17 0.15 0.14   1   1   1   1   1   4   2   3   1
  1   4   3   6   1   1 0.09 0.13 0.11 0.10   0   0   0   0   1   3   2   1   4
  1   4   2   0   0   2 0.10 0.14 0.14 0.11   0   1   1   1   1   1   2   4   3
  1   4   6   0   0   2 0.13 0.10 0.10 0.07   1   0   0   0   1   3   2   4   1
  1   4   3   7   1   1 0.09 0.13 0.11 0.10   0   0   0   0   1   4   2   3   1
  1   4   4   0   0   2 0.09 0.10 0.10 0.07   1   0   0   0   1   3   1   4   2
  1   4   6   0   0   2 0.05 0.13 0.13 0.10   0   1   1   1   1   2   3   1   4
  1   4   1   0   0   1 0.12 0.16 0.14 0.13   1   1   1   1   1   4   3   2   1
  0   4   8   0   0   1 0.00 0.00 0.00 0.00   0   0   0   0   1   1   2   4   3
  1   4   1   0   0   1 0.08 0.12 0.10 0.09   0   1   1   1   1   1   2   4   3
  0   4   7  -4   1   1 0.00 0.00 0.00 0.00   0   0   0   0   1   4   2   3   1
  1   4   4  -2   1   2 0.05 0.09 0.09 0.06   0   0   0   0   1   4   1   3   2
  1   4   6   0   0   2 0.08 0.09 0.09 0.06   1   0   0   0   1   4   2   1   3
  1   4   4   0   0   2 0.04 0.12 0.12 0.09   0   0   1   0   1   3   2   4   1
  1   4   4   0   0   2 0.04 0.12 0.08 0.09   0   1   0   1   1   2   1   3   4
  0   4   2  -5   1   1 0.00 0.00 0.00 0.00   0   0   0   0   1   3   4   2   1
  0   4   4   7   1   1 0.00 0.00 0.00 0.00   0   0   0   0   1   1   4   3   2
  0   4   5   9   1   1 0.00 0.00 0.00 0.00   0   0   0   0   1   3   1   4   2
  1   4   2  -1   1   2 0.07 0.08 0.08 0.05   0   0   0   0   1   2   1   3   4
  1   4   5  -1   1   1 0.08 0.08 0.06 0.05   0   0   0   0   1   1   4   2   3
  1   4   5   0   0   1 0.11 0.08 0.06 0.05   1   0   0   0   1   1   3   4   2
  1   4   5  -2   1   1 0.07 0.11 0.09 0.08   0   0   0   0   1   4   2   3   1
  1   4   2   0   0   2 0.07 0.08 0.11 0.05   0   0   1   0   1   3   2   1   4
  1   4   3   4   1   1 0.07 0.11 0.09 0.08   0   0   0   0   1   3   1   4   2
  1   4   3   7   1   1 0.10 0.14 0.12 0.11   0   0   0   0   1   1   2   4   3
  1   4   6   0   0   2 0.10 0.11 0.07 0.08   1   1   1   1   1   4   2   1   3
  0   4  10   7   1   1 0.00 0.00 0.00 0.00   0   0   0   0   1   1   2   4   3
  1   4   3   0   0   1 0.10 0.14 0.12 0.11   1   1   1   1   1   3   4   1   2
  0   4   6  -5   1   1 0.00 0.00 0.00 0.00   0   0   0   0   1   4   1   2   3
  1   4   4  -2   1   2 0.06 0.07 0.03 0.04   0   0   0   0   1   2   3   4   1
  1   4   1  -1   1   1 0.06 0.10 0.08 0.07   0   0   0   0   1   3   1   4   2
  1   4   2  -3   1   2 0.06 0.07 0.03 0.04   0   0   0   0   1   1   2   3   4
  1   4   1  -2   1   1 0.06 0.10 0.08 0.07   0   0   0   0   1   1   3   2   4
  1   4   6   5   1   2 0.09 0.10 0.06 0.07   0   0   0   0   1   1   3   4   2
  1   4   5   0   1   1 0.09 0.13 0.11 0.10   0   0   0   0   1   4   2   1   3
  1   4   5  -2   1   1 0.09 0.13 0.11 0.10   0   0   0   0   1   4   3   2   1
  1   4   6   4   1   2 0.09 0.10 0.06 0.07   0   0   0   0   1   2   3   1   4
  1   4   2   0   0   2 0.12 0.13 0.09 0.10   1   0   0   0   1   4   1   2   3
  1   4   5   0   0   1 0.12 0.16 0.14 0.13   1   1   1   1   1   3   4   2   1
  0   4   1  -7   1   1 0.00 0.00 0.00 0.00   0   0   0   0   1   3   1   4   2
  0   4   3   0   1   1 0.00 0.00 0.00 0.00   0   0   0   0   1   3   4   2   1
  1   4   2   0   0   2 0.08 0.13 0.09 0.10   0   1   0   1   1   2   4   1   3
  1   4   1   0   0   1 0.08 0.12 0.10 0.09   0   1   0   1   2   1   4   3   2
  1   4   2   0   0   2 0.08 0.09 0.12 0.06   0   1   1   1   2   3   2   1   4
  1   4   6   6   1   2 0.11 0.05 0.08 0.02   0   0   0   0   2   1   3   2   4
  1   4   4   0   0   2 0.11 0.05 0.08 0.02   1   0   0   0   2   2   1   4   3
  1   4   6   5   1   2 0.07 0.08 0.11 0.05   0   0   0   0   2   2   4   3   1
  1   4   1   0   1   1 0.08 0.08 0.10 0.05   0   0   0   0   2   1   3   4   2
  0   4   8   0   1   1 0.00 0.00 0.00 0.00   0   0   0   0   2   1   4   3   2
  1   4   1   0   0   1 0.11 0.08 0.13 0.05   1   0   1   1   2   4   3   1   2
  1   4   6   0   0   2 0.07 0.08 0.11 0.05   0   0   1   0   2   4   3   1   2
  1   4   4   0   0   2 0.10 0.11 0.07 0.08   1   0   0   0   2   1   2   4   3
  1   4   4   0   0   2 0.06 0.11 0.07 0.08   0   1   0   1   2   3   1   2   4
  1   4   5   1   1   1 0.07 0.11 0.09 0.02   0   0   0   0   2   2   3   4   1
  1   4   2   0   0   2 0.06 0.07 0.10 0.04   0   0   1   0   2   4   3   1   2
  1   4   6   4   1   2 0.09 0.07 0.06 0.04   0   0   0   0   2   1   4   3   2
  1   4   3   5   1   1 0.07 0.11 0.09 0.02   0   0   0   0   2   3   2   1   4
  1   4   2   0   0   2 0.09 0.10 0.06 0.07   1   0   0   0   2   3   1   2   4
  1   4   5   0   0   1 0.10 0.14 0.12 0.05   1   1   1   0   2   2   4   1   3
  1   4   2  -4   1   2 0.05 0.10 0.09 0.07   0   0   0   0   2   2   4   1   3
  1   4   1   0   1   1 0.06 0.10 0.08 0.05   0   0   0   0   3   4   3   2   1
  1   4   2  -2   1   2 0.05 0.13 0.09 0.10   0   0   0   0   3   3   1   2   4
  1   4   4   0   0   2 0.08 0.13 0.12 0.10   0   1   1   1   3   2   4   1   3
  1   4   1   0   1   1 0.06 0.10 0.08 0.08   0   0   0   0   3   1   4   2   3
  1   4   6   4   1   2 0.08 0.09 0.08 0.06   0   0   0   0   3   1   2   3   4
  1   4   4   0   0   2 0.11 0.09 0.08 0.06   1   0   1   0   3   3   2   1   4
  1   4   4  -2   1   2 0.07 0.12 0.04 0.09   0   0   0   0   3   3   1   2   4
  1   4   2   0   0   2 0.07 0.12 0.04 0.09   0   1   0   1   3   3   4   1   2
  1   4   2  -4   1   2 0.10 0.08 0.07 0.05   0   0   0   0   3   4   3   2   1
  1   4   5   0   0   1 0.09 0.13 0.11 0.08   0   1   1   1   3   1   3   2   4
  1   4   4  -4   1   2 0.10 0.08 0.07 0.05   0   0   0   0   4   2   1   4   3
  1   4   4   0   0   2 0.13 0.11 0.10 0.08   1   1   1   1   4   3   4   2   1
  1   4   2  -4   1   2 0.09 0.07 0.06 0.04   0   0   0   0   4   4   1   2   3
  1   4   5  -4   1   1 0.09 0.09 0.07 0.04   0   0   0   0   4   2   3   1   4
  1   4   4  -2   1   2 0.09 0.07 0.06 0.04   0   0   0   0   5   4   3   1   2
  1   1   1   0   0   1 0.12 0.09 0.07 0.04   1   0   0   0   1   1   4   2   3
  1   1   3   5   1   1 0.08 0.12 0.10 0.07   0   0   0   0   1   3   4   2   1
  1   1   2   0   0   2 0.12 0.10 0.09 0.07   1   0   0   0   1   3   4   2   1
  0   1   9   4   1   1 0.00 0.00 0.00 0.00   0   0   0   0   1   2   3   1   4
  1   1   4  -3   1   2 0.08 0.10 0.09 0.07   0   0   0   0   1   2   1   3   4
  1   1   4   0   0   2 0.08 0.13 0.12 0.10   0   0   1   0   1   1   2   4   3
  1   1   6   0   0   2 0.11 0.13 0.08 0.10   1   1   0   1   1   2   1   3   4
  1   1   5   0   0   1 0.08 0.12 0.10 0.07   0   1   0   0   1   1   4   2   3
  0   1   8  -1   1   1 0.00 0.00 0.00 0.00   0   0   0   0   1   2   3   4   1
  1   1   2  -3   1   2 0.07 0.09 0.08 0.06   0   0   0   0   1   4   1   2   3
  1   1   6   0   0   2 0.07 0.09 0.11 0.06   0   0   1   0   1   4   3   2   1
  0   1   5   9   1   1 0.00 0.00 0.00 0.00   0   0   0   0   1   3   1   2   4
  1   1   5   0   0   1 0.11 0.08 0.13 0.10   1   1   1   1   1   2   4   1   3
  1   1   6   0   0   2 0.10 0.12 0.07 0.09   1   1   0   0   1   2   3   1   4
  1   1   2  -3   1   2 0.06 0.08 0.07 0.09   0   0   0   0   1   2   1   3   4
  1   1   1   0   1   1 0.07 0.04 0.09 0.06   0   0   0   0   1   2   3   1   4
  1   1   1   0   1   1 0.07 0.04 0.09 0.06   0   0   0   0   1   2   1   4   3
  1   1   6   5   1   2 0.06 0.08 0.10 0.12   0   0   0   0   1   2   3   4   1
  1   1   5   0   0   1 0.10 0.07 0.12 0.09   1   0   1   0   1   2   1   4   3
  0   1   4   7   1   1 0.00 0.00 0.00 0.00   0   0   0   0   1   2   4   3   1
  1   1   6   0   0   2 0.09 0.11 0.10 0.12   0   1   1   1   1   2   3   4   1
  0   1  10   7   1   1 0.00 0.00 0.00 0.00   0   0   0   0   1   2   3   1   4
  1   1   1   0   1   1 0.06 0.07 0.08 0.09   0   0   0   0   1   3   4   2   1
  1   1   6   5   1   2 0.09 0.07 0.06 0.08   0   0   0   0   1   3   2   4   1
  0   1   2  -4   1   1 0.00 0.00 0.00 0.00   0   0   0   0   1   4   1   2   3
  1   1   5   0   0   1 0.06 0.10 0.08 0.12   0   1   1   1   1   4   1   2   3
  1   1   4  -3   1   2 0.12 0.07 0.06 0.08   0   0   0   0   1   1   4   3   2
  1   1   1  -1   1   1 0.09 0.06 0.04 0.08   0   0   0   0   1   1   2   4   3
  0   1   7  -3   1   1 0.00 0.00 0.00 0.00   0   0   0   0   1   2   3   1   4
  1   1   3   4   1   1 0.09 0.06 0.04 0.08   0   0   0   0   1   2   1   4   3
  1   1   3   0   0   1 0.12 0.09 0.07 0.11   1   1   0   1   1   1   2   3   4
  1   1   5  -2   1   1 0.08 0.05 0.07 0.07   0   0   0   0   1   3   4   2   1
  1   1   3   6   1   1 0.08 0.05 0.10 0.07   0   0   0   0   1   2   3   4   1
  1   1   4   0   0   2 0.12 0.10 0.09 0.11   1   1   1   1   1   4   3   2   1
  0   1   1  -4   1   1 0.00 0.00 0.00 0.00   0   0   0   0   1   4   1   3   2
  0   1   3  -1   1   1 0.00 0.00 0.00 0.00   0   0   0   0   1   4   2   1   3
  1   1   2  -2   1   2 0.08 0.06 0.05 0.07   0   0   0   0   1   1   2   4   3
  1   1   2  -4   1   2 0.08 0.06 0.05 0.07   0   0   0   0   1   1   2   4   3
  1   1   3   0   0   1 0.11 0.08 0.10 0.10   1   0   0   0   1   4   2   1   3
  1   1   4   0   0   2 0.11 0.09 0.08 0.10   1   1   1   1   1   4   3   2   1
  1   1   1   0   0   1 0.07 0.08 0.13 0.10   0   1   1   1   1   4   3   1   2
  1   1   4  -2   1   2 0.07 0.05 0.04 0.06   0   0   0   0   1   2   3   4   1
  1   1   3   6   1   1 0.07 0.04 0.09 0.06   0   0   0   0   1   2   3   1   4
  1   1   2  -1   1   2 0.07 0.05 0.04 0.06   0   0   0   0   1   2   4   1   3
  1   1   5  -1   1   1 0.10 0.04 0.09 0.06   0   0   0   0   1   2   4   3   1
  0   1   6  -1   1   1 0.00 0.00 0.00 0.00   0   0   0   0   1   4   2   1   3
  1   1   1   0   0   1 0.10 0.07 0.12 0.09   0   1   1   1   2   3   1   2   4
  1   1   2  -2   1   2 0.10 0.08 0.07 0.09   0   0   0   0   2   1   2   3   4
  1   1   4  -3   1   2 0.10 0.08 0.07 0.09   0   0   0   0   2   3   4   1   2
  1   1   6   0   0   2 0.13 0.11 0.10 0.12   1   1   1   1   2   4   3   1   2
  1   1   5   0   0   1 0.13 0.03 0.08 0.05   1   0   0   0   2   4   2   1   3
  1   1   6   5   1   2 0.09 0.07 0.06 0.08   0   0   0   0   2   3   2   1   4
  1   1   5  -3   1   1 0.09 0.03 0.08 0.05   0   0   0   0   2   1   2   3   4
  1   1   6   5   1   2 0.09 0.07 0.06 0.08   0   0   0   0   2   4   3   2   1
  1   1   5   0   0   1 0.09 0.06 0.11 0.08   0   0   1   1   2   4   2   3   1
  1   1   6   0   0   2 0.12 0.10 0.09 0.11   1   1   1   1   2   1   4   3   2
  1   1   5   0   0   1 0.12 0.06 0.07 0.04   1   0   0   0   2   2   4   1   3
  1   1   3   5   1   1 0.08 0.09 0.07 0.04   0   0   0   0   2   4   2   1   3
  1   1   4  -2   1   2 0.08 0.06 0.05 0.07   0   0   0   0   2   1   3   4   2
  1   1   3   6   1   1 0.08 0.09 0.10 0.07   0   0   0   0   2   4   1   2   3
  1   1   4  -3   1   2 0.08 0.06 0.05 0.07   0   0   0   0   2   1   4   3   2
  1   1   1   0   0   1 0.11 0.12 0.10 0.07   1   1   0   0   2   3   4   2   1
  1   1   1   0   0   1 0.07 0.08 0.13 0.10   0   1   1   1   3   2   3   1   4
  1   1   6   0   0   2 0.11 0.09 0.08 0.10   1   1   1   1   3   1   2   4   3
  1   1   5  -4   1   1 0.07 0.04 0.09 0.06   0   0   0   0   3   3   4   2   1
  1   1   5  -2   1   1 0.10 0.04 0.09 0.06   0   0   0   0   3   4   3   1   2
  1   1   6   4   1   2 0.07 0.05 0.04 0.06   0   0   0   0   3   4   1   3   2
  1   1   5   0   0   1 0.10 0.07 0.12 0.09   1   1   1   1   3   3   1   4   2
  1   1   1  -4   1   1 0.06 0.03 0.08 0.05   0   0   0   0   3   4   3   2   1
  1   1   1  -2   1   1 0.06 0.03 0.08 0.05   0   0   0   0   4   1   3   4   2
  1   1   6   5   1   2 0.07 0.05 0.04 0.06   0   0   0   0   4   1   3   4   2
  1   1   5   0   0   1 0.09 0.06 0.11 0.08   1   1   1   1   4   1   3   4   2
  1   1   5  -3   1   1 0.05 0.02 0.07 0.04   0   0   0   0   5   1   2   3   4
