  1   4   4   0   0   2 0.20 0.20 0.20 0.50   0   0   1   0   1   2   4   3   1
  1   4   6   0   0   2 0.20 0.20 0.16 0.50   1   0   0   0   1   1   4   2   3
  1   4   3   8   1   1 0.50 0.50 0.50 1.00   0   0   0   0   1   4   2   1   3
  1   4   1   0   0   1 0.50 0.50 0.50 1.00   0   0   1   0   1   4   2   3   1
  1   4   5  -6   1   1 0.52 0.52 0.46 1.00   0   0   0   0   1   3   2   4   1
  0   4   3   3   1   1 0.00 0.00 0.00 0.00   0   0   0   0   1   4   3   1   2
  1   4   2   0   0   2 0.16 0.22 0.16 0.52   1   1   1   0   1   3   4   2   1
  0   4   9   9   1   1 0.00 0.00 0.00 0.00   0   0   0   0   1   1   4   3   2
  1   4   1   0   0   1 0.52 0.52 0.46 1.00   0   1   1   0   1   1   2   4   3
  1   4   3   0   0   1 0.54 0.48 0.42 1.00   1   0   1   0   1   2   4   1   3
  1   4   2   0   0   2 0.12 0.18 0.12 0.52   1   0   1   0   1   3   2   1   4
  1   4   2   1   1   2 0.08 0.18 0.08 0.54   0   0   0   0   1   1   4   3   2
  0   4   4  10   1   1 0.00 0.00 0.00 0.00   0   0   0   0   1   4   3   2   1
  1   4   1   0   0   1 0.50 0.48 0.38 1.00   1   1   1   0   1   2   1   4   3
  0   4   1   0   0   1 0.00 0.00 0.00 0.00   0   0   0   0   1   3   2   4   1
  1   4   3   0   0   1 0.46 0.44 0.34 1.00   0   1   1   0   1   3   4   1   2
  1   4   6   0   0   2 0.08 0.20 0.08 0.54   0   0   1   0   1   3   2   1   4
  1   4   4   0   0   2 0.10 0.20 0.04 0.56   0   0   1   0   1   3   4   1   2
  1   4   2  -1   0   2 0.10 0.22 0.02 0.56   0   0   0   0   1   3   2   1   4
  1   4   3   0   0   1 0.46 0.40 0.30 1.00   1   1   1   0   1   4   3   2   1
  1   4   1   0   0   1 0.42 0.36 0.26 1.00   1   0   1   0   1   4   3   1   2
  1   4   5   0   0   1 0.38 0.36 0.22 1.00   1   1   1   0   1   2   4   1   3
  0   4   6 -10   1   1 0.00 0.00 0.00 0.00   0   0   0   0   1   4   1   2   3
  1   4   6   0   0   2 0.12 0.22 0.02 0.58   1   0   0   0   1   3   4   1   2
  1   4   6   5   1   2 0.08 0.24 0.04 0.58   0   0   0   0   1   2   1   3   4
  0   4   8  -4   1   1 0.00 0.00 0.00 0.00   0   0   0   0   1   2   3   1   4
  1   4   5   0   0   1 0.34 0.32 0.18 1.00   1   0   1   0   1   3   4   1   2
  0   4   5  10   1   1 0.00 0.00 0.00 0.00   0   0   0   0   1   4   1   3   2
  1   4   4   0   0   2 0.08 0.24 0.04 0.60   0   1   1   0   1   2   4   1   3
  1   4   1   0   0   1 0.30 0.32 0.14 1.00   1   0   1   0   1   4   3   2   1
  1   4   6   0   0   2 0.10 0.20 0.02 0.60   0   0   0   1   1   4   2   3   1
  1   4   2   6   1   2 0.10 0.20 0.02 0.56   0   0   0   0   1   3   2   1   4
  1   4   4  -9   1   2 0.12 0.22 0.04 0.56   0   0   0   0   1   2   4   3   1
  1   4   2  -4   1   2 0.12 0.22 0.04 0.58   0   0   0   0   1   1   3   4   2
  1   4   6   9   1   2 0.14 0.24 0.06 0.58   0   0   0   0   1   2   1   4   3
  1   4   1   0   0   1 0.26 0.34 0.10 1.00   1   0   1   0   1   1   3   2   4
  1   4   4   0   0   2 0.14 0.24 0.06 0.60   0   1   0   1   1   2   1   3   4
  0   4   2  -9   1   1 0.00 0.00 0.00 0.00   0   0   0   0   1   2   4   3   1
  1   4   3   0   0   1 0.22 0.34 0.06 1.00   1   0   0   0   1   3   1   4   2
  0   4  10  10   1   1 0.00 0.00 0.00 0.00   0   0   0   0   1   1   4   3   2
  0   4   7 -10   1   1 0.00 0.00 0.00 0.00   0   0   0   0   1   2   3   1   4
  1   4   5   0   0   1 0.18 0.36 0.06 1.00   1   0   0   1   1   3   4   1   2
  1   4   5   0   0   1 0.14 0.36 0.08 0.96   1   1   1   0   1   3   1   4   2
  1   4   5  -4   1   1 0.10 0.32 0.04 0.96   0   0   0   0   1   4   3   2   1
  1   4   4   0   0   2 0.16 0.20 0.08 0.56   0   0   1   1   1   1   4   3   2
  1   4   3  10   1   1 0.10 0.32 0.04 0.98   0   0   0   0   1   3   4   1   2
  1   4   4   0   0   2 0.16 0.20 0.04 0.52   1   0   0   0   2   2   3   1   4
  1   4   6   0   0   2 0.12 0.22 0.04 0.52   1   0   0   0   2   4   1   3   2
  1   4   1 -10   1   1 0.12 0.34 0.06 0.98   0   0   0   0   2   4   3   1   2
  1   4   2  -6   1   2 0.08 0.22 0.06 0.54   0   0   0   0   2   2   3   4   1
  1   4   1   0   0   1 0.12 0.34 0.06 1.00   1   0   0   0   2   4   1   3   2
  1   4   3   9   1   1 0.08 0.36 0.08 1.00   0   0   0   0   2   3   1   2   4
  1   4   2   0   0   2 0.08 0.24 0.06 0.54   0   0   0   1   2   1   4   3   2
  1   4   1   0   0   1 0.08 0.36 0.08 1.00   0   1   1   0   2   2   1   4   3
  0   4   1 -10   1   1 0.00 0.00 0.00 0.00   0   0   0   0   2   2   1   4   3
  1   4   3  10   1   1 0.10 0.32 0.04 1.00   0   0   0   0   2   1   4   2   3
  1   4   6  10   1   2 0.10 0.24 0.08 0.50   0   0   0   0   2   1   4   3   2
  1   4   4   0   0   2 0.10 0.26 0.08 0.50   0   0   1   1   2   1   4   2   3
  1   4   2   0   0   2 0.12 0.26 0.04 0.46   0   1   0   0   2   2   4   1   3
  1   4   3   0   0   1 0.10 0.32 0.04 1.00   0   1   0   0   2   2   4   3   1
  1   4   1  -4   1   1 0.12 0.28 0.06 1.00   0   0   0   0   2   4   1   3   2
  1   4   5   0   0   1 0.12 0.28 0.06 1.00   1   0   0   0   2   2   4   1   3
  1   4   6  10   1   2 0.12 0.22 0.04 0.46   0   0   0   0   2   2   3   1   4
  1   4   5  -6   1   1 0.08 0.30 0.08 1.00   0   0   0   0   2   3   2   1   4
  1   4   4   0   0   2 0.14 0.22 0.06 0.48   0   0   1   0   2   4   3   2   1
  1   4   1   0   0   1 0.08 0.30 0.08 1.00   0   1   0   0   2   2   1   4   3
  1   4   6   0   0   2 0.14 0.24 0.02 0.48   1   1   0   0   2   1   4   2   3
  1   4   1   0   0   1 0.10 0.26 0.10 1.00   0   0   0   1   2   1   4   3   2
  1   4   4   2   0   2 0.10 0.20 0.02 0.50   0   0   0   0   2   2   3   4   1
  1   4   3   0   0   1 0.10 0.26 0.10 0.96   0   1   1   0   2   3   2   4   1
  1   4   5   0   0   1 0.12 0.22 0.06 0.96   1   0   0   0   2   1   2   3   4
  1   4   5   0   0   1 0.08 0.22 0.06 0.98   0   1   0   0   2   2   4   3   1
  1   4   4  -6   1   2 0.10 0.20 0.04 0.50   0   0   0   0   2   4   2   1   3
  1   4   4   0   0   2 0.12 0.22 0.04 0.52   1   0   0   0   3   1   4   2   3
  1   4   6  10   1   2 0.08 0.22 0.06 0.52   0   0   0   0   3   1   4   3   2
  1   4   1   0   0   1 0.08 0.18 0.08 0.98   1   0   1   0   3   2   1   3   4
  1   4   2   5   1   2 0.08 0.24 0.06 0.54   0   0   0   0   3   4   3   1   2
  1   4   1  -5   1   1 0.04 0.18 0.04 1.00   0   0   0   0   3   1   3   4   2
  1   4   4   0   0   2 0.10 0.24 0.08 0.54   0   1   1   0   3   2   3   4   1
  1   4   2   0   0   2 0.10 0.20 0.04 0.56   1   0   1   0   3   2   4   3   1
  1   4   3   0   0   1 0.04 0.20 0.04 1.00   0   0   0   1   3   3   1   2   4
  1   4   5   0   0   1 0.06 0.20 0.06 0.96   0   0   0   0   3   1   3   4   2
  1   4   4  -6   1   2 0.06 0.20 0.02 0.56   0   0   0   0   3   2   3   4   1
  1   4   1   0   0   1 0.06 0.22 0.06 0.96   0   0   1   0   3   2   4   3   1
  1   4   6  10   1   2 0.06 0.22 0.02 0.58   0   0   0   0   3   3   4   2   1
  1   4   1   0   0   1 0.08 0.22 0.02 0.98   0   0   0   1   3   4   3   1   2
  1   4   4 -10   1   2 0.08 0.22 0.04 0.58   0   0   0   0   3   1   3   4   2
  1   4   3  10   1   1 0.08 0.24 0.02 0.94   0   0   0   0   3   3   2   1   4
  1   4   5   0   0   1 0.10 0.24 0.04 0.94   1   0   0   1   3   4   2   1   3
  1   4   5  -4   1   1 0.06 0.26 0.04 0.90   0   0   0   0   3   1   3   2   4
  1   4   4   0   0   2 0.08 0.24 0.04 0.60   0   1   0   0   4   2   4   3   1
  1   4   1  -6   1   1 0.06 0.26 0.06 0.90   0   0   0   0   4   1   3   2   4
  1   4   4 -10   1   2 0.10 0.20 0.06 0.60   0   0   0   0   4   3   2   4   1
  1   4   2   0   0   2 0.10 0.20 0.06 0.62   0   0   1   0   4   3   1   4   2
  1   4   3   0   0   1 0.08 0.28 0.06 0.92   0   1   0   0   4   1   3   2   4
  1   4   5  -4   1   1 0.08 0.24 0.08 0.92   0   0   0   0   4   4   3   2   1
  1   4   1   0   0   1 0.10 0.24 0.08 0.94   1   1   0   0   4   4   3   1   2
  1   4   1   0   0   1 0.06 0.20 0.10 0.94   0   1   0   0   4   2   1   3   4
  1   4   5  -5   1   1 0.06 0.16 0.10 0.96   0   0   0   0   4   1   4   2   3
  1   4   4   0   0   2 0.12 0.22 0.02 0.62   1   1   0   1   5   4   3   1   2
  1   4   2  -2   1   2 0.08 0.18 0.02 0.58   0   0   0   0   5   2   1   3   4
  1   4   3  10   1   1 0.08 0.16 0.12 0.96   0   0   0   0   5   4   3   1   2
  1   4   1   0   0   1 0.08 0.18 0.12 0.98   0   1   1   0   5   2   3   1   4
  1   4   1  -7   1   1 0.10 0.14 0.08 0.98   0   0   0   0   5   3   4   2   1
  1   4   4 -10   1   2 0.08 0.18 0.04 0.58   0   0   0   0   6   3   2   1   4
  1   4   1   0   0   1 0.10 0.14 0.08 1.00   0   0   1   0   6   3   1   4   2
  1   4   1   0   0   1 0.12 0.16 0.04 1.00   1   0   0   0   7   4   1   3   2
  1   4   1  -8   1   1 0.08 0.16 0.04 1.00   0   0   0   0   8   2   4   1   3
  1   5   4  -9   1   2 0.10 0.20 0.04 0.60   0   0   0   0   1   1   3   4   2
  0   5   9  10   1   1 0.00 0.00 0.00 0.00   0   0   0   0   1   3   2   1   4
  1   5   3  10   1   1 0.08 0.18 0.06 1.00   0   0   0   0   1   1   2   4   3
  1   5   1  -6   1   1 0.10 0.18 0.06 1.00   0   0   0   0   1   2   1   3   4
  1   5   4  -7   1   2 0.10 0.20 0.06 0.60   0   0   0   0   1   2   4   1   3
  0   5   1  -9   1   1 0.00 0.00 0.00 0.00   0   0   0   0   1   3   4   1   2
  0   5   4  10   1   1 0.00 0.00 0.00 0.00   0   0   0   0   1   4   2   1   3
  0   5   6 -10   1   1 0.00 0.00 0.00 0.00   0   0   0   0   1   2   1   4   3
  1   5   1  -4   1   1 0.10 0.20 0.08 1.00   0   0   0   0   1   2   1   3   4
  1   5   5   0   0   1 0.12 0.20 0.08 1.00   1   1   1   0   1   3   4   2   1
  1   5   1  -2   1   1 0.08 0.16 0.04 1.00   0   0   0   0   1   4   1   3   2
  1   5   2   0   0   2 0.12 0.22 0.06 0.62   1   0   0   0   1   3   1   2   4
  1   5   6   0   0   2 0.08 0.22 0.08 0.62   1   0   1   1   1   1   3   2   4
  1   5   4   0   0   2 0.04 0.24 0.04 0.58   0   1   0   0   1   1   3   4   2
  1   5   1  -5   1   1 0.08 0.16 0.04 1.00   0   0   0   0   1   2   1   4   3
  1   5   3  10   1   1 0.10 0.18 0.06 1.00   0   0   0   0   1   1   3   2   4
  1   5   2   3   1   2 0.04 0.20 0.04 0.58   0   0   0   0   1   3   2   1   4
  1   5   2   3   1   2 0.06 0.20 0.06 0.60   0   0   0   0   1   2   4   1   3
  1   5   6  10   1   2 0.06 0.22 0.06 0.60   0   0   0   0   1   2   1   4   3
  1   5   4 -10   1   2 0.08 0.22 0.08 0.62   0   0   0   0   1   2   3   1   4
  1   5   1   0   0   1 0.10 0.18 0.06 1.00   0   0   0   1   1   4   1   3   2
  1   5   2   0   0   2 0.08 0.24 0.08 0.62   0   0   1   0   1   1   3   2   4
  0   5   7 -10   1   1 0.00 0.00 0.00 0.00   0   0   0   0   1   1   3   2   4
  1   5   1   0   0   1 0.12 0.20 0.08 0.96   1   0   0   0   1   1   3   4   2
  0   5   5  10   1   1 0.00 0.00 0.00 0.00   0   0   0   0   1   1   3   2   4
  1   5   3   0   0   1 0.08 0.20 0.08 0.96   0   0   0   1   1   3   1   4   2
  1   5   6   0   0   2 0.10 0.24 0.04 0.64   0   1   0   0   1   2   3   1   4
  1   5   2   4   1   2 0.10 0.20 0.04 0.64   0   0   0   0   1   1   3   4   2
  1   5   5   0   0   1 0.08 0.22 0.10 0.92   0   1   1   0   1   4   2   1   3
  1   5   2   6   1   2 0.12 0.20 0.06 0.66   0   0   0   0   1   1   2   3   4
  0   5   8  -7   1   1 0.00 0.00 0.00 0.00   0   0   0   0   1   3   2   4   1
  0   5  10  10   1   1 0.00 0.00 0.00 0.00   0   0   0   0   1   2   4   1   3
  1   5   6  10   1   2 0.12 0.22 0.06 0.66   0   0   0   0   1   2   3   4   1
  1   5   5  -4   1   1 0.10 0.18 0.06 0.92   0   0   0   0   1   1   2   3   4
  1   5   4   0   0   2 0.14 0.22 0.08 0.68   1   1   1   0   1   2   4   3   1
  1   5   5   0   0   1 0.10 0.18 0.06 0.94   0   0   1   1   1   3   2   1   4
  0   5   3  -3   1   1 0.00 0.00 0.00 0.00   0   0   0   0   1   3   4   2   1
  1   5   4 -10   1   2 0.10 0.18 0.04 0.68   0   0   0   0   1   1   3   2   4
  1   5   5  -6   1   1 0.12 0.20 0.02 0.90   0   0   0   0   1   1   2   4   3
  1   5   3   0   0   1 0.12 0.20 0.02 0.90   1   0   0   0   1   4   1   3   2
  1   5   6   0   0   2 0.10 0.18 0.04 0.70   0   0   0   1   1   4   2   1   3
  1   5   5   0   0   1 0.08 0.22 0.04 0.92   0   1   0   1   1   4   1   2   3
  1   5   3  10   1   1 0.08 0.18 0.04 0.88   0   0   0   0   1   2   3   1   4
  1   5   6   0   0   2 0.12 0.20 0.06 0.66   1   1   0   0   1   2   3   1   4
  1   5   3   0   0   1 0.10 0.18 0.06 0.88   0   0   0   1   1   1   3   4   2
  0   5   2 -10   1   1 0.00 0.00 0.00 0.00   0   0   0   0   1   3   4   1   2
  1   5   5   0   0   1 0.10 0.20 0.06 0.84   1   0   0   0   2   3   2   4   1
  1   5   2   3   1   2 0.08 0.16 0.06 0.66   0   0   0   0   2   2   4   3   1
  1   5   6   0   0   2 0.08 0.16 0.08 0.68   0   1   1   0   2   3   1   2   4
  1   5   4   0   0   2 0.10 0.12 0.04 0.68   1   0   0   0   2   1   4   2   3
  1   5   1   0   0   1 0.06 0.20 0.08 0.84   0   0   1   0   2   2   3   4   1
  1   5   2   4   1   2 0.06 0.12 0.04 0.70   0   0   0   0   2   3   2   1   4
  1   5   1  -4   1   1 0.06 0.22 0.04 0.86   0   0   0   0   2   2   1   4   3
  1   5   3  10   1   1 0.08 0.22 0.04 0.86   0   0   0   0   2   3   1   2   4
  1   5   6   0   0   2 0.06 0.14 0.06 0.70   0   0   0   1   2   3   4   2   1
  1   5   5   0   0   1 0.08 0.24 0.06 0.88   1   1   0   0   2   1   4   2   3
  1   5   4 -10   1   2 0.08 0.14 0.06 0.66   0   0   0   0   2   1   2   4   3
  1   5   5  -5   1   1 0.04 0.20 0.06 0.88   0   0   0   0   2   1   2   4   3
  1   5   3  10   1   1 0.04 0.20 0.08 0.90   0   0   0   0   2   1   4   3   2
  1   5   6   0   0   2 0.08 0.16 0.08 0.66   0   0   0   1   2   2   1   4   3
  1   5   5   0   0   1 0.06 0.22 0.08 0.90   0   1   1   0   2   2   3   4   1
  1   5   6  10   1   2 0.10 0.16 0.08 0.62   0   0   0   0   2   4   3   1   2
  1   5   3  10   1   1 0.06 0.18 0.04 0.92   0   0   0   0   2   2   3   1   4
  1   5   5  -6   1   1 0.08 0.18 0.04 0.92   0   0   0   0   3   4   2   3   1
  1   5   6  10   1   2 0.10 0.18 0.10 0.62   0   0   0   0   3   2   1   3   4
  1   5   4 -10   1   2 0.12 0.18 0.10 0.64   0   0   0   0   3   2   4   3   1
  1   5   1  -7   1   1 0.08 0.20 0.06 0.94   0   0   0   0   3   4   2   1   3
  1   5   6   0   0   2 0.12 0.20 0.12 0.64   0   0   1   1   3   1   2   3   4
  1   5   5  -4   1   1 0.10 0.20 0.06 0.94   0   0   0   0   3   3   4   1   2
  1   5   6   0   0   2 0.14 0.20 0.08 0.60   1   0   0   0   3   3   1   2   4
  1   5   5   0   0   1 0.10 0.22 0.08 0.96   1   0   1   0   3   1   4   2   3
  1   5   6   0   0   2 0.10 0.22 0.08 0.60   1   1   1   0   4   1   4   3   2
  1   5   6   0   0   2 0.06 0.18 0.04 0.62   0   1   1   0   4   3   2   1   4
  1   5   5   0   0   1 0.06 0.22 0.04 0.96   0   0   0   0   4   3   2   4   1
  1   5   6  10   1   2 0.06 0.14 0.02 0.62   0   0   0   0   5   3   2   4   1
  1   5   6  10   1   2 0.08 0.14 0.02 0.64   0   0   0   0   5   2   1   4   3
  1   5   5  -6   1   1 0.06 0.24 0.04 0.98   0   0   0   0   5   1   3   2   4
  1   1   4 -10   1   2 0.08 0.16 0.04 0.64   0   0   0   0   1   3   2   1   4
  1   1   5   0   0   1 0.08 0.24 0.06 0.98   0   1   0   1   1   4   2   1   3
  1   1   5   0   0   1 0.08 0.20 0.06 0.94   0   1   0   1   1   3   1   4   2
  1   1   5   0   0   1 0.10 0.16 0.08 0.90   0   1   0   0   1   3   2   1   4
  1   1   1   0   0   1 0.10 0.12 0.08 0.90   0   0   0   1   1   2   3   1   4
  0   1   7 -10   1   1 0.00 0.00 0.00 0.00   0   0   0   0   1   2   4   1   3
  1   1   2   0   0   2 0.10 0.16 0.04 0.66   0   1   0   1   1   4   1   3   2
  1   1   2   0   0   2 0.10 0.12 0.06 0.62   0   0   0   1   1   4   2   3   1
  1   1   3   0   0   1 0.12 0.12 0.10 0.86   0   0   1   0   1   3   2   4   1
  1   1   4   0   0   2 0.12 0.12 0.06 0.58   0   0   0   1   1   2   3   4   1
  0   1   1 -10   1   1 0.00 0.00 0.00 0.00   0   0   0   0   1   2   4   1   3
  1   1   4   0   0   2 0.12 0.14 0.08 0.54   1   1   1   0   1   2   1   3   4
  1   1   5   0   0   1 0.12 0.14 0.06 0.86   0   0   0   1   1   2   3   4   1
  1   1   1   0   0   1 0.14 0.14 0.06 0.82   1   1   0   0   1   2   4   1   3
  0   1   5  10   1   1 0.00 0.00 0.00 0.00   0   0   0   0   1   4   2   1   3
  1   1   5  -5   1   1 0.10 0.10 0.08 0.82   0   0   0   0   1   1   3   2   4
  1   1   2  -2   1   2 0.08 0.10 0.04 0.54   0   0   0   0   1   3   4   1   2
  1   1   4   0   0   2 0.08 0.10 0.04 0.56   0   1   0   0   1   3   1   4   2
  1   1   6   0   0   2 0.10 0.06 0.06 0.56   0   0   0   1   1   3   2   4   1
  1   1   6  10   1   2 0.10 0.06 0.06 0.52   0   0   0   0   1   2   3   1   4
  1   1   1  -7   1   1 0.10 0.10 0.08 0.84   0   0   0   0   1   3   2   4   1
  1   1   3   0   0   1 0.12 0.12 0.10 0.84   1   0   1   0   1   1   2   4   3
  1   1   6   0   0   2 0.12 0.08 0.08 0.52   0   0   1   1   1   1   4   2   3
  1   1   1   0   0   1 0.08 0.12 0.06 0.86   0   0   1   0   1   4   1   2   3
  1   1   3   0   0   1 0.08 0.14 0.02 0.86   0   1   0   1   1   2   1   3   4
  0   1   2  -9   1   1 0.00 0.00 0.00 0.00   0   0   0   0   1   1   4   2   3
  1   1   6   0   0   2 0.12 0.08 0.04 0.48   1   0   0   0   1   4   2   1   3
  1   1   3   0   0   1 0.10 0.10 0.02 0.82   1   0   0   1   1   4   2   3   1
  1   1   2   0   0   2 0.08 0.10 0.04 0.48   0   1   0   0   1   3   4   2   1
  1   1   1   0   0   1 0.06 0.10 0.04 0.78   0   1   1   0   1   2   1   4   3
  1   1   1   0   0   1 0.06 0.06 0.02 0.78   0   0   0   1   1   4   2   1   3
  0   1   9  10   1   1 0.00 0.00 0.00 0.00   0   0   0   0   1   4   3   1   2
  1   1   6  10   1   2 0.08 0.06 0.06 0.50   0   0   0   0   1   4   2   3   1
  0   1  10  10   1   1 0.00 0.00 0.00 0.00   0   0   0   0   1   4   1   3   2
  0   1   6 -10   1   1 0.00 0.00 0.00 0.00   0   0   0   0   1   3   1   4   2
  1   1   5  -4   1   1 0.08 0.06 0.02 0.74   0   0   0   0   1   2   1   3   4
  1   1   4  -6   1   2 0.10 0.06 0.06 0.50   0   0   0   0   1   3   2   1   4
  1   1   3   5   1   1 0.08 0.08 0.04 0.74   0   0   0   0   1   3   4   2   1
  1   1   3  10   1   1 0.10 0.08 0.04 0.76   0   0   0   0   1   3   2   1   4
  1   1   4   0   0   2 0.10 0.08 0.08 0.52   0   0   1   0   1   3   2   1   4
  0   1   4  10   1   1 0.00 0.00 0.00 0.00   0   0   0   0   1   4   2   1   3
  1   1   2  -6   1   2 0.12 0.08 0.04 0.52   0   0   0   0   1   1   4   2   3
  0   1   8   0   0   1 0.00 0.00 0.00 0.00   0   0   0   0   1   2   1   3   4
  1   1   2   0   0   2 0.12 0.10 0.04 0.54   0   1   0   0   1   2   3   4   1
  1   1   6  10   1   2 0.14 0.06 0.06 0.54   0   0   0   0   1   2   4   1   3
  0   1   3  -4   1   1 0.00 0.00 0.00 0.00   0   0   0   0   1   2   1   3   4
  1   1   5   0   0   1 0.10 0.10 0.06 0.76   1   0   1   0   2   4   1   2   3
  1   1   5  -4   1   1 0.06 0.10 0.02 0.78   0   0   0   0   2   4   1   2   3
  1   1   5  -5   1   1 0.06 0.12 0.02 0.78   0   0   0   0   2   2   1   4   3
  1   1   1  -4   1   1 0.08 0.12 0.04 0.80   0   0   0   0   2   1   3   2   4
  1   1   2   3   1   2 0.14 0.06 0.06 0.56   0   0   0   0   2   3   1   2   4
  1   1   2  -3   1   2 0.16 0.08 0.08 0.56   0   0   0   0   2   3   1   4   2
  1   1   3  10   1   1 0.08 0.14 0.04 0.80   0   0   0   0   2   4   2   3   1
  1   1   4   0   0   2 0.16 0.08 0.08 0.58   0   0   1   0   2   4   1   2   3
  1   1   4 -10   1   2 0.18 0.10 0.04 0.58   0   0   0   0   2   2   3   4   1
  1   1   5  -5   1   1 0.10 0.14 0.06 0.82   0   0   0   0   2   1   2   4   3
  1   1   1  -5   1   1 0.10 0.16 0.06 0.82   0   0   0   0   2   4   3   1   2
  1   1   4 -10   1   2 0.18 0.10 0.04 0.60   0   0   0   0   2   3   1   2   4
  1   1   6   0   0   2 0.20 0.12 0.06 0.60   1   0   0   0   2   2   3   4   1
  1   1   3   0   0   1 0.12 0.16 0.08 0.84   0   0   1   0   2   3   4   2   1
  1   1   6   0   0   2 0.16 0.12 0.06 0.62   1   0   0   0   2   1   4   2   3
  1   1   1  -8   1   1 0.12 0.18 0.04 0.84   0   0   0   0   2   1   3   4   2
  1   1   3   0   0   1 0.14 0.18 0.04 0.86   1   0   1   0   2   3   4   1   2
  1   1   6  10   1   2 0.12 0.14 0.08 0.62   0   0   0   0   2   4   3   2   1
  1   1   3  10   1   1 0.10 0.20 0.02 0.86   0   0   0   0   2   4   3   1   2
  1   1   2   0   0   2 0.12 0.14 0.08 0.64   0   0   1   0   2   2   1   3   4
  1   1   1   0   0   1 0.10 0.20 0.02 0.88   1   0   0   0   2   1   4   2   3
  1   1   1  -5   1   1 0.06 0.22 0.04 0.88   0   0   0   0   2   3   4   2   1
  1   1   4   0   0   2 0.14 0.16 0.04 0.64   1   0   0   0   2   3   1   4   2
  0   1   8  -5   1   1 0.00 0.00 0.00 0.00   0   0   0   0   2   1   2   4   3
  1   1   2  -2   1   2 0.10 0.16 0.04 0.66   0   0   0   0   2   1   3   4   2
  1   1   5   0   0   1 0.06 0.22 0.04 0.90   0   1   0   1   3   2   1   4   3
  1   1   4  -8   1   2 0.10 0.18 0.06 0.66   0   0   0   0   3   4   1   2   3
  1   1   6   9   1   2 0.12 0.18 0.06 0.68   0   0   0   0   3   2   3   1   4
  1   1   3   0   0   1 0.08 0.18 0.06 0.86   0   1   0   0   3   4   2   3   1
  1   1   6   0   0   2 0.12 0.20 0.08 0.68   0   0   1   0   3   4   1   2   3
  1   1   3   0   0   1 0.08 0.14 0.06 0.86   0   0   1   0   3   4   1   2   3
  1   1   2   0   0   2 0.14 0.20 0.04 0.70   1   1   0   0   3   4   2   1   3
  1   1   1   0   0   1 0.10 0.14 0.02 0.88   1   1   0   0   3   2   3   1   4
  1   1   4   0   0   2 0.10 0.16 0.04 0.70   1   0   0   0   3   1   2   4   3
  1   1   5   0   0   1 0.06 0.10 0.02 0.88   0   0   0   1   4   3   2   4   1
  1   1   3  10   1   1 0.06 0.10 0.04 0.84   0   0   0   0   4   1   3   2   4
  1   1   6  10   1   2 0.06 0.16 0.06 0.72   0   0   0   0   4   2   4   1   3
  1   1   3  10   1   1 0.08 0.12 0.04 0.84   0   0   0   0   4   4   1   2   3
  1   1   2   0   0   2 0.06 0.18 0.06 0.72   0   1   0   0   4   3   1   4   2
  1   1   1   0   0   1 0.08 0.12 0.06 0.86   0   1   1   1   4   4   2   3   1
  1   1   4   0   0   2 0.08 0.14 0.08 0.74   1   1   1   0   4   1   2   3   4
  1   1   5   0   0   1 0.10 0.08 0.02 0.82   1   0   1   0   5   4   1   2   3
  1   1   2  -4   1   2 0.04 0.10 0.04 0.74   0   0   0   0   5   3   1   2   4
  1   1   1  -3   1   1 0.06 0.08 0.02 0.82   0   0   0   0   5   1   4   3   2
  1   1   4   0   0   2 0.04 0.10 0.04 0.76   0   0   1   0   5   2   4   1   3
  1   1   5   0   0   1 0.06 0.10 0.02 0.84   1   0   1   0   6   1   2   3   4
  1   1   4  -8   1   2 0.06 0.12 0.02 0.76   0   0   0   0   6   1   3   2   4
  1   1   5  -4   1   1 0.02 0.10 0.02 0.84   0   0   0   0   7   3   2   4   1
  1   2   3  10   1   1 0.02 0.12 0.02 0.86   0   0   0   0   1   4   3   1   2
  1   2   5  -5   1   1 0.04 0.12 0.04 0.86   0   0   0   0   1   3   4   2   1
  1   2   4 -10   1   2 0.06 0.12 0.02 0.78   0   0   0   0   1   2   1   4   3
  1   2   1  -8   1   1 0.04 0.14 0.04 0.88   0   0   0   0   1   4   3   1   2
  0   2   9  10   1   1 0.00 0.00 0.00 0.00   0   0   0   0   1   4   1   3   2
  1   2   6  10   1   2 0.08 0.14 0.04 0.78   0   0   0   0   1   4   1   3   2
  1   2   6  10   1   2 0.08 0.14 0.04 0.80   0   0   0   0   1   1   4   3   2
  0   2   1 -10   1   1 0.00 0.00 0.00 0.00   0   0   0   0   1   4   2   1   3
  1   2   6   0   0   2 0.10 0.16 0.06 0.80   1   0   0   0   1   3   2   1   4
  1   2   5  -4   1   1 0.06 0.14 0.06 0.88   0   0   0   0   1   3   2   1   4
  1   2   3  10   1   1 0.06 0.16 0.06 0.90   0   0   0   0   1   4   3   1   2
  1   2   4   0   0   2 0.06 0.16 0.06 0.82   0   0   0   1   1   3   1   4   2
  1   2   5  -4   1   1 0.08 0.16 0.08 0.90   0   0   0   0   1   2   3   4   1
  0   2  10  10   1   1 0.00 0.00 0.00 0.00   0   0   0   0   1   2   4   3   1
  0   2   3  -5   1   1 0.00 0.00 0.00 0.00   0   0   0   0   1   3   1   4   2
  1   2   4   0   0   2 0.06 0.18 0.08 0.78   0   0   1   0   1   4   3   2   1
  1   2   1   0   0   1 0.08 0.18 0.08 0.92   0   1   0   1   1   1   2   4   3
  1   2   5  -4   1   1 0.10 0.14 0.10 0.88   0   0   0   0   1   4   3   1   2
  1   2   2   0   0   2 0.08 0.18 0.04 0.78   0   1   0   0   1   3   1   2   4
  1   2   1   0   0   1 0.10 0.14 0.10 0.88   1   0   1   0   1   4   1   2   3
  1   2   3   0   0   1 0.06 0.16 0.06 0.90   1   0   1   1   1   3   2   1   4
  1   2   2  -3   1   2 0.08 0.14 0.04 0.80   0   0   0   0   1   3   4   2   1
  0   2   8  -4   1   1 0.00 0.00 0.00 0.00   0   0   0   0   1   1   2   3   4
  1   2   6   9   1   2 0.10 0.14 0.06 0.80   0   0   0   0   1   1   2   3   4
  1   2   1  -7   1   1 0.02 0.16 0.02 0.86   0   0   0   0   1   1   3   4   2
  1   2   3   0   0   1 0.02 0.18 0.02 0.86   0   1   0   0   1   4   1   2   3
  1   2   4   0   0   2 0.10 0.16 0.06 0.82   0   1   0   0   1   3   4   2   1
  1   2   4   0   0   2 0.12 0.12 0.08 0.82   1   0   0   0   1   3   1   2   4
  1   2   5   0   0   1 0.04 0.14 0.04 0.88   0   1   0   0   1   2   1   4   3
  0   2   2 -10   1   1 0.00 0.00 0.00 0.00   0   0   0   0   1   1   3   2   4
  1   2   1 -10   1   1 0.04 0.10 0.04 0.88   0   0   0   0   1   2   1   4   3
  0   2   6 -10   1   1 0.00 0.00 0.00 0.00   0   0   0   0   1   3   4   1   2
  1   2   2   2   1   2 0.08 0.12 0.08 0.84   0   0   0   0   1   1   2   4   3
  0   2   7  -8   1   1 0.00 0.00 0.00 0.00   0   0   0   0   1   4   3   2   1
  0   2   4  10   1   1 0.00 0.00 0.00 0.00   0   0   0   0   1   3   1   2   4
  1   2   3  10   1   1 0.06 0.10 0.06 0.90   0   0   0   0   1   2   4   3   1
  1   2   2   0   0   2 0.08 0.14 0.10 0.84   0   0   1   0   1   1   4   3   2
  1   2   2   0   0   2 0.10 0.14 0.06 0.86   1   0   0   0   1   3   4   2   1
  1   2   4  -8   1   2 0.06 0.16 0.06 0.86   0   0   0   0   1   2   1   3   4
  1   2   6   0   0   2 0.06 0.16 0.08 0.88   0   0   1   0   1   2   1   3   4
  1   2   1   0   0   1 0.06 0.12 0.06 0.90   0   0   0   1   1   3   2   1   4
  1   2   3   0   0   1 0.08 0.12 0.08 0.86   0   0   1   0   1   2   1   3   4
  1   2   2   0   0   2 0.08 0.18 0.04 0.88   0   1   0   1   1   4   1   2   3
  0   2   5  10   1   1 0.00 0.00 0.00 0.00   0   0   0   0   1   1   3   2   4
  1   2   6   0   0   2 0.08 0.14 0.04 0.84   0   0   0   1   1   4   3   1   2
  1   2   5  -4   1   1 0.08 0.14 0.04 0.86   0   0   0   0   1   3   4   1   2
  1   2   6   0   0   2 0.10 0.14 0.06 0.80   1   0   0   0   2   4   2   3   1
  1   2   4   0   0   2 0.06 0.16 0.06 0.80   0   1   0   1   2   4   2   1   3
  1   2   4   0   0   2 0.06 0.12 0.08 0.76   0   0   1   0   2   2   3   4   1
  1   2   1  -4   1   1 0.10 0.14 0.04 0.88   0   0   0   0   2   1   3   4   2
  1   2   2  -3   1   2 0.08 0.12 0.04 0.76   0   0   0   0   2   4   1   3   2
  1   2   1  -7   1   1 0.10 0.16 0.06 0.88   0   0   0   0   2   4   1   3   2
  1   2   3   0   0   1 0.12 0.16 0.06 0.90   1   0   0   0   2   3   2   4   1
  1   2   3   0   0   1 0.08 0.18 0.08 0.90   0   1   0   0   2   1   2   4   3
  1   2   4   0   0   2 0.08 0.14 0.04 0.78   0   1   0   0   2   1   4   2   3
  1   2   4  -4   1   2 0.10 0.10 0.06 0.78   0   0   0   0   2   3   2   1   4
  1   2   5   0   0   1 0.08 0.14 0.08 0.92   0   0   1   0   2   2   3   1   4
  1   2   2   0   0   2 0.10 0.10 0.06 0.80   0   0   0   1   2   4   3   1   2
  1   2   2   0   0   2 0.12 0.12 0.08 0.76   1   1   0   0   2   1   3   4   2
  1   2   6   9   1   2 0.08 0.08 0.08 0.76   0   0   0   0   2   2   3   1   4
  1   2   1   0   0   1 0.10 0.14 0.04 0.92   1   0   0   0   2   3   4   1   2
  1   2   3   0   0   1 0.06 0.16 0.04 0.94   0   1   0   0   2   1   4   3   2
  1   2   2  -3   1   2 0.08 0.08 0.10 0.78   0   0   0   0   2   1   4   3   2
  1   2   6   0   0   2 0.10 0.10 0.10 0.78   0   0   1   0   2   2   1   3   4
  1   2   6   0   0   2 0.10 0.10 0.06 0.80   0   0   0   1   3   2   3   1   4
  1   2   4   0   0   2 0.12 0.12 0.06 0.76   1   0   0   1   3   1   4   3   2
  1   2   4   0   0   2 0.08 0.12 0.08 0.72   0   0   0   1   3   1   4   2   3
  1   2   3   0   0   1 0.06 0.12 0.06 0.94   0   1   0   0   3   1   4   2   3
  1   2   3   0   0   1 0.08 0.08 0.06 0.96   0   0   0   1   3   4   1   2   3
  1   2   4   0   0   2 0.08 0.14 0.08 0.68   0   1   0   1   3   4   3   1   2
  1   2   5  -4   1   1 0.08 0.08 0.08 0.92   0   0   0   0   3   4   3   1   2
  1   2   2   0   0   2 0.10 0.10 0.10 0.64   1   0   1   0   3   4   3   2   1
  1   2   2  -4   1   2 0.06 0.10 0.06 0.64   0   0   0   0   3   1   3   2   4
  1   2   1   0   0   1 0.10 0.10 0.08 0.92   0   0   0   1   3   4   3   1   2
  1   2   3  10   1   1 0.10 0.10 0.10 0.88   0   0   0   0   3   3   4   1   2
  1   2   6  10   1   2 0.06 0.12 0.06 0.66   0   0   0   0   3   4   1   3   2
  1   2   6  10   1   2 0.08 0.12 0.08 0.66   0   0   0   0   4   4   3   2   1
  1   2   4 -10   1   2 0.08 0.14 0.08 0.68   0   0   0   0   4   3   1   2   4
  1   2   4  -7   1   2 0.10 0.14 0.10 0.68   0   0   0   0   4   2   4   3   1
  1   2   3   0   0   1 0.12 0.12 0.10 0.88   0   0   1   0   4   3   1   4   2
  1   2   3  10   1   1 0.12 0.12 0.06 0.90   0   0   0   0   4   4   3   1   2
  1   2   4   0   0   2 0.10 0.16 0.10 0.70   0   0   0   1   4   3   4   1   2
  1   2   2   0   0   2 0.12 0.16 0.12 0.66   0   1   1   0   4   2   3   1   4
  1   2   1   0   0   1 0.14 0.14 0.06 0.90   1   0   0   0   4   4   3   1   2
  1   2   3   0   0   1 0.10 0.14 0.08 0.92   1   1   0   0   5   2   4   3   1
  1   2   4   0   0   2 0.12 0.12 0.08 0.66   1   0   0   0   5   4   3   1   2
  1   2   2   0   0   2 0.08 0.12 0.08 0.68   0   0   0   1   5   4   1   2   3
  1   2   1  -7   1   1 0.06 0.10 0.08 0.92   0   0   0   0   5   2   1   4   3
  1   2   3   0   0   1 0.06 0.10 0.10 0.94   0   0   1   0   6   1   4   2   3
  1   2   4   0   0   2 0.08 0.14 0.10 0.64   0   1   1   0   6   4   1   2   3
  1   2   2   0   0   2 0.10 0.10 0.06 0.64   0   0   0   1   6   4   2   3   1
  1   2   3  10   1   1 0.08 0.12 0.06 0.94   0   0   0   0   7   3   1   4   2
  1   2   4 -10   1   2 0.10 0.10 0.06 0.60   0   0   0   0   7   4   2   1   3
  1   2   2   0   0   2 0.12 0.12 0.08 0.60   1   0   0   0   7   1   2   3   4
  1   2   2   0   0   2 0.08 0.12 0.08 0.62   0   1   1   0   8   2   4   3   1
  1   2   2   0   0   2 0.08 0.08 0.04 0.62   0   0   0   1   9   1   3   4   2
  1   2   2  -3   1   2 0.10 0.08 0.04 0.58   0   0   0   0  10   3   1   4   2
  0   3   4   9   1   1 0.00 0.00 0.00 0.00   0   0   0   0   1   1   4   2   3
  0   3  10  10   1   1 0.00 0.00 0.00 0.00   0   0   0   0   1   2   4   1   3
  1   3   6   9   1   2 0.10 0.10 0.06 0.58   0   0   0   0   1   3   2   1   4
  0   3   7  -9   1   1 0.00 0.00 0.00 0.00   0   0   0   0   1   4   3   1   2
  0   3   8  -4   1   1 0.00 0.00 0.00 0.00   0   0   0   0   1   4   1   3   2
  1   3   1  -5   1   1 0.08 0.12 0.06 0.96   0   0   0   0   1   1   3   2   4
  1   3   4  -7   1   2 0.12 0.10 0.06 0.60   0   0   0   0   1   3   1   4   2
  1   3   5   0   0   1 0.10 0.14 0.08 0.96   0   0   1   0   1   2   4   1   3
  1   3   5   0   0   1 0.10 0.14 0.04 0.98   0   0   0   1   1   2   3   4   1
  1   3   1   0   0   1 0.12 0.16 0.04 0.94   0   0   0   1   1   1   4   2   3
  1   3   3   0   0   1 0.12 0.16 0.06 0.90   1   0   0   0   1   1   3   4   2
  1   3   4   0   0   2 0.12 0.12 0.08 0.60   1   0   1   0   1   4   3   2   1
  1   3   6   9   1   2 0.08 0.12 0.04 0.62   0   0   0   0   1   4   2   1   3
  1   3   2   3   1   2 0.08 0.14 0.04 0.62   0   0   0   0   1   4   1   3   2
  1   3   5  -4   1   1 0.08 0.18 0.06 0.90   0   0   0   0   1   4   1   3   2
  1   3   5  -4   1   1 0.08 0.18 0.08 0.92   0   0   0   0   1   1   3   2   4
  1   3   3   0   0   1 0.10 0.20 0.08 0.92   0   1   0   1   1   4   2   1   3
  1   3   1   0   0   1 0.10 0.16 0.10 0.88   1   0   0   0   1   1   2   4   3
  1   3   1   0   0   1 0.06 0.16 0.10 0.88   0   0   1   0   1   3   1   4   2
  1   3   4   0   0   2 0.10 0.14 0.06 0.64   0   1   0   1   1   2   4   1   3
  0   3   6 -10   1   1 0.00 0.00 0.00 0.00   0   0   0   0   1   3   1   4   2
  1   3   6  10   1   2 0.10 0.10 0.06 0.60   0   0   0   0   1   3   2   4   1
  1   3   4   0   0   2 0.12 0.10 0.08 0.60   0   0   0   1   1   1   4   2   3
  1   3   3  10   1   1 0.06 0.18 0.06 0.90   0   0   0   0   1   4   1   2   3
  0   3   5  10   1   1 0.00 0.00 0.00 0.00   0   0   0   0   1   2   4   1   3
  1   3   2  -4   1   2 0.12 0.12 0.08 0.56   0   0   0   0   1   2   3   4   1
  1   3   2   0   0   2 0.14 0.12 0.10 0.56   0   0   1   0   1   3   4   1   2
  1   3   6   0   0   2 0.14 0.14 0.06 0.58   0   0   0   1   1   4   3   1   2
  1   3   5   0   0   1 0.08 0.18 0.06 0.90   0   1   0   0   1   3   4   2   1
  1   3   4   0   0   2 0.16 0.14 0.06 0.54   1   0   0   0   1   3   1   2   4
  0   3   1 -10   1   1 0.00 0.00 0.00 0.00   0   0   0   0   1   2   3   1   4
  1   3   1  -6   1   1 0.08 0.14 0.08 0.92   0   0   0   0   1   3   2   4   1
  1   3   2   0   0   2 0.12 0.16 0.08 0.54   1   0   0   0   1   4   2   3   1
  1   3   3   0   0   1 0.10 0.14 0.08 0.92   0   1   0   1   1   4   3   1   2
  1   3   3   0   0   1 0.10 0.10 0.10 0.88   0   0   1   0   1   4   3   1   2
  0   3   9  10   1   1 0.00 0.00 0.00 0.00   0   0   0   0   1   4   3   2   1
  1   3   6   0   0   2 0.08 0.16 0.08 0.56   1   0   0   0   1   3   4   1   2
  1   3   2   0   0   2 0.04 0.18 0.10 0.56   0   0   1   0   1   1   4   2   3
  1   3   5   0   0   1 0.12 0.10 0.06 0.88   1   0   0   0   1   4   1   3   2
  1   3   3  10   1   1 0.08 0.12 0.06 0.90   0   0   0   0   1   4   1   3   2
  1   3   2   0   0   2 0.04 0.18 0.06 0.58   0   1   0   0   1   2   3   1   4
  0   3   3  -3   1   1 0.00 0.00 0.00 0.00   0   0   0   0   1   4   1   2   3
  0   3   2 -10   1   1 0.00 0.00 0.00 0.00   0   0   0   0   1   2   1   4   3
  1   3   4   0   0   2 0.06 0.14 0.06 0.58   0   0   0   1   1   3   4   1   2
  1   3   1   0   0   1 0.08 0.12 0.08 0.90   1   0   0   0   1   3   2   1   4
  1   3   6   9   1   2 0.06 0.14 0.08 0.54   0   0   0   0   1   2   1   3   4
  1   3   5  -4   1   1 0.04 0.14 0.08 0.92   0   0   0   0   2   3   1   2   4
  1   3   5   0   0   1 0.04 0.14 0.10 0.92   0   0   1   1   2   1   4   3   2
  1   3   1  -6   1   1 0.06 0.16 0.06 0.88   0   0   0   0   2   1   3   2   4
  1   3   3   0   0   1 0.06 0.16 0.06 0.88   0   1   0   0   2   1   4   2   3
  1   3   4   0   0   2 0.08 0.16 0.08 0.54   0   1   1   0   2   3   1   2   4
  1   3   3   0   0   1 0.08 0.12 0.08 0.90   0   0   1   0   2   2   4   1   3
  1   3   1   0   0   1 0.08 0.12 0.04 0.90   0   1   0   0   2   4   2   3   1
  1   3   1   0   0   1 0.10 0.08 0.04 0.92   1   0   0   0   2   1   3   2   4
  1   3   4   0   0   2 0.08 0.12 0.04 0.56   1   0   0   1   2   1   4   2   3
  1   3   4 -10   1   2 0.04 0.12 0.04 0.52   0   0   0   0   2   4   1   2   3
  1   3   2   0   0   2 0.04 0.14 0.06 0.52   0   0   0   1   2   4   1   2   3
  1   3   6   0   0   2 0.06 0.14 0.06 0.48   0   1   0   0   2   1   2   3   4
  1   3   5  -4   1   1 0.06 0.08 0.06 0.92   0   0   0   0   2   1   4   3   2
  1   3   4   0   0   2 0.06 0.10 0.08 0.48   0   0   1   1   2   4   2   1   3
  1   3   2  -5   1   2 0.08 0.10 0.04 0.44   0   0   0   0   2   2   3   1   4
  1   3   3   0   0   1 0.06 0.10 0.06 0.94   0   0   0   1   2   3   4   1   2
  1   3   3   7   1   1 0.08 0.10 0.08 0.90   0   0   0   0   2   1   2   4   3
  1   3   6   0   0   2 0.08 0.12 0.04 0.44   0   0   0   1   2   4   3   2   1
  1   3   2   0   0   2 0.10 0.12 0.06 0.40   0   0   0   1   2   4   1   2   3
  1   3   5  -5   1   1 0.08 0.12 0.08 0.90   0   0   0   0   2   2   1   4   3
  1   3   2   0   0   2 0.10 0.14 0.06 0.36   1   1   0   0   2   2   4   1   3
  1   3   4   0   0   2 0.06 0.10 0.08 0.36   0   0   0   1   2   4   1   3   2
  1   3   1   0   0   1 0.10 0.12 0.10 0.92   0   0   1   0   2   3   4   1   2
  1   3   5  -4   1   1 0.10 0.14 0.06 0.92   0   0   0   0   3   1   4   2   3
  1   3   3   0   0   1 0.12 0.14 0.06 0.94   1   0   0   0   3   1   4   2   3
  1   3   4  -6   1   2 0.06 0.10 0.08 0.32   0   0   0   0   3   3   4   1   2
  1   3   3   0   0   1 0.08 0.16 0.08 0.94   0   1   0   0   3   3   4   2   1
  1   3   1  -5   1   1 0.08 0.12 0.08 0.96   0   0   0   0   3   3   4   2   1
  1   3   1   0   0   1 0.10 0.12 0.10 0.96   0   0   1   0   3   4   2   3   1
  1   3   4  -9   1   2 0.08 0.12 0.10 0.32   0   0   0   0   3   1   4   3   2
  1   3   2  -4   1   2 0.08 0.12 0.10 0.34   0   0   0   0   3   1   2   3   4
  1   3   6   9   1   2 0.10 0.14 0.12 0.34   0   0   0   0   3   1   4   2   3
  1   3   4  -9   1   2 0.10 0.14 0.12 0.36   0   0   0   0   3   4   2   3   1
  1   3   3  10   1   1 0.10 0.14 0.06 0.98   0   0   0   0   3   3   1   4   2
  1   3   6   0   0   2 0.12 0.16 0.14 0.36   0   0   1   0   3   4   3   1   2
  1   3   2   0   0   2 0.12 0.16 0.10 0.38   0   0   1   0   3   1   2   4   3
  1   3   2   0   0   2 0.14 0.18 0.06 0.38   1   0   0   0   3   1   3   2   4
  1   3   4  -9   1   2 0.10 0.18 0.06 0.40   0   0   0   0   3   1   3   2   4
  1   3   1  -5   1   1 0.12 0.14 0.06 0.98   0   0   0   0   3   1   3   2   4
  1   3   3   0   0   1 0.12 0.16 0.08 1.00   1   0   0   0   4   2   4   3   1
  1   3   3   0   0   1 0.08 0.16 0.08 1.00   0   0   1   1   4   4   3   1   2
  1   3   1  -4   1   1 0.08 0.18 0.04 0.96   0   0   0   0   4   3   1   2   4
  1   3   6   8   1   2 0.10 0.20 0.08 0.40   0   0   0   0   4   4   3   2   1
  1   3   2  -4   1   2 0.12 0.20 0.08 0.42   0   0   0   0   4   1   3   4   2
  1   3   2   0   0   2 0.12 0.22 0.10 0.42   1   0   1   0   4   3   1   2   4
  1   3   3   0   0   1 0.10 0.18 0.04 0.96   1   1   0   0   5   1   2   4   3
  1   3   3   0   0   1 0.06 0.14 0.06 0.98   1   1   0   0   5   1   2   4   3
  1   3   2   0   0   2 0.08 0.22 0.06 0.44   0   1   0   0   5   2   4   3   1
  1   3   3  10   1   1 0.02 0.10 0.06 0.98   0   0   0   0   6   1   4   3   2
  1   3   3   0   0   1 0.02 0.10 0.08 1.00   0   0   0   1   6   1   4   2   3
  1   3   2  -5   1   2 0.08 0.18 0.06 0.44   0   0   0   0   6   1   4   3   2
  1   3   3   9   1   1 0.04 0.12 0.08 0.96   0   0   0   0   7   3   2   1   4
