  1   1   3   0   0   1 0.50 0.50 0.50 0.50   1   1   1   0   1   4   3   1   2
  1   1   6   5   1   2 0.10 0.10 0.10 0.10   0   0   0   0   1   4   2   3   1
  0   1   6  -7   1   1 0.00 0.00 0.00 0.00   0   0   0   0   1   2   1   3   4
  1   1   4  -9   1   2 0.10 0.10 0.10 0.10   0   0   0   0   1   1   3   2   4
  1   1   1   0   0   1 0.46 0.46 0.46 0.50   1   1   0   0   1   3   1   2   4
  0   1   4   6   1   1 0.00 0.00 0.00 0.00   0   0   0   0   1   3   4   1   2
  0   1   5   8   1   1 0.00 0.00 0.00 0.00   0   0   0   0   1   4   2   3   1
  1   1   2  -3   1   2 0.12 0.12 0.12 0.12   0   0   0   0   1   1   4   3   2
  1   1   5   0   0   1 0.42 0.42 0.46 0.52   1   1   1   0   1   2   3   1   4
  0   1   3   6   1   1 0.00 0.00 0.00 0.00   0   0   0   0   1   1   4   2   3
  0   1   2   4   1   1 0.00 0.00 0.00 0.00   0   0   0   0   1   1   4   2   3
  1   1   1   0   0   1 0.38 0.38 0.42 0.52   1   1   1   0   1   3   1   2   4
  0   1   1  -5   1   1 0.00 0.00 0.00 0.00   0   0   0   0   1   2   1   3   4
  1   1   1   0   0   1 0.34 0.34 0.38 0.54   1   1   1   0   1   2   1   4   3
  1   1   4  -8   1   2 0.12 0.12 0.12 0.12   0   0   0   0   1   1   3   2   4
  0   1  10   8   1   1 0.00 0.00 0.00 0.00   0   0   0   0   1   1   4   2   3
  1   1   3   0   0   1 0.30 0.30 0.34 0.54   1   1   1   1   1   1   2   3   4
  1   1   5   0   0   1 0.26 0.26 0.30 0.50   0   1   0   0   1   2   3   4   1
  1   1   4   0   0   2 0.14 0.14 0.14 0.14   0   1   0   0   1   1   4   2   3
  0   1   8  -7   1   1 0.00 0.00 0.00 0.00   0   0   0   0   1   1   2   3   4
  1   1   5   0   0   1 0.26 0.22 0.30 0.50   1   1   1   1   1   1   3   2   4
  1   1   2  -4   1   2 0.14 0.10 0.14 0.14   0   0   0   0   1   1   2   3   4
  1   1   2  -1   1   2 0.16 0.10 0.16 0.16   0   0   0   0   1   3   2   1   4
  1   1   6   6   1   2 0.16 0.12 0.16 0.16   0   0   0   0   1   2   3   4   1
  1   1   5   0   0   1 0.22 0.18 0.26 0.46   1   1   0   1   1   3   4   2   1
  1   1   6   6   1   2 0.18 0.12 0.18 0.18   0   0   0   0   1   2   3   4   1
  1   1   3   0   0   1 0.18 0.14 0.26 0.42   1   0   0   1   1   4   2   1   3
  1   1   2   5   1   2 0.18 0.14 0.18 0.18   0   0   0   0   1   4   1   3   2
  1   1   1  -3   1   1 0.14 0.14 0.28 0.38   0   0   0   0   1   2   4   3   1
  1   1   1  -6   1   1 0.14 0.16 0.28 0.38   0   0   0   0   1   2   4   1   3
  1   1   1  -4   1   1 0.16 0.16 0.30 0.40   0   0   0   0   1   2   4   1   3
  1   1   6   0   0   2 0.20 0.14 0.20 0.20   1   1   0   1   1   1   3   2   4
  1   1   4  -8   1   2 0.16 0.10 0.20 0.16   0   0   0   0   1   3   2   4   1
  1   1   2   3   1   2 0.16 0.10 0.22 0.16   0   0   0   0   1   1   2   3   4
  1   1   3   0   0   1 0.16 0.18 0.30 0.40   0   1   0   0   1   1   2   4   3
  0   1   7 -10   1   1 0.00 0.00 0.00 0.00   0   0   0   0   1   2   1   3   4
  1   1   6   0   0   2 0.18 0.12 0.22 0.18   1   1   1   1   1   2   4   1   3
  1   1   2   4   1   2 0.14 0.08 0.18 0.14   0   0   0   0   1   4   1   2   3
  1   1   5  -4   1   1 0.18 0.14 0.32 0.42   0   0   0   0   1   4   3   1   2
  1   1   5   0   0   1 0.18 0.14 0.32 0.42   0   0   1   1   1   4   1   3   2
  0   1   9   8   1   1 0.00 0.00 0.00 0.00   0   0   0   0   1   1   4   2   3
  1   1   3   8   1   1 0.20 0.16 0.28 0.38   0   0   0   0   1   1   2   3   4
  1   1   3   0   0   1 0.20 0.16 0.28 0.38   0   0   1   1   1   4   2   3   1
  1   1   4  -6   1   2 0.14 0.08 0.18 0.14   0   0   0   0   1   3   1   4   2
  1   1   4  -6   1   2 0.16 0.10 0.20 0.16   0   0   0   0   1   4   3   2   1
  1   1   6   6   1   2 0.16 0.10 0.20 0.16   0   0   0   0   1   3   2   4   1
  1   1   3   0   0   1 0.22 0.18 0.24 0.34   1   1   0   0   2   2   1   4   3
  1   1   1  -3   1   1 0.18 0.14 0.24 0.34   0   0   0   0   2   4   3   1   2
  1   1   5  -6   1   1 0.18 0.14 0.26 0.36   0   0   0   0   2   4   1   3   2
  1   1   1   0   0   1 0.20 0.16 0.26 0.36   1   0   0   1   2   1   4   2   3
  1   1   1   2   1   1 0.16 0.16 0.28 0.32   0   0   0   0   2   1   4   3   2
  1   1   3   6   1   1 0.16 0.18 0.28 0.32   0   0   0   0   2   2   3   4   1
  1   1   5   0   0   1 0.18 0.18 0.30 0.34   0   1   1   1   2   1   4   3   2
  1   1   4  -7   1   2 0.18 0.12 0.22 0.18   0   0   0   0   2   2   1   3   4
  1   1   5   0   0   1 0.18 0.14 0.26 0.30   1   1   0   0   2   2   1   4   3
  1   1   5  -4   1   1 0.14 0.10 0.26 0.30   0   0   0   0   2   1   3   4   2
  1   1   3   7   1   1 0.14 0.10 0.28 0.32   0   0   0   0   2   1   2   3   4
  1   1   6  10   1   2 0.18 0.12 0.22 0.18   0   0   0   0   2   3   1   2   4
  1   1   3   7   1   1 0.16 0.12 0.28 0.32   0   0   0   0   2   1   4   3   2
  1   1   6   6   1   2 0.20 0.14 0.24 0.20   0   0   0   0   2   4   3   2   1
  1   1   5  -3   1   1 0.16 0.12 0.30 0.34   0   0   0   0   2   3   1   2   4
  1   1   3   7   1   1 0.18 0.14 0.30 0.34   0   0   0   0   2   2   3   4   1
  1   1   3   6   1   1 0.18 0.14 0.32 0.36   0   0   0   0   3   1   2   4   3
  1   1   1  -4   1   1 0.20 0.16 0.32 0.36   0   0   0   0   3   4   3   2   1
  1   1   5   0   0   1 0.20 0.16 0.34 0.38   1   0   0   0   3   3   2   1   4
  1   1   5  -2   1   1 0.16 0.18 0.34 0.38   0   0   0   0   3   2   3   1   4
  1   1   5  -3   1   1 0.16 0.18 0.36 0.40   0   0   0   0   4   1   4   3   2
  1   2   1   2   1   1 0.18 0.20 0.36 0.40   0   0   0   0   1   1   3   4   2
  0   2   6  -6   1   1 0.00 0.00 0.00 0.00   0   0   0   0   1   4   1   2   3
  0   2   5  10   1   1 0.00 0.00 0.00 0.00   0   0   0   0   1   2   4   1   3
  1   2   6   4   1   2 0.20 0.14 0.24 0.20   0   0   0   0   1   2   1   4   3
  1   2   4  -7   1   2 0.22 0.16 0.26 0.22   0   0   0   0   1   3   1   4   2
  1   2   3   0   0   1 0.18 0.20 0.38 0.42   0   1   1   0   1   2   1   3   4
  1   2   2   5   1   2 0.22 0.16 0.26 0.22   0   0   0   0   1   1   2   4   3
  1   2   3   7   1   1 0.20 0.16 0.34 0.42   0   0   0   0   1   1   3   4   2
  1   2   1  -4   1   1 0.20 0.16 0.34 0.44   0   0   0   0   1   4   3   1   2
  1   2   5  -3   1   1 0.22 0.18 0.36 0.44   0   0   0   0   1   4   1   3   2
  1   2   3   6   1   1 0.22 0.18 0.36 0.46   0   0   0   0   1   3   4   2   1
  1   2   2   0   0   2 0.24 0.18 0.28 0.24   1   1   1   0   1   2   1   3   4
  1   2   2   4   1   2 0.20 0.14 0.24 0.24   0   0   0   0   1   3   2   1   4
  0   2   7  -4   1   1 0.00 0.00 0.00 0.00   0   0   0   0   1   3   4   1   2
  1   2   6   0   0   2 0.20 0.14 0.24 0.26   1   0   0   0   1   4   1   2   3
  1   2   3   0   0   1 0.24 0.20 0.38 0.46   0   1   0   0   1   4   3   2   1
  1   2   5  -3   1   1 0.24 0.16 0.38 0.48   0   0   0   0   1   1   2   4   3
  1   2   6   6   1   2 0.16 0.16 0.26 0.26   0   0   0   0   1   2   4   1   3
  1   2   2  -3   1   2 0.16 0.16 0.26 0.28   0   0   0   0   1   1   4   3   2
  1   2   6   7   1   2 0.18 0.18 0.28 0.28   0   0   0   0   1   1   2   4   3
  1   2   4  -5   1   2 0.18 0.18 0.28 0.30   0   0   0   0   1   4   2   1   3
  0   2   3  -2   1   1 0.00 0.00 0.00 0.00   0   0   0   0   1   1   2   4   3
  1   2   5  -3   1   1 0.26 0.16 0.40 0.48   0   0   0   0   1   1   3   4   2
  1   2   4  -8   1   2 0.20 0.20 0.30 0.30   0   0   0   0   1   4   3   1   2
  1   2   4   0   0   2 0.20 0.20 0.30 0.32   1   1   0   1   1   4   2   1   3
  1   2   2   2   1   2 0.16 0.16 0.32 0.28   0   0   0   0   1   2   1   4   3
  1   2   6   7   1   2 0.16 0.16 0.32 0.28   0   0   0   0   1   3   4   2   1
  1   2   5   0   0   1 0.26 0.18 0.40 0.50   1   1   1   0   1   1   3   2   4
  1   2   1  -2   1   1 0.22 0.14 0.36 0.50   0   0   0   0   1   1   4   3   2
  1   2   3   7   1   1 0.22 0.14 0.36 0.52   0   0   0   0   1   3   2   4   1
  1   2   6   0   0   2 0.18 0.18 0.34 0.30   0   1   1   1   1   1   4   2   3
  1   2   4  -7   1   2 0.18 0.14 0.30 0.26   0   0   0   0   1   4   3   2   1
  1   2   1   0   0   1 0.24 0.16 0.38 0.52   1   0   1   1   1   3   2   4   1
  1   2   4 -10   1   2 0.20 0.14 0.30 0.26   0   0   0   0   1   2   3   4   1
  1   2   5  -4   1   1 0.20 0.16 0.34 0.48   0   0   0   0   1   4   2   3   1
  0   2   1  -4   1   1 0.00 0.00 0.00 0.00   0   0   0   0   1   1   4   2   3
  0   2   8  -2   1   1 0.00 0.00 0.00 0.00   0   0   0   0   1   2   3   4   1
  1   2   1   0   0   1 0.20 0.18 0.34 0.48   1   0   1   1   1   1   4   2   3
  0   2   9   4   1   1 0.00 0.00 0.00 0.00   0   0   0   0   1   3   4   1   2
  0   2   2  -2   1   1 0.00 0.00 0.00 0.00   0   0   0   0   1   1   2   3   4
  1   2   3   0   0   1 0.16 0.18 0.30 0.44   0   1   1   1   1   3   2   1   4
  0   2   4   5   1   1 0.00 0.00 0.00 0.00   0   0   0   0   1   3   2   4   1
  0   2  10  10   1   1 0.00 0.00 0.00 0.00   0   0   0   0   1   3   2   4   1
  1   2   1  -2   1   1 0.16 0.14 0.26 0.40   0   0   0   0   1   2   1   3   4
  1   2   2  -2   1   2 0.20 0.16 0.32 0.28   0   0   0   0   1   2   3   1   4
  1   2   5  -4   1   1 0.18 0.14 0.26 0.40   0   0   0   0   1   4   2   3   1
  1   2   3   5   1   1 0.18 0.16 0.28 0.42   0   0   0   0   2   4   2   1   3
  1   2   2   0   0   2 0.22 0.16 0.32 0.28   1   0   1   1   2   3   2   4   1
  1   2   6   5   1   2 0.18 0.18 0.28 0.24   0   0   0   0   2   1   2   4   3
  1   2   3   0   0   1 0.20 0.16 0.28 0.42   1   0   1   1   2   4   1   2   3
  1   2   4 -10   1   2 0.18 0.18 0.28 0.24   0   0   0   0   2   2   1   4   3
  1   2   5   0   0   1 0.16 0.18 0.24 0.38   0   0   1   1   2   4   3   1   2
  1   2   6   0   0   2 0.20 0.20 0.30 0.26   1   1   1   1   2   2   3   4   1
  1   2   1  -2   1   1 0.16 0.18 0.20 0.34   0   0   0   0   2   2   1   4   3
  1   2   1  -3   1   1 0.18 0.20 0.20 0.34   0   0   0   0   2   3   4   1   2
  1   2   3   0   0   1 0.18 0.20 0.22 0.36   0   1   0   0   2   3   2   1   4
  1   2   2   0   0   2 0.16 0.16 0.26 0.22   0   1   0   0   3   1   2   4   3
  1   2   3   7   1   1 0.20 0.16 0.22 0.36   0   0   0   0   3   4   1   3   2
  1   2   5  -3   1   1 0.20 0.16 0.24 0.38   0   0   0   0   3   2   1   4   3
  1   2   6   6   1   2 0.16 0.12 0.26 0.22   0   0   0   0   3   3   1   4   2
  1   2   3   0   0   1 0.22 0.18 0.24 0.38   0   1   0   0   3   1   4   2   3
  1   2   2  -3   1   2 0.18 0.12 0.28 0.24   0   0   0   0   4   3   2   1   4
  1   2   3   6   1   1 0.22 0.14 0.26 0.40   0   0   0   0   4   4   1   2   3
  0   5  10   9   1   1 0.00 0.00 0.00 0.00   0   0   0   0   1   1   2   4   3
  0   5   3   0   1   1 0.00 0.00 0.00 0.00   0   0   0   0   1   4   1   2   3
  0   5   5   8   1   1 0.00 0.00 0.00 0.00   0   0   0   0   1   2   1   3   4
  1   5   5  -3   1   1 0.24 0.14 0.26 0.40   0   0   0   0   1   3   2   1   4
  1   5   1   0   0   1 0.24 0.16 0.28 0.42   1   0   0   0   1   2   1   4   3
  1   5   4 -10   1   2 0.18 0.14 0.28 0.24   0   0   0   0   1   1   4   2   3
  0   5   7  -9   1   1 0.00 0.00 0.00 0.00   0   0   0   0   1   4   3   2   1
  1   5   2  -1   1   2 0.20 0.14 0.30 0.26   0   0   0   0   1   3   1   4   2
  1   5   5   0   0   1 0.20 0.16 0.28 0.42   1   0   1   1   1   2   4   1   3
  1   5   3   5   1   1 0.16 0.18 0.24 0.38   0   0   0   0   1   4   1   2   3
  1   5   4   0   0   2 0.20 0.16 0.30 0.26   1   1   1   0   1   1   2   4   3
  1   5   2  -3   1   2 0.16 0.12 0.26 0.28   0   0   0   0   1   2   1   4   3
  1   5   6   7   1   2 0.16 0.12 0.26 0.28   0   0   0   0   1   1   3   2   4
  1   5   6   0   0   2 0.18 0.14 0.28 0.30   0   0   1   0   1   1   3   4   2
  1   5   3   0   0   1 0.16 0.18 0.24 0.38   0   1   0   0   1   3   2   4   1
  1   5   3   6   1   1 0.18 0.14 0.26 0.40   0   0   0   0   1   1   2   3   4
  1   5   5   0   0   1 0.18 0.14 0.26 0.40   1   0   1   1   1   4   3   2   1
  1   5   1   0   0   1 0.14 0.16 0.22 0.36   0   1   0   0   1   4   2   1   3
  0   5   9   3   1   1 0.00 0.00 0.00 0.00   0   0   0   0   1   2   3   4   1
  0   5   4   5   1   1 0.00 0.00 0.00 0.00   0   0   0   0   1   2   3   4   1
  1   5   2   0   0   2 0.18 0.14 0.24 0.30   0   1   0   0   1   2   1   4   3
  1   5   1  -5   1   1 0.14 0.12 0.22 0.36   0   0   0   0   1   1   3   4   2
  1   5   4   0   0   2 0.20 0.10 0.24 0.32   1   0   0   0   1   3   1   4   2
  1   5   3   0   0   1 0.16 0.12 0.24 0.38   0   0   1   1   1   3   4   2   1
  0   5   1  -7   1   1 0.00 0.00 0.00 0.00   0   0   0   0   1   4   2   1   3
  1   5   1   0   0   1 0.16 0.14 0.20 0.34   0   0   0   1   1   4   2   3   1
  1   5   4  -9   1   2 0.16 0.10 0.26 0.32   0   0   0   0   1   3   1   2   4
  1   5   6   0   0   2 0.16 0.12 0.26 0.34   1   0   1   1   1   3   2   4   1
  1   5   6   0   0   2 0.12 0.12 0.22 0.30   0   0   1   0   1   3   4   1   2
  1   5   6   0   0   2 0.12 0.14 0.18 0.30   0   0   0   1   1   1   2   4   3
  1   5   5   0   0   1 0.18 0.14 0.20 0.30   1   0   1   1   1   1   2   3   4
  1   5   1   0   0   1 0.14 0.16 0.16 0.26   0   1   0   1   1   1   3   2   4
  0   5   6 -10   1   1 0.00 0.00 0.00 0.00   0   0   0   0   1   3   4   1   2
  1   5   3   4   1   1 0.14 0.12 0.16 0.22   0   0   0   0   1   3   2   1   4
  1   5   2   2   1   2 0.14 0.14 0.18 0.26   0   0   0   0   1   3   2   4   1
  0   5   2  -3   1   1 0.00 0.00 0.00 0.00   0   0   0   0   1   2   3   1   4
  1   5   2   0   0   2 0.14 0.16 0.20 0.26   0   1   0   0   1   4   3   1   2
  1   5   1  -6   1   1 0.16 0.12 0.18 0.22   0   0   0   0   1   4   3   2   1
  1   5   3   0   0   1 0.16 0.14 0.18 0.24   1   1   1   1   1   3   1   2   4
  1   5   4  -8   1   2 0.16 0.12 0.20 0.28   0   0   0   0   1   1   4   2   3
  1   5   6   0   0   2 0.16 0.12 0.22 0.28   0   0   1   1   1   2   1   4   3
  1   5   5   0   0   1 0.12 0.10 0.14 0.20   0   0   0   1   1   3   1   4   2
  1   5   4  -9   1   2 0.18 0.14 0.18 0.24   0   0   0   0   1   4   1   2   3
  1   5   5  -5   1   1 0.12 0.10 0.14 0.16   0   0   0   0   1   4   1   2   3
  0   5   8  -4   1   1 0.00 0.00 0.00 0.00   0   0   0   0   1   3   2   1   4
  1   5   2   2   1   2 0.18 0.14 0.18 0.24   0   0   0   0   1   3   4   2   1
  1   5   1  -2   1   1 0.14 0.12 0.16 0.16   0   0   0   0   2   1   2   4   3
  1   5   5  -3   1   1 0.14 0.12 0.16 0.18   0   0   0   0   2   3   4   1   2
  1   5   4 -10   1   2 0.20 0.16 0.20 0.26   0   0   0   0   2   1   3   4   2
  1   5   6   3   1   2 0.20 0.16 0.20 0.26   0   0   0   0   2   4   3   2   1
  1   5   3   5   1   1 0.16 0.14 0.18 0.18   0   0   0   0   2   1   4   2   3
  1   5   5  -4   1   1 0.16 0.14 0.18 0.20   0   0   0   0   2   1   2   3   4
  1   5   1   0   0   1 0.18 0.16 0.20 0.20   1   1   0   0   2   1   2   3   4
  1   5   2   2   1   2 0.22 0.18 0.22 0.28   0   0   0   0   2   1   3   4   2
  1   5   4   0   0   2 0.22 0.18 0.22 0.28   1   0   0   0   2   3   2   1   4
  1   5   3   6   1   1 0.14 0.12 0.20 0.22   0   0   0   0   2   2   3   4   1
  1   5   1  -3   1   1 0.14 0.12 0.22 0.22   0   0   0   0   2   3   4   2   1
  1   5   6   6   1   2 0.18 0.20 0.24 0.30   0   0   0   0   2   1   2   4   3
  1   5   6   0   0   2 0.18 0.20 0.24 0.30   0   1   0   0   2   1   3   2   4
  1   5   6   0   0   2 0.20 0.16 0.26 0.32   1   0   0   0   2   1   3   2   4
  1   5   5  -7   1   1 0.16 0.14 0.22 0.24   0   0   0   0   2   3   4   2   1
  1   5   1   0   0   1 0.16 0.14 0.24 0.24   1   0   1   1   2   2   4   3   1
  1   5   2  -3   1   2 0.16 0.16 0.26 0.32   0   0   0   0   2   2   4   1   3
  1   5   3   5   1   1 0.12 0.16 0.20 0.20   0   0   0   0   2   1   4   2   3
  1   5   6   7   1   2 0.16 0.18 0.28 0.34   0   0   0   0   2   1   2   3   4
  1   5   5  -3   1   1 0.12 0.16 0.20 0.20   0   0   0   0   2   3   4   2   1
  1   5   1   0   0   1 0.14 0.18 0.22 0.22   0   1   0   0   3   2   3   4   1
  1   5   4   0   0   2 0.18 0.18 0.28 0.34   1   1   1   1   3   4   3   1   2
  1   5   6   5   1   2 0.14 0.14 0.24 0.30   0   0   0   0   3   1   4   3   2
  1   5   6   4   1   2 0.14 0.14 0.24 0.30   0   0   0   0   3   2   1   3   4
  1   5   1   0   0   1 0.14 0.14 0.22 0.22   1   1   1   1   3   4   3   1   2
  1   5   1  -4   1   1 0.10 0.10 0.18 0.18   0   0   0   0   4   4   1   3   2
  1   5   4   0   0   2 0.16 0.16 0.26 0.32   1   0   1   1   4   1   2   3   4
  1   5   1  -3   1   1 0.10 0.10 0.18 0.18   0   0   0   0   4   3   4   1   2
  1   5   4   0   0   2 0.12 0.16 0.22 0.28   0   1   0   0   5   3   1   2   4
  1   5   4  -8   1   2 0.12 0.12 0.22 0.28   0   0   0   0   6   1   2   4   3
  1   3   1  -4   1   1 0.12 0.12 0.20 0.20   0   0   0   0   1   4   3   2   1
  0   3   8  -6   1   1 0.00 0.00 0.00 0.00   0   0   0   0   1   2   3   4   1
  1   3   5  -7   1   1 0.12 0.12 0.20 0.20   0   0   0   0   1   3   2   1   4
  1   3   1  -2   1   1 0.14 0.14 0.22 0.22   0   0   0   0   1   4   3   1   2
  1   3   4 -10   1   2 0.14 0.12 0.24 0.30   0   0   0   0   1   4   2   1   3
  1   3   2   1   1   2 0.14 0.14 0.24 0.30   0   0   0   0   1   4   1   2   3
  1   3   2  -2   1   2 0.16 0.14 0.26 0.32   0   0   0   0   1   3   1   4   2
  1   3   5   0   0   1 0.14 0.14 0.22 0.22   0   1   1   1   1   4   3   1   2
  0   3   6 -10   1   1 0.00 0.00 0.00 0.00   0   0   0   0   1   4   2   1   3
  1   3   3   6   1   1 0.16 0.10 0.18 0.18   0   0   0   0   1   2   1   3   4
  1   3   2   0   0   2 0.16 0.16 0.26 0.32   0   0   0   1   1   4   2   1   3
  0   3   5   9   1   1 0.00 0.00 0.00 0.00   0   0   0   0   1   4   3   2   1
  1   3   4  -8   1   2 0.18 0.16 0.28 0.28   0   0   0   0   1   4   2   3   1
  0   3   1  -5   1   1 0.00 0.00 0.00 0.00   0   0   0   0   1   2   3   4   1
  1   3   2   2   1   2 0.18 0.18 0.28 0.28   0   0   0   0   1   4   2   1   3
  1   3   6   6   1   2 0.20 0.18 0.30 0.30   0   0   0   0   1   2   1   4   3
  1   3   4  -7   1   2 0.20 0.20 0.30 0.30   0   0   0   0   1   3   2   1   4
  0   3   9   7   1   1 0.00 0.00 0.00 0.00   0   0   0   0   1   3   4   2   1
  0   3   7  -7   1   1 0.00 0.00 0.00 0.00   0   0   0   0   1   3   1   4   2
  1   3   5  -4   1   1 0.16 0.10 0.18 0.18   0   0   0   0   1   2   3   4   1
  0   3   2   2   1   1 0.00 0.00 0.00 0.00   0   0   0   0   1   1   3   4   2
  1   3   6   0   0   2 0.22 0.20 0.32 0.32   0   1   0   1   1   2   4   1   3
  1   3   3   6   1   1 0.18 0.12 0.20 0.20   0   0   0   0   1   1   3   4   2
  1   3   5  -4   1   1 0.18 0.12 0.20 0.20   0   0   0   0   1   4   1   2   3
  1   3   3   6   1   1 0.20 0.14 0.22 0.22   0   0   0   0   1   3   1   4   2
  1   3   4  -8   1   2 0.22 0.16 0.32 0.28   0   0   0   0   1   1   2   3   4
  1   3   6   6   1   2 0.24 0.16 0.34 0.28   0   0   0   0   1   4   1   2   3
  1   3   1  -2   1   1 0.20 0.14 0.22 0.22   0   0   0   0   1   2   3   4   1
  1   3   6   0   0   2 0.24 0.18 0.34 0.30   0   1   0   0   1   2   3   4   1
  1   3   3   4   1   1 0.22 0.16 0.24 0.24   0   0   0   0   1   4   2   3   1
  1   3   3   6   1   1 0.22 0.16 0.24 0.24   0   0   0   0   1   1   3   4   2
  0   3   3   2   1   1 0.00 0.00 0.00 0.00   0   0   0   0   1   3   2   4   1
  1   3   4  -8   1   2 0.26 0.14 0.36 0.30   0   0   0   0   1   3   4   2   1
  1   3   1   0   1   1 0.24 0.18 0.26 0.26   0   0   0   0   1   3   1   4   2
  1   3   5  -3   1   1 0.24 0.18 0.26 0.26   0   0   0   0   1   4   1   2   3
  0   3   4   3   1   1 0.00 0.00 0.00 0.00   0   0   0   0   1   4   2   3   1
  1   3   3   0   0   1 0.26 0.20 0.28 0.28   1   0   0   0   1   1   2   4   3
  0   3  10  10   1   1 0.00 0.00 0.00 0.00   0   0   0   0   1   2   3   1   4
  1   3   2   2   1   2 0.26 0.14 0.36 0.32   0   0   0   0   1   1   4   3   2
  1   3   6   0   0   2 0.28 0.16 0.38 0.32   1   0   0   0   1   2   1   4   3
  1   3   5   0   0   1 0.22 0.20 0.28 0.28   0   1   0   0   1   1   2   3   4
  1   3   2   0   0   2 0.24 0.16 0.38 0.34   1   1   1   1   1   4   2   1   3
  1   3   1   0   0   1 0.22 0.16 0.30 0.30   1   1   1   1   1   3   4   1   2
  1   3   6   0   0   2 0.20 0.12 0.34 0.30   0   0   1   0   1   2   1   4   3
  1   3   1   0   0   1 0.18 0.12 0.26 0.26   0   0   1   0   1   1   2   3   4
  1   3   4   0   0   2 0.20 0.12 0.30 0.30   1   0   1   0   1   3   2   4   1
  1   3   5   0   0   1 0.18 0.12 0.22 0.26   0   0   1   1   2   4   2   1   3
  1   3   2   0   0   2 0.16 0.14 0.26 0.32   0   0   1   1   2   4   1   2   3
  1   3   6   0   0   2 0.16 0.14 0.22 0.28   0   0   1   1   2   2   3   4   1
  1   3   6   0   0   2 0.18 0.16 0.18 0.24   1   0   1   1   2   3   1   2   4
  1   3   3   0   0   1 0.20 0.14 0.18 0.22   1   0   1   1   2   1   4   2   3
  1   3   6   6   1   2 0.14 0.16 0.14 0.20   0   0   0   0   2   2   1   3   4
  1   3   5   0   0   1 0.16 0.14 0.14 0.18   1   1   1   1   2   2   3   1   4
  1   3   2   0   0   2 0.14 0.18 0.14 0.20   0   1   1   1   2   4   1   2   3
  1   3   1  -5   1   1 0.12 0.10 0.10 0.14   0   0   0   0   2   4   3   1   2
  1   3   6   0   0   2 0.16 0.14 0.10 0.16   1   1   0   1   2   2   3   4   1
  1   3   1  -2   1   1 0.12 0.10 0.10 0.14   0   0   0   0   2   3   4   1   2
  1   3   4  -6   1   2 0.12 0.10 0.10 0.12   0   0   0   0   2   3   2   1   4
  1   3   5  -4   1   1 0.14 0.12 0.12 0.16   0   0   0   0   3   3   2   4   1
  1   3   2  -2   1   2 0.12 0.10 0.12 0.12   0   0   0   0   3   3   1   2   4
  1   3   6   4   1   2 0.14 0.12 0.12 0.14   0   0   0   0   3   4   2   1   3
  1   3   6   7   1   2 0.14 0.12 0.14 0.14   0   0   0   0   3   1   3   2   4
  1   3   3   8   1   1 0.14 0.12 0.12 0.16   0   0   0   0   3   3   2   4   1
  1   3   5  -3   1   1 0.16 0.14 0.14 0.18   0   0   0   0   3   4   3   2   1
  1   3   2   1   1   2 0.16 0.14 0.14 0.16   0   0   0   0   3   4   2   1   3
  1   3   6   7   1   2 0.16 0.14 0.16 0.16   0   0   0   0   3   4   2   3   1
  1   4   1  -2   1   1 0.16 0.14 0.14 0.18   0   0   0   0   1   1   2   3   4
  0   4   5   9   1   1 0.00 0.00 0.00 0.00   0   0   0   0   1   1   2   3   4
  0   4   1  -9   1   1 0.00 0.00 0.00 0.00   0   0   0   0   1   2   1   3   4
  1   4   3   6   1   1 0.18 0.16 0.16 0.20   0   0   0   0   1   1   4   3   2
  1   4   4  -8   1   2 0.18 0.16 0.16 0.18   0   0   0   0   1   1   3   2   4
  1   4   5  -4   1   1 0.18 0.16 0.16 0.20   0   0   0   0   1   4   2   1   3
  1   4   5   0   0   1 0.20 0.18 0.18 0.22   1   0   1   1   1   4   1   2   3
  1   4   6   4   1   2 0.18 0.16 0.18 0.18   0   0   0   0   1   4   3   1   2
  0   4   7  -9   1   1 0.00 0.00 0.00 0.00   0   0   0   0   1   1   3   4   2
  1   4   5  -3   1   1 0.16 0.18 0.14 0.18   0   0   0   0   1   4   3   2   1
  0   4   8  -2   1   1 0.00 0.00 0.00 0.00   0   0   0   0   1   1   4   2   3
  1   4   3   5   1   1 0.16 0.20 0.14 0.18   0   0   0   0   1   1   4   3   2
  1   4   6   6   1   2 0.20 0.18 0.18 0.20   0   0   0   0   1   4   1   3   2
  0   4   4   5   1   1 0.00 0.00 0.00 0.00   0   0   0   0   1   1   4   2   3
  1   4   1  -2   1   1 0.18 0.20 0.16 0.20   0   0   0   0   1   1   2   3   4
  1   4   2   0   0   2 0.20 0.18 0.20 0.20   1   0   0   0   1   1   3   2   4
  1   4   5   0   0   1 0.18 0.22 0.16 0.20   1   1   0   0   1   1   3   4   2
  1   4   2   0   0   2 0.16 0.20 0.20 0.22   1   1   0   0   1   2   3   1   4
  1   4   1  -1   1   1 0.14 0.18 0.18 0.22   0   0   0   0   1   2   3   1   4
  1   4   2   0   0   2 0.12 0.16 0.22 0.22   0   1   0   0   1   3   4   2   1
  1   4   4  -6   1   2 0.12 0.12 0.22 0.24   0   0   0   0   1   1   3   4   2
  1   4   4  -4   1   2 0.14 0.12 0.24 0.24   0   0   0   0   1   1   4   3   2
  1   4   6   0   0   2 0.14 0.14 0.24 0.26   0   0   1   1   1   1   2   3   4
  0   4   6  -8   1   1 0.00 0.00 0.00 0.00   0   0   0   0   1   3   2   1   4
  1   4   5   0   0   1 0.14 0.18 0.18 0.22   0   1   0   0   1   2   3   1   4
  0   4   2  -2   1   1 0.00 0.00 0.00 0.00   0   0   0   0   1   4   2   1   3
  1   4   3   5   1   1 0.16 0.14 0.20 0.24   0   0   0   0   1   4   1   2   3
  1   4   6   3   1   2 0.16 0.14 0.20 0.22   0   0   0   0   1   4   3   2   1
  1   4   6   4   1   2 0.16 0.16 0.20 0.22   0   0   0   0   1   4   1   3   2
  0   4   3   0   1   1 0.00 0.00 0.00 0.00   0   0   0   0   1   2   4   3   1
  0   4  10   7   1   1 0.00 0.00 0.00 0.00   0   0   0   0   1   4   1   3   2
  0   4   9   4   1   1 0.00 0.00 0.00 0.00   0   0   0   0   1   4   3   1   2
  1   4   2   1   1   2 0.18 0.16 0.22 0.24   0   0   0   0   1   3   4   1   2
  1   4   3   6   1   1 0.16 0.14 0.20 0.24   0   0   0   0   1   1   2   4   3
  1   4   5  -3   1   1 0.18 0.16 0.22 0.26   0   0   0   0   1   4   1   2   3
  1   4   1  -2   1   1 0.18 0.16 0.22 0.26   0   0   0   0   1   1   2   4   3
  1   4   2  -3   1   2 0.18 0.18 0.22 0.24   0   0   0   0   1   1   2   3   4
  1   4   4  -7   1   2 0.20 0.18 0.24 0.26   0   0   0   0   1   4   2   3   1
  1   4   3   0   0   1 0.20 0.18 0.24 0.28   1   1   0   0   1   4   1   3   2
  1   4   4  -7   1   2 0.20 0.20 0.24 0.26   0   0   0   0   1   2   1   3   4
  1   4   1  -1   1   1 0.16 0.14 0.24 0.28   0   0   0   0   1   1   2   4   3
  1   4   3   5   1   1 0.16 0.14 0.26 0.30   0   0   0   0   1   1   4   3   2
  1   4   6   0   0   2 0.22 0.20 0.26 0.28   1   1   0   0   1   2   3   1   4
  1   4   1  -2   1   1 0.18 0.16 0.26 0.30   0   0   0   0   1   2   4   1   3
  1   4   4  -6   1   2 0.18 0.16 0.26 0.28   0   0   0   0   1   1   3   2   4
  1   4   2   1   1   2 0.18 0.16 0.28 0.30   0   0   0   0   1   1   4   3   2
  1   4   5  -1   1   1 0.18 0.16 0.28 0.32   0   0   0   0   2   2   3   4   1
  1   4   2   0   0   2 0.20 0.18 0.28 0.30   1   0   0   0   2   2   3   4   1
  1   4   5  -4   1   1 0.20 0.18 0.28 0.32   0   0   0   0   2   2   4   1   3
  1   4   2   0   0   2 0.16 0.18 0.30 0.32   1   0   1   1   2   1   3   4   2
  1   4   2   0   0   2 0.12 0.20 0.26 0.28   0   1   0   0   2   2   3   1   4
  1   4   6   5   1   2 0.12 0.16 0.26 0.28   0   0   0   0   2   3   4   1   2
  1   4   5   0   0   1 0.20 0.18 0.30 0.34   0   0   1   0   2   3   4   1   2
  1   4   3   4   1   1 0.22 0.20 0.26 0.34   0   0   0   0   2   1   2   4   3
  1   4   6   0   0   2 0.14 0.16 0.28 0.30   0   0   1   1   2   3   1   4   2
  1   4   2  -3   1   2 0.14 0.18 0.24 0.26   0   0   0   0   3   3   4   2   1
  1   4   2  -2   1   2 0.16 0.18 0.24 0.26   0   0   0   0   3   1   2   3   4
  1   4   2  -1   1   2 0.16 0.20 0.26 0.28   0   0   0   0   3   3   4   1   2
  1   4   5  -2   1   1 0.22 0.20 0.26 0.36   0   0   0   0   3   4   3   2   1
  1   4   6   4   1   2 0.18 0.20 0.26 0.28   0   0   0   0   3   4   2   3   1
