  0   4   1   0   0   1 0.00 0.00 0.00 0.00   1   0   1   0   1   4   1   2   3
  0   4   4  10   1   1 0.00 0.00 0.00 0.00   0   0   0   0   1   2   4   3   1
  1   4   3   0   0   1 0.40 0.40 1.00 0.40   0   1   0   1   1   1   3   4   2
  1   4   5  -6   1   1 0.40 0.36 1.00 0.36   0   0   0   0   1   2   1   3   4
  1   4   2  -4   1   2 0.05 0.05 0.50 0.05   0   0   0   0   1   1   3   2   4
  1   4   5   0   0   1 0.42 0.36 1.00 0.36   1   0   1   0   1   3   2   4   1
  1   4   6   0   0   2 0.05 0.05 0.50 0.05   1   1   0   0   1   3   2   1   4
  1   4   4   0   0   2 0.02 0.02 0.52 0.07   1   1   0   0   1   2   3   1   4
  0   4   2   0   0   1 0.00 0.00 0.00 0.00   1   1   0   1   1   2   1   3   4
  1   4   5   0   0   1 0.38 0.38 0.96 0.38   1   1   1   0   1   2   3   1   4
  1   4   6   2   1   2 0.02 0.02 0.52 0.07   0   0   0   0   1   2   1   3   4
  0   4   9   8   1   1 0.00 0.00 0.00 0.00   0   0   0   0   1   2   4   3   1
  1   4   3   5   1   1 0.34 0.34 0.92 0.38   0   0   0   0   1   2   1   4   3
  1   4   3   0   0   1 0.34 0.34 0.92 0.40   1   1   1   0   1   3   1   2   4
  1   4   3   8   1   1 0.30 0.30 0.88 0.40   0   0   0   0   1   3   2   1   4
  1   4   1   0   0   1 0.30 0.30 0.88 0.42   1   1   1   0   1   2   4   1   3
  1   4   2  -4   1   2 0.02 0.02 0.54 0.09   0   0   0   0   1   3   1   4   2
  0   4   5   7   1   1 0.00 0.00 0.00 0.00   0   0   0   0   1   4   3   1   2
  1   4   3   2   1   1 0.26 0.26 0.84 0.42   0   0   0   0   1   4   1   2   3
  1   4   1   0   0   1 0.26 0.26 0.84 0.44   1   1   1   0   1   2   1   3   4
  0   4   7  -4   1   1 0.00 0.00 0.00 0.00   0   0   0   0   1   4   1   3   2
  0   4   6  -7   1   1 0.00 0.00 0.00 0.00   0   0   0   0   1   4   1   3   2
  1   4   6   3   1   2 0.04 0.04 0.54 0.09   0   0   0   0   1   2   1   3   4
  1   4   4  -4   1   2 0.04 0.04 0.56 0.11   0   0   0   0   1   1   4   2   3
  1   4   2   0   0   2 0.06 0.06 0.56 0.11   1   0   1   0   1   3   4   1   2
  1   4   6   5   1   2 0.02 0.06 0.52 0.13   0   0   0   0   1   4   1   3   2
  1   4   2   1   1   2 0.02 0.08 0.52 0.13   0   0   0   0   1   2   4   3   1
  1   4   2   1   1   2 0.04 0.08 0.54 0.15   0   0   0   0   1   2   1   4   3
  1   4   4   0   0   2 0.04 0.10 0.54 0.15   0   1   0   1   1   3   1   4   2
  1   4   1  -3   1   1 0.22 0.22 0.80 0.44   0   0   0   0   1   4   2   3   1
  1   4   5  -1   1   1 0.22 0.22 0.80 0.46   0   0   0   0   1   4   1   3   2
  1   4   1   1   1   1 0.24 0.24 0.82 0.46   0   0   0   0   1   1   4   2   3
  0   4  10   8   1   1 0.00 0.00 0.00 0.00   0   0   0   0   1   1   3   4   2
  1   4   6   0   0   2 0.06 0.06 0.56 0.11   1   0   1   0   1   2   1   4   3
  1   4   3   0   0   1 0.24 0.24 0.82 0.48   1   0   0   0   1   3   1   4   2
  1   4   1  -2   1   1 0.20 0.26 0.84 0.48   0   0   0   0   1   4   3   2   1
  0   4   8  -1   1   1 0.00 0.00 0.00 0.00   0   0   0   0   1   2   4   3   1
  1   4   6   5   1   2 0.02 0.06 0.52 0.11   0   0   0   0   1   3   2   1   4
  0   4   3  -1   1   1 0.00 0.00 0.00 0.00   0   0   0   0   1   4   2   1   3
  1   4   5  -4   1   1 0.20 0.26 0.84 0.50   0   0   0   0   1   4   3   1   2
  1   4   2  -1   1   2 0.02 0.08 0.52 0.13   0   0   0   0   1   1   3   4   2
  1   4   5  -1   1   1 0.22 0.28 0.86 0.50   0   0   0   0   1   4   1   3   2
  1   4   4  -6   1   2 0.04 0.08 0.54 0.13   0   0   0   0   1   3   2   4   1
  1   4   4  -6   1   2 0.04 0.10 0.54 0.15   0   0   0   0   1   1   4   3   2
  1   4   1  -3   1   1 0.22 0.28 0.86 0.52   0   0   0   0   1   3   4   2   1
  1   4   4  -3   1   2 0.06 0.10 0.56 0.15   0   0   0   0   1   2   4   1   3
  0   4   1   0   1   1 0.00 0.00 0.00 0.00   0   0   0   0   2   2   3   1   4
  1   4   3   5   1   1 0.24 0.30 0.88 0.52   0   0   0   0   2   2   1   4   3
  1   4   5  -4   1   1 0.24 0.30 0.88 0.54   0   0   0   0   2   4   2   3   1
  1   4   6   5   1   2 0.06 0.12 0.56 0.17   0   0   0   0   2   4   3   1   2
  1   4   4  -4   1   2 0.08 0.12 0.58 0.17   0   0   0   0   2   2   3   1   4
  0   4   2  -5   1   1 0.00 0.00 0.00 0.00   0   0   0   0   2   2   3   4   1
  1   4   5   0   1   1 0.26 0.32 0.90 0.54   0   0   0   0   2   2   4   1   3
  1   4   3   8   1   1 0.26 0.32 0.90 0.56   0   0   0   0   2   4   3   1   2
  1   4   1  -6   1   1 0.28 0.34 0.92 0.56   0   0   0   0   2   4   3   1   2
  1   4   1  -5   1   1 0.28 0.34 0.92 0.58   0   0   0   0   2   1   3   4   2
  1   4   2  -2   1   2 0.08 0.14 0.58 0.19   0   0   0   0   2   4   2   3   1
  1   4   4  -5   1   2 0.10 0.14 0.60 0.19   0   0   0   0   2   1   3   2   4
  1   4   6   7   1   2 0.10 0.16 0.60 0.21   0   0   0   0   2   2   1   3   4
  1   4   3   4   1   1 0.30 0.36 0.94 0.58   0   0   0   0   2   3   2   1   4
  1   2   5   0   0   1 0.30 0.36 0.94 0.60   1   1   1   0   1   1   2   3   4
  1   2   5   0   0   1 0.26 0.32 0.90 0.60   1   0   1   1   1   3   4   1   2
  1   2   5   0   0   1 0.22 0.32 0.86 0.56   1   1   1   0   1   4   3   2   1
  1   2   3   0   0   1 0.18 0.28 0.82 0.56   1   1   1   0   1   1   4   2   3
  1   2   2   0   0   2 0.12 0.16 0.62 0.21   1   1   1   0   1   1   3   2   4
  1   2   2   0   0   2 0.08 0.12 0.58 0.23   1   1   1   1   1   3   4   2   1
  0   2   2  -3   1   1 0.00 0.00 0.00 0.00   0   0   0   0   1   3   4   1   2
  0   2   8  -2   1   1 0.00 0.00 0.00 0.00   0   0   0   0   1   3   4   2   1
  1   2   2  -3   1   2 0.04 0.08 0.54 0.19   0   0   0   0   1   4   3   2   1
  1   2   4   0   0   2 0.04 0.08 0.54 0.19   0   0   1   1   1   2   1   4   3
  1   2   3   0   0   1 0.14 0.24 0.78 0.58   0   0   0   1   1   4   1   2   3
  1   2   1   0   0   1 0.14 0.24 0.78 0.54   0   0   0   1   1   2   1   3   4
  1   2   2   0   0   2 0.06 0.10 0.50 0.15   0   0   1   1   1   3   1   4   2
  0   2   1  -8   1   1 0.00 0.00 0.00 0.00   0   0   0   0   1   3   4   2   1
  1   2   6   6   1   2 0.06 0.10 0.46 0.11   0   0   0   0   1   4   2   1   3
  1   2   3   6   1   1 0.16 0.26 0.80 0.50   0   0   0   0   1   3   1   2   4
  1   2   2  -3   1   2 0.08 0.12 0.46 0.11   0   0   0   0   1   4   1   3   2
  1   2   4  -8   1   2 0.08 0.12 0.48 0.13   0   0   0   0   1   4   1   2   3
  1   2   3   7   1   1 0.16 0.26 0.80 0.50   0   0   0   0   1   3   4   1   2
  1   2   5  -7   1   1 0.18 0.28 0.82 0.52   0   0   0   0   1   3   4   1   2
  1   2   6   8   1   2 0.10 0.14 0.48 0.13   0   0   0   0   1   4   1   3   2
  1   2   1  -6   1   1 0.18 0.28 0.82 0.52   0   0   0   0   1   2   1   4   3
  1   2   5  -4   1   1 0.20 0.30 0.84 0.54   0   0   0   0   1   3   4   1   2
  1   2   4  -7   1   2 0.10 0.14 0.50 0.15   0   0   0   0   1   4   1   2   3
  1   2   4  -6   1   2 0.12 0.16 0.50 0.15   0   0   0   0   1   3   1   2   4
  1   2   5  -6   1   1 0.20 0.30 0.84 0.54   0   0   0   0   1   1   4   3   2
  1   2   6   5   1   2 0.12 0.16 0.52 0.17   0   0   0   0   1   4   3   1   2
  1   2   3   5   1   1 0.22 0.32 0.86 0.56   0   0   0   0   1   2   3   4   1
  1   2   6   4   1   2 0.14 0.18 0.52 0.17   0   0   0   0   1   2   4   1   3
  1   2   6   5   1   2 0.14 0.18 0.54 0.19   0   0   0   0   1   3   1   2   4
  0   2   5  10   1   1 0.00 0.00 0.00 0.00   0   0   0   0   1   1   4   3   2
  0   2   7  -6   1   1 0.00 0.00 0.00 0.00   0   0   0   0   1   4   1   2   3
  1   2   1  -5   1   1 0.22 0.32 0.86 0.56   0   0   0   0   1   3   2   1   4
  1   2   4  -5   1   2 0.16 0.20 0.54 0.19   0   0   0   0   1   2   3   4   1
  1   2   1  -4   1   1 0.24 0.34 0.88 0.58   0   0   0   0   1   3   2   4   1
  1   2   4  -4   1   2 0.16 0.20 0.56 0.21   0   0   0   0   1   2   4   3   1
  1   2   1  -4   1   1 0.24 0.34 0.88 0.58   0   0   0   0   1   4   2   3   1
  0   2   4   7   1   1 0.00 0.00 0.00 0.00   0   0   0   0   1   1   4   3   2
  1   2   2  -3   1   2 0.18 0.22 0.56 0.21   0   0   0   0   1   3   4   2   1
  0   2   3   0   1   1 0.00 0.00 0.00 0.00   0   0   0   0   1   3   1   4   2
  0   2  10  10   1   1 0.00 0.00 0.00 0.00   0   0   0   0   1   1   3   4   2
  1   2   3   8   1   1 0.26 0.36 0.90 0.60   0   0   0   0   1   4   3   2   1
  0   2   9   8   1   1 0.00 0.00 0.00 0.00   0   0   0   0   1   2   1   3   4
  1   2   6   8   1   2 0.18 0.22 0.58 0.23   0   0   0   0   1   4   2   3   1
  0   2   6  -8   1   1 0.00 0.00 0.00 0.00   0   0   0   0   1   3   1   4   2
  1   2   1  -4   1   1 0.26 0.36 0.90 0.60   0   0   0   0   1   3   2   1   4
  1   2   5  -3   1   1 0.28 0.38 0.92 0.62   0   0   0   0   2   1   3   2   4
  1   2   5  -2   1   1 0.28 0.38 0.92 0.62   0   0   0   0   2   4   2   1   3
  1   2   5  -2   1   1 0.30 0.40 0.94 0.64   0   0   0   0   2   3   4   1   2
  1   2   3   6   1   1 0.30 0.40 0.94 0.64   0   0   0   0   2   1   3   2   4
  1   2   2   0   1   2 0.20 0.24 0.58 0.23   0   0   0   0   2   2   3   4   1
  1   2   2  -2   1   2 0.20 0.24 0.60 0.25   0   0   0   0   2   1   4   3   2
  1   2   4  -8   1   2 0.22 0.26 0.60 0.25   0   0   0   0   2   3   4   2   1
  1   2   3   8   1   1 0.32 0.42 0.96 0.66   0   0   0   0   2   3   2   1   4
  1   2   1  -5   1   1 0.32 0.42 0.96 0.66   0   0   0   0   2   4   2   1   3
  1   2   2  -5   1   2 0.22 0.26 0.62 0.27   0   0   0   0   2   3   4   2   1
  0   1  10   8   1   1 0.00 0.00 0.00 0.00   0   0   0   0   1   2   4   1   3
  1   1   1  -4   1   1 0.34 0.44 0.98 0.68   0   0   0   0   1   1   4   2   3
  1   1   4  -7   1   2 0.24 0.28 0.62 0.27   0   0   0   0   1   2   3   1   4
  0   1   7  -6   1   1 0.00 0.00 0.00 0.00   0   0   0   0   1   2   4   3   1
  1   1   3   5   1   1 0.34 0.44 0.98 0.68   0   0   0   0   1   4   3   1   2
  0   1   4   5   1   1 0.00 0.00 0.00 0.00   0   0   0   0   1   2   4   1   3
  1   1   2   0   0   2 0.24 0.28 0.64 0.29   0   1   0   0   1   4   3   1   2
  1   1   2   0   0   2 0.26 0.24 0.64 0.29   1   0   1   0   1   2   3   4   1
  1   1   3   3   1   1 0.36 0.46 1.00 0.70   0   0   0   0   1   3   4   1   2
  1   1   1  -4   1   1 0.36 0.46 1.00 0.70   0   0   0   0   1   3   1   4   2
  1   1   2  -3   1   2 0.22 0.24 0.60 0.31   0   0   0   0   1   1   2   4   3
  1   1   5  -4   1   1 0.38 0.48 1.00 0.72   0   0   0   0   1   1   3   2   4
  1   1   6   5   1   2 0.22 0.26 0.60 0.31   0   0   0   0   1   3   2   1   4
  1   1   5  -5   1   1 0.38 0.48 1.00 0.72   0   0   0   0   1   2   4   3   1
  0   1   2  -5   1   1 0.00 0.00 0.00 0.00   0   0   0   0   1   4   2   3   1
  1   1   2  -2   1   2 0.24 0.26 0.62 0.33   0   0   0   0   1   1   4   2   3
  0   1   3  -3   1   1 0.00 0.00 0.00 0.00   0   0   0   0   1   1   2   4   3
  1   1   5  -6   1   1 0.40 0.50 1.00 0.74   0   0   0   0   1   1   4   3   2
  0   1   5  10   1   1 0.00 0.00 0.00 0.00   0   0   0   0   1   2   3   4   1
  1   1   1  -6   1   1 0.40 0.50 1.00 0.74   0   0   0   0   1   1   3   4   2
  1   1   5  -3   1   1 0.42 0.52 1.00 0.76   0   0   0   0   1   3   4   2   1
  1   1   4  -7   1   2 0.24 0.28 0.62 0.33   0   0   0   0   1   2   3   4   1
  1   1   4  -7   1   2 0.26 0.28 0.64 0.35   0   0   0   0   1   3   2   4   1
  1   1   5  -5   1   1 0.42 0.52 1.00 0.76   0   0   0   0   1   3   4   1   2
  1   1   6   8   1   2 0.26 0.30 0.64 0.35   0   0   0   0   1   2   3   4   1
  1   1   6   8   1   2 0.28 0.30 0.66 0.37   0   0   0   0   1   4   3   2   1
  0   1   9   8   1   1 0.00 0.00 0.00 0.00   0   0   0   0   1   3   2   4   1
  1   1   4  -8   1   2 0.28 0.32 0.66 0.37   0   0   0   0   1   1   3   4   2
  1   1   1  -8   1   1 0.44 0.54 1.00 0.78   0   0   0   0   1   2   3   4   1
  0   1   1  -6   1   1 0.00 0.00 0.00 0.00   0   0   0   0   1   4   2   3   1
  1   1   3   6   1   1 0.44 0.54 1.00 0.78   0   0   0   0   1   3   2   4   1
  1   1   3   8   1   1 0.46 0.56 1.00 0.80   0   0   0   0   1   4   2   3   1
  1   1   6   7   1   2 0.30 0.32 0.68 0.39   0   0   0   0   1   2   3   1   4
  1   1   1   0   1   1 0.46 0.56 1.00 0.80   0   0   0   0   1   4   3   2   1
  0   1   8  -4   1   1 0.00 0.00 0.00 0.00   0   0   0   0   1   3   2   1   4
  1   1   4  -5   1   2 0.30 0.34 0.68 0.39   0   0   0   0   1   2   4   3   1
  1   1   3   6   1   1 0.48 0.58 1.00 0.82   0   0   0   0   1   1   3   4   2
  1   1   4  -6   1   2 0.32 0.34 0.70 0.41   0   0   0   0   1   4   3   2   1
  1   1   5  -4   1   1 0.48 0.58 1.00 0.82   0   0   0   0   1   1   2   3   4
  0   1   6  -7   1   1 0.00 0.00 0.00 0.00   0   0   0   0   1   2   3   1   4
  1   1   3   8   1   1 0.50 0.60 1.00 0.84   0   0   0   0   1   3   2   1   4
  1   1   6   9   1   2 0.32 0.36 0.70 0.41   0   0   0   0   1   3   4   2   1
  1   1   2  -3   1   2 0.34 0.36 0.72 0.43   0   0   0   0   1   3   1   2   4
  1   1   2  -2   1   2 0.34 0.38 0.72 0.43   0   0   0   0   1   1   3   4   2
  1   1   6   6   1   2 0.36 0.38 0.74 0.45   0   0   0   0   1   1   4   3   2
  1   1   1  -4   1   1 0.50 0.60 1.00 0.84   0   0   0   0   1   2   3   1   4
  1   1   2  -3   1   2 0.36 0.40 0.74 0.45   0   0   0   0   2   3   2   4   1
  1   1   2  -5   1   2 0.38 0.40 0.76 0.47   0   0   0   0   2   2   1   4   3
  0   3   4   8   1   1 0.00 0.00 0.00 0.00   0   0   0   0   1   2   4   3   1
  1   3   6   5   1   2 0.38 0.42 0.76 0.47   0   0   0   0   1   3   2   4   1
  1   3   4  -5   1   2 0.40 0.42 0.78 0.49   0   0   0   0   1   2   4   1   3
  1   3   4  -5   1   2 0.40 0.44 0.78 0.49   0   0   0   0   1   2   3   4   1
  1   3   5  -5   1   1 0.52 0.62 1.00 0.86   0   0   0   0   1   4   1   2   3
  1   3   4  -5   1   2 0.42 0.44 0.80 0.51   0   0   0   0   1   4   1   3   2
  1   3   2   0   1   2 0.42 0.46 0.80 0.51   0   0   0   0   1   4   2   1   3
  1   3   1  -5   1   1 0.52 0.62 1.00 0.86   0   0   0   0   1   1   2   4   3
  1   3   1  -5   1   1 0.54 0.64 1.00 0.88   0   0   0   0   1   4   2   3   1
  1   3   2  -3   1   2 0.44 0.46 0.82 0.53   0   0   0   0   1   1   4   3   2
  1   3   3   5   1   1 0.54 0.64 1.00 0.88   0   0   0   0   1   3   2   4   1
  1   3   2  -5   1   2 0.44 0.48 0.82 0.53   0   0   0   0   1   2   1   3   4
  1   3   5  -5   1   1 0.56 0.66 1.00 0.90   0   0   0   0   1   2   3   1   4
  1   3   3   5   1   1 0.56 0.66 1.00 0.90   0   0   0   0   1   4   1   2   3
  1   3   3   5   1   1 0.58 0.68 1.00 0.92   0   0   0   0   1   1   2   3   4
  1   3   4  -5   1   2 0.46 0.48 0.84 0.55   0   0   0   0   1   3   1   2   4
  1   3   5  -2   1   1 0.58 0.68 1.00 0.92   0   0   0   0   1   3   1   4   2
  1   3   5  -3   1   1 0.60 0.70 1.00 0.94   0   0   0   0   1   2   1   4   3
  0   3   9   8   1   1 0.00 0.00 0.00 0.00   0   0   0   0   1   3   2   1   4
  0   3   8  -5   1   1 0.00 0.00 0.00 0.00   0   0   0   0   1   4   1   3   2
  1   3   6   5   1   2 0.46 0.50 0.84 0.55   0   0   0   0   1   1   2   3   4
  0   3   3   0   1   1 0.00 0.00 0.00 0.00   0   0   0   0   1   4   2   1   3
  0   3   2  -5   1   1 0.00 0.00 0.00 0.00   0   0   0   0   1   1   2   3   4
  1   3   5  -3   1   1 0.60 0.70 1.00 0.94   0   0   0   0   1   2   3   1   4
  1   3   3  10   1   1 0.62 0.72 1.00 0.96   0   0   0   0   1   2   1   3   4
  0   3   7  -3   1   1 0.00 0.00 0.00 0.00   0   0   0   0   1   4   2   3   1
  0   3   5  10   1   1 0.00 0.00 0.00 0.00   0   0   0   0   1   3   4   1   2
  1   3   6   8   1   2 0.48 0.50 0.86 0.57   0   0   0   0   1   3   4   1   2
  0   3   1 -10   1   1 0.00 0.00 0.00 0.00   0   0   0   0   1   2   4   1   3
  1   3   6   8   1   2 0.48 0.52 0.86 0.57   0   0   0   0   1   2   3   1   4
  1   3   1  -5   1   1 0.62 0.72 1.00 0.96   0   0   0   0   1   4   3   1   2
  1   3   1  -5   1   1 0.64 0.74 1.00 0.98   0   0   0   0   1   2   4   3   1
  1   3   1  -5   1   1 0.64 0.74 1.00 0.98   0   0   0   0   1   1   3   2   4
  1   3   2  -3   1   2 0.50 0.52 0.88 0.59   0   0   0   0   1   3   4   1   2
  1   3   2  -3   1   2 0.50 0.54 0.88 0.59   0   0   0   0   1   2   3   1   4
  0   3  10  10   1   1 0.00 0.00 0.00 0.00   0   0   0   0   1   2   3   1   4
  1   3   2  -8   1   2 0.52 0.54 0.90 0.61   0   0   0   0   1   4   2   1   3
  1   3   6   8   1   2 0.52 0.56 0.90 0.61   0   0   0   0   1   3   4   2   1
  1   3   5  -5   1   1 0.66 0.76 1.00 1.00   0   0   0   0   1   4   2   1   3
  1   3   3   5   1   1 0.66 0.76 1.00 1.00   0   0   0   0   1   4   3   2   1
  1   3   3   5   1   1 0.68 0.78 1.00 1.00   0   0   0   0   1   4   1   3   2
  1   3   4  -5   1   2 0.54 0.56 0.92 0.63   0   0   0   0   1   3   4   2   1
  1   3   4  -5   1   2 0.54 0.58 0.92 0.63   0   0   0   0   1   2   3   4   1
  0   3   6  -8   1   1 0.00 0.00 0.00 0.00   0   0   0   0   1   3   2   4   1
  1   3   6   6   1   2 0.56 0.58 0.94 0.65   0   0   0   0   1   2   3   1   4
  1   3   1  -4   1   1 0.68 0.78 1.00 1.00   0   0   0   0   1   3   1   2   4
  1   5   2  -2   1   2 0.56 0.60 0.94 0.65   0   0   0   0   1   2   4   1   3
  1   5   2  -3   1   2 0.58 0.60 0.96 0.67   0   0   0   0   1   3   2   4   1
  0   5   2  -5   1   1 0.00 0.00 0.00 0.00   0   0   0   0   1   2   4   1   3
  0   5  10   8   1   1 0.00 0.00 0.00 0.00   0   0   0   0   1   3   2   1   4
  1   5   5  -3   1   1 0.70 0.80 1.00 1.00   0   0   0   0   1   1   4   3   2
  1   5   3   5   1   1 0.70 0.80 1.00 1.00   0   0   0   0   1   3   4   2   1
  1   5   1  -3   1   1 0.72 0.82 1.00 1.00   0   0   0   0   1   1   4   2   3
  1   5   3   5   1   1 0.72 0.82 1.00 1.00   0   0   0   0   1   1   4   3   2
  1   5   4  -6   1   2 0.58 0.62 0.96 0.67   0   0   0   0   1   2   4   3   1
  1   5   6   8   1   2 0.60 0.62 0.98 0.69   0   0   0   0   1   2   1   4   3
  0   5   5  10   1   1 0.00 0.00 0.00 0.00   0   0   0   0   1   4   1   2   3
  1   5   3   6   1   1 0.74 0.84 1.00 1.00   0   0   0   0   1   3   1   4   2
  1   5   6   9   1   2 0.60 0.64 0.98 0.69   0   0   0   0   1   2   1   4   3
  1   5   6   9   1   2 0.62 0.64 1.00 0.71   0   0   0   0   1   2   3   4   1
  1   5   5  -4   1   1 0.74 0.84 1.00 1.00   0   0   0   0   1   4   3   1   2
  1   5   4  -5   1   2 0.62 0.66 1.00 0.71   0   0   0   0   1   2   4   3   1
  0   5   7  -6   1   1 0.00 0.00 0.00 0.00   0   0   0   0   1   3   1   4   2
  1   5   5  -3   1   1 0.76 0.86 1.00 1.00   0   0   0   0   1   3   4   1   2
  0   5   3  -1   1   1 0.00 0.00 0.00 0.00   0   0   0   0   1   1   3   2   4
  1   5   3   7   1   1 0.76 0.86 1.00 1.00   0   0   0   0   1   4   2   3   1
  1   5   5  -1   1   1 0.78 0.88 1.00 1.00   0   0   0   0   1   3   4   1   2
  1   5   4  -8   1   2 0.64 0.66 1.00 0.73   0   0   0   0   1   3   2   4   1
  1   5   2  -5   1   2 0.64 0.68 1.00 0.73   0   0   0   0   1   4   2   1   3
  0   5   4   5   1   1 0.00 0.00 0.00 0.00   0   0   0   0   1   4   1   2   3
  1   5   4  -8   1   2 0.66 0.68 1.00 0.75   0   0   0   0   1   1   3   4   2
  1   5   4  -8   1   2 0.66 0.70 1.00 0.75   0   0   0   0   1   1   4   3   2
  0   5   6 -10   1   1 0.00 0.00 0.00 0.00   0   0   0   0   1   4   2   1   3
  1   5   1  -5   1   1 0.78 0.88 1.00 1.00   0   0   0   0   1   4   2   3   1
  0   5   9   5   1   1 0.00 0.00 0.00 0.00   0   0   0   0   1   2   3   1   4
  1   5   5  -4   1   1 0.80 0.90 1.00 1.00   0   0   0   0   1   2   4   1   3
  1   5   5  -5   1   1 0.80 0.90 1.00 1.00   0   0   0   0   1   1   3   4   2
  0   5   1  -8   1   1 0.00 0.00 0.00 0.00   0   0   0   0   1   4   3   2   1
  1   5   6   8   1   2 0.68 0.70 1.00 0.77   0   0   0   0   1   3   2   1   4
  1   5   6   8   1   2 0.68 0.72 1.00 0.77   0   0   0   0   1   1   3   4   2
  1   5   3   8   1   1 0.82 0.92 1.00 1.00   0   0   0   0   1   3   2   4   1
  1   5   1  -5   1   1 0.82 0.92 1.00 1.00   0   0   0   0   1   3   1   2   4
  1   5   3   5   1   1 0.84 0.94 1.00 1.00   0   0   0   0   1   4   2   1   3
  0   5   8  -5   1   1 0.00 0.00 0.00 0.00   0   0   0   0   1   1   3   2   4
  1   5   1  -5   1   1 0.84 0.94 1.00 1.00   0   0   0   0   1   2   1   4   3
  1   5   1  -5   1   1 0.86 0.96 1.00 1.00   0   0   0   0   1   3   2   4   1
  1   5   1  -5   1   1 0.86 0.96 1.00 1.00   0   0   0   0   1   1   2   3   4
  1   5   4   5   1   2 0.70 0.72 1.00 0.79   0   0   0   0   1   4   2   3   1
  1   5   2  -5   1   2 0.70 0.74 1.00 0.79   0   0   0   0   1   1   4   2   3
  1   5   6   7   1   2 0.72 0.74 1.00 0.81   0   0   0   0   1   4   3   1   2
  1   5   2  -5   1   2 0.72 0.76 1.00 0.81   0   0   0   0   1   2   1   4   3
  1   5   2  -5   1   2 0.74 0.76 1.00 0.83   0   0   0   0   1   2   4   1   3
