  1   4   3   0   0   1 1.00 0.70 1.00 0.70   0   1   0   1   1   4   3   2   1
  0   4   1 -10   1   1 0.00 0.00 0.00 0.00   0   0   0   0   1   2   3   1   4
  1   4   6   0   0   2 0.50 0.30 0.50 0.30   0   1   1   1   1   4   2   1   3
  0   4   4   8   1   1 0.00 0.00 0.00 0.00   0   0   0   0   1   2   4   3   1
  1   4   3   0   0   1 1.00 0.66 1.00 0.66   0   1   0   1   1   3   1   2   4
  1   4   3   0   0   1 1.00 0.62 1.00 0.62   0   1   0   1   1   3   1   2   4
  1   4   4   0   0   2 0.50 0.26 0.46 0.26   0   1   0   1   1   2   1   3   4
  1   4   5   0   0   1 1.00 0.58 1.00 0.58   1   1   1   1   1   4   2   3   1
  1   4   1   0   0   1 0.96 0.54 0.96 0.54   1   1   1   1   1   1   4   2   3
  1   4   2   0   0   2 0.52 0.22 0.46 0.22   1   0   1   0   1   3   2   1   4
  1   4   6   0   0   2 0.48 0.22 0.42 0.22   1   0   0   0   1   1   4   2   3
  1   4   6   0   0   2 0.44 0.24 0.42 0.24   0   1   0   1   1   3   4   1   2
  0   4   2  -5   1   1 0.00 0.00 0.00 0.00   0   0   0   0   1   4   3   2   1
  1   4   2   0   1   2 0.44 0.20 0.44 0.20   0   0   0   0   1   2   1   4   3
  0   4   8   0   1   1 0.00 0.00 0.00 0.00   0   0   0   0   1   4   3   1   2
  1   4   4  -5   1   2 0.46 0.20 0.44 0.20   0   0   0   0   1   3   4   1   2
  1   4   4  -5   1   2 0.46 0.22 0.46 0.22   0   0   0   0   1   2   3   4   1
  1   4   3   8   1   1 0.92 0.50 0.92 0.50   0   0   0   0   1   2   4   1   3
  1   4   5   0   0   1 0.92 0.50 0.92 0.50   0   1   0   1   1   1   2   4   3
  1   4   4   0   0   2 0.48 0.22 0.46 0.22   0   1   0   1   1   2   3   1   4
  0   4   3   8   1   1 0.00 0.00 0.00 0.00   0   0   0   0   1   2   3   4   1
  1   4   5   0   0   1 0.94 0.46 0.94 0.46   0   1   1   0   1   4   3   2   1
  1   4   1   0   0   1 0.94 0.42 0.90 0.46   0   1   0   1   1   3   2   1   4
  0   4   6  -5   1   1 0.00 0.00 0.00 0.00   0   0   0   0   1   1   4   2   3
  1   4   4  -5   1   2 0.48 0.18 0.48 0.18   0   0   0   0   1   4   3   2   1
  1   4   5   0   0   1 0.96 0.38 0.90 0.42   0   1   0   1   1   3   4   1   2
  1   4   6   0   0   2 0.50 0.18 0.48 0.18   1   0   1   0   1   1   4   2   3
  1   4   2   0   0   2 0.46 0.20 0.44 0.20   1   0   0   1   1   4   2   3   1
  1   4   5   0   0   1 0.96 0.34 0.92 0.38   0   1   0   1   1   4   2   3   1
  1   4   1   0   1   1 0.98 0.30 0.92 0.34   0   0   0   0   1   3   4   2   1
  1   4   1   0   0   1 0.98 0.30 0.94 0.34   0   1   0   1   1   3   2   1   4
  1   4   1   0   1   1 1.00 0.26 0.94 0.30   0   0   0   0   1   2   4   3   1
  1   4   6   8   1   2 0.42 0.20 0.44 0.16   0   0   0   0   1   4   3   1   2
  0   4  10   8   1   1 0.00 0.00 0.00 0.00   0   0   0   0   1   2   3   4   1
  1   4   3   8   1   1 1.00 0.26 0.96 0.30   0   0   0   0   1   3   2   4   1
  1   4   3   8   1   1 1.00 0.28 0.96 0.32   0   0   0   0   1   1   4   2   3
  1   4   2   0   1   2 0.42 0.22 0.46 0.16   0   0   0   0   1   4   1   3   2
  0   4   7  -5   1   1 0.00 0.00 0.00 0.00   0   0   0   0   1   2   3   1   4
  1   4   6   8   1   2 0.44 0.22 0.46 0.18   0   0   0   0   1   1   4   2   3
  0   4   5   8   1   1 0.00 0.00 0.00 0.00   0   0   0   0   1   3   4   1   2
  1   4   2   0   1   2 0.44 0.24 0.48 0.18   0   0   0   0   1   3   4   2   1
  0   4   9   8   1   1 0.00 0.00 0.00 0.00   0   0   0   0   1   3   4   1   2
  1   4   4  -5   1   2 0.46 0.24 0.48 0.20   0   0   0   0   1   4   2   1   3
  1   4   5   0   0   1 1.00 0.28 0.98 0.32   0   1   1   0   1   2   1   3   4
  1   4   1  -5   1   1 1.00 0.24 0.94 0.34   0   0   0   0   1   4   3   1   2
  1   4   2   0   0   2 0.46 0.26 0.50 0.20   0   1   0   0   1   2   3   1   4
  1   4   3   8   1   1 1.00 0.24 0.94 0.34   0   0   0   0   2   3   4   2   1
  1   4   6   8   1   2 0.48 0.22 0.50 0.22   0   0   0   0   2   1   4   3   2
  1   4   3   8   1   1 1.00 0.26 0.96 0.36   0   0   0   0   2   3   4   1   2
  1   4   3   8   1   1 1.00 0.26 0.96 0.36   0   0   0   0   2   4   1   2   3
  1   4   4  -5   1   2 0.48 0.22 0.52 0.22   0   0   0   0   2   2   1   3   4
  1   4   5   0   1   1 1.00 0.28 0.98 0.38   0   0   0   0   2   3   4   1   2
  1   4   1  -5   1   1 1.00 0.28 0.98 0.38   0   0   0   0   2   2   1   4   3
  1   4   2   0   1   2 0.50 0.24 0.52 0.24   0   0   0   0   2   4   3   2   1
  1   4   6   8   1   2 0.50 0.24 0.54 0.24   0   0   0   0   2   4   3   1   2
  1   4   6   8   1   2 0.52 0.26 0.54 0.26   0   0   0   0   2   2   1   3   4
  1   4   5   0   1   1 1.00 0.30 1.00 0.40   0   0   0   0   2   2   4   1   3
  1   4   4  -5   1   2 0.52 0.26 0.56 0.26   0   0   0   0   2   3   2   4   1
  1   4   5   0   0   1 1.00 0.30 1.00 0.40   0   1   0   0   2   2   3   4   1
  1   4   1  -5   1   1 1.00 0.26 1.00 0.42   0   0   0   0   2   4   3   1   2
  1   4   5   0   0   1 1.00 0.26 1.00 0.42   1   1   1   1   2   1   2   4   3
  1   4   6   0   0   2 0.54 0.28 0.56 0.28   0   1   0   1   2   2   1   3   4
  1   4   2   0   0   2 0.54 0.24 0.58 0.24   0   1   0   1   2   3   2   4   1
  1   4   5   0   1   1 0.96 0.22 0.96 0.38   0   0   0   0   2   2   3   4   1
  1   4   1  -5   1   1 0.96 0.22 0.96 0.38   0   0   0   0   2   3   4   1   2
  1   4   5   0   0   1 0.98 0.24 0.98 0.40   0   1   0   1   2   1   2   3   4
  1   4   2   0   1   2 0.56 0.20 0.58 0.20   0   0   0   0   2   3   1   4   2
  1   4   5   0   1   1 0.98 0.20 0.98 0.36   0   0   0   0   3   1   4   3   2
  1   4   5   0   0   1 1.00 0.20 1.00 0.36   0   0   0   1   3   1   2   4   3
  1   4   6   8   1   2 0.56 0.20 0.60 0.20   0   0   0   0   3   4   3   2   1
  1   4   2   0   1   2 0.58 0.22 0.60 0.22   0   0   0   0   3   2   3   1   4
  1   4   5   0   1   1 1.00 0.22 1.00 0.32   0   0   0   0   3   1   4   2   3
  1   4   5   0   1   1 1.00 0.22 1.00 0.32   0   0   0   0   4   3   2   1   4
  1   5   5   0   1   1 1.00 0.24 1.00 0.34   0   0   0   0   1   3   2   1   4
  1   5   3   8   1   1 1.00 0.24 1.00 0.34   0   0   0   0   1   1   4   2   3
  1   5   5   0   1   1 1.00 0.26 1.00 0.36   0   0   0   0   1   2   1   4   3
  0   5   9   8   1   1 0.00 0.00 0.00 0.00   0   0   0   0   1   4   2   1   3
  1   5   3   0   0   1 1.00 0.26 1.00 0.36   0   1   0   1   1   3   4   2   1
  1   5   2   0   1   2 0.58 0.22 0.62 0.22   0   0   0   0   1   3   2   4   1
  0   5   2  -5   1   1 0.00 0.00 0.00 0.00   0   0   0   0   1   4   1   2   3
  0   5   7  -5   1   1 0.00 0.00 0.00 0.00   0   0   0   0   1   3   2   1   4
  1   5   1  -5   1   1 1.00 0.22 1.00 0.32   0   0   0   0   1   2   4   3   1
  1   5   4   0   0   2 0.60 0.24 0.62 0.24   0   1   0   1   1   2   1   3   4
  1   5   1  -5   1   1 1.00 0.22 1.00 0.32   0   0   0   0   1   4   3   1   2
  1   5   1   0   0   1 1.00 0.24 1.00 0.34   0   0   0   1   1   2   3   4   1
  1   5   2   0   1   2 0.60 0.20 0.64 0.20   0   0   0   0   1   1   3   4   2
  1   5   3   8   1   1 1.00 0.24 1.00 0.30   0   0   0   0   1   2   4   3   1
  0   5   6  -5   1   1 0.00 0.00 0.00 0.00   0   0   0   0   1   3   2   1   4
  1   5   6   8   1   2 0.62 0.20 0.64 0.20   0   0   0   0   1   4   1   2   3
  1   5   2   0   1   2 0.62 0.22 0.66 0.22   0   0   0   0   1   4   3   1   2
  1   5   6   1   1   2 0.64 0.22 0.66 0.22   0   0   0   0   1   1   2   3   4
  1   5   4  -5   1   2 0.64 0.24 0.68 0.24   0   0   0   0   1   2   1   3   4
  1   5   2   0   1   2 0.66 0.24 0.68 0.24   0   0   0   0   1   1   3   2   4
  1   5   5   0   0   1 1.00 0.26 1.00 0.30   0   1   0   1   1   4   1   3   2
  1   5   2   0   1   2 0.66 0.26 0.70 0.26   0   0   0   0   1   3   4   1   2
  1   5   5   0   0   1 1.00 0.22 1.00 0.26   0   1   0   0   1   1   3   4   2
  1   5   1  -5   1   1 1.00 0.18 1.00 0.26   0   0   0   0   1   4   1   3   2
  0   5   3   0   1   1 0.00 0.00 0.00 0.00   0   0   0   0   1   3   1   4   2
  1   5   1  -5   1   1 1.00 0.18 1.00 0.28   0   0   0   0   1   1   3   4   2
  0   5  10   8   1   1 0.00 0.00 0.00 0.00   0   0   0   0   1   2   4   1   3
  1   5   3   8   1   1 1.00 0.20 1.00 0.28   0   0   0   0   1   4   3   2   1
  1   5   6   8   1   2 0.68 0.26 0.70 0.26   0   0   0   0   1   2   1   3   4
  1   5   1  -5   1   1 1.00 0.20 1.00 0.30   0   0   0   0   1   1   4   3   2
  1   5   5   0   1   1 1.00 0.22 1.00 0.30   0   0   0   0   1   2   4   3   1
  1   5   6   8   1   2 0.68 0.28 0.72 0.28   0   0   0   0   1   2   4   1   3
  1   5   3   8   1   1 1.00 0.22 1.00 0.32   0   0   0   0   1   2   4   1   3
  1   5   3   8   1   1 1.00 0.24 1.00 0.32   0   0   0   0   1   4   3   1   2
  1   5   6   8   1   2 0.70 0.28 0.72 0.28   0   0   0   0   1   4   2   3   1
  1   5   4  -5   1   2 0.70 0.30 0.74 0.30   0   0   0   0   1   3   2   4   1
  0   5   8   0   1   1 0.00 0.00 0.00 0.00   0   0   0   0   1   1   2   3   4
  1   5   4  -5   1   2 0.72 0.30 0.74 0.30   0   0   0   0   1   1   3   2   4
  1   5   4  -5   1   2 0.72 0.32 0.76 0.32   0   0   0   0   1   4   1   2   3
  1   5   2   0   1   2 0.74 0.32 0.76 0.32   0   0   0   0   1   2   4   3   1
  1   5   6   0   0   2 0.74 0.34 0.78 0.34   0   1   0   1   1   1   2   3   4
  1   5   4   0   0   2 0.76 0.30 0.78 0.30   0   1   0   1   1   3   4   1   2
  1   5   5   0   0   1 1.00 0.24 1.00 0.34   1   0   0   1   1   2   3   1   4
  0   5   5   8   1   1 0.00 0.00 0.00 0.00   0   0   0   0   1   2   3   4   1
  0   5   1  -5   1   1 0.00 0.00 0.00 0.00   0   0   0   0   1   4   3   2   1
  0   5   4   8   1   1 0.00 0.00 0.00 0.00   0   0   0   0   1   3   2   1   4
  1   5   3   8   1   1 0.96 0.26 1.00 0.30   0   0   0   0   2   2   3   1   4
  1   5   4  -5   1   2 0.76 0.26 0.80 0.26   0   0   0   0   2   1   2   3   4
  1   5   1  -5   1   1 0.96 0.26 1.00 0.30   0   0   0   0   2   2   4   1   3
  1   5   5   0   0   1 0.98 0.28 1.00 0.32   1   1   0   1   2   1   4   2   3
  1   5   5   0   1   1 0.94 0.24 1.00 0.28   0   0   0   0   2   4   2   1   3
  1   5   6   8   1   2 0.78 0.26 0.80 0.26   0   0   0   0   2   2   4   1   3
  1   5   4  -5   1   2 0.78 0.28 0.82 0.28   0   0   0   0   2   3   4   2   1
  1   5   5   0   1   1 0.94 0.24 1.00 0.28   0   0   0   0   2   1   4   2   3
  1   5   5   0   1   1 0.96 0.26 1.00 0.30   0   0   0   0   3   1   4   3   2
  1   3   1   0   0   1 0.96 0.26 1.00 0.30   0   1   0   1   1   4   2   1   3
  1   3   2   0   0   2 0.80 0.28 0.82 0.28   0   1   0   1   1   4   1   2   3
  0   3  10   8   1   1 0.00 0.00 0.00 0.00   0   0   0   0   1   2   1   4   3
  1   3   5   0   1   1 0.98 0.22 1.00 0.26   0   0   0   0   1   2   1   3   4
  0   3   3   8   1   1 0.00 0.00 0.00 0.00   0   0   0   0   1   2   1   4   3
  1   3   5   0   0   1 0.98 0.22 1.00 0.26   1   0   0   0   1   2   1   4   3
  1   3   1   0   0   1 0.94 0.24 1.00 0.28   1   1   0   1   1   4   1   3   2
  0   3   6  -5   1   1 0.00 0.00 0.00 0.00   0   0   0   0   1   3   1   4   2
  1   3   1   0   1   1 0.90 0.20 1.00 0.24   0   0   0   0   1   3   2   1   4
  1   3   5   0   0   1 0.90 0.20 1.00 0.24   0   0   0   1   1   4   1   3   2
  0   3   4   8   1   1 0.00 0.00 0.00 0.00   0   0   0   0   1   4   2   1   3
  1   3   2   0   0   2 0.80 0.24 0.84 0.24   1   1   0   1   1   2   4   3   1
  1   3   6   0   0   2 0.76 0.20 0.84 0.20   1   0   0   0   1   4   1   2   3
  1   3   3   0   0   1 0.92 0.22 1.00 0.20   1   1   0   1   1   4   3   1   2
  0   3   2  -5   1   1 0.00 0.00 0.00 0.00   0   0   0   0   1   4   1   3   2
  1   3   4  -5   1   2 0.72 0.20 0.86 0.20   0   0   0   0   1   4   1   3   2
  1   3   6   0   0   2 0.72 0.22 0.86 0.22   0   1   0   1   1   2   3   1   4
  1   3   1   0   0   1 0.88 0.18 1.00 0.16   1   1   1   1   1   4   3   1   2
  0   3   5   8   1   1 0.00 0.00 0.00 0.00   0   0   0   0   1   2   1   4   3
  1   3   3   0   0   1 0.84 0.14 0.96 0.12   1   0   0   0   1   4   1   3   2
  1   3   5   0   1   1 0.80 0.14 0.96 0.12   0   0   0   0   1   3   1   2   4
  1   3   3   0   0   1 0.80 0.16 0.98 0.14   1   0   0   0   1   1   2   3   4
  1   3   4   0   0   2 0.74 0.18 0.88 0.18   1   1   0   1   1   1   4   2   3
  1   3   6   0   0   2 0.70 0.14 0.88 0.14   1   0   0   0   1   3   1   4   2
  1   3   4  -5   1   2 0.66 0.14 0.90 0.14   0   0   0   0   1   4   2   1   3
  1   3   5   0   0   1 0.76 0.16 0.98 0.14   1   0   0   0   1   1   3   2   4
  1   3   4   0   0   2 0.66 0.16 0.90 0.16   1   1   0   0   1   3   1   4   2
  1   3   2   0   1   2 0.62 0.12 0.92 0.16   0   0   0   0   1   4   3   2   1
  1   3   2   0   0   2 0.62 0.12 0.92 0.18   1   0   0   0   1   1   2   3   4
  1   3   3   8   1   1 0.72 0.18 1.00 0.16   0   0   0   0   1   2   3   4   1
  0   3   8   0   1   1 0.00 0.00 0.00 0.00   0   0   0   0   1   3   1   2   4
  1   3   4   0   0   2 0.58 0.14 0.94 0.18   1   0   0   0   1   4   1   2   3
  1   3   5   0   0   1 0.72 0.18 1.00 0.16   0   0   1   1   1   4   3   1   2
  1   3   2   0   0   2 0.54 0.14 0.94 0.20   1   0   0   0   1   4   3   1   2
  0   3   9   8   1   1 0.00 0.00 0.00 0.00   0   0   0   0   1   4   1   3   2
  1   3   4   0   0   2 0.50 0.16 0.96 0.20   1   0   0   0   1   3   2   1   4
  1   3   3   0   0   1 0.74 0.20 0.96 0.12   1   0   0   0   1   4   2   3   1
  0   3   1  -5   1   1 0.00 0.00 0.00 0.00   0   0   0   0   1   1   3   4   2
  1   3   6   8   1   2 0.46 0.16 0.96 0.22   0   0   0   0   1   1   3   4   2
  1   3   1   0   0   1 0.70 0.20 0.96 0.12   1   1   0   0   1   4   2   3   1
  1   3   6   0   0   2 0.46 0.18 0.98 0.22   0   0   0   1   1   2   4   3   1
  1   3   2   0   0   2 0.48 0.18 0.98 0.18   1   0   0   0   1   1   2   3   4
  1   3   1   0   0   1 0.66 0.16 0.98 0.14   1   1   1   0   1   2   3   1   4
  0   3   7  -5   1   1 0.00 0.00 0.00 0.00   0   0   0   0   1   1   2   4   3
  1   3   3   0   0   1 0.62 0.12 0.94 0.14   1   0   0   0   1   1   3   4   2
  1   3   6   0   0   2 0.44 0.20 1.00 0.18   1   0   0   0   1   1   2   4   3
  1   3   1  -5   1   1 0.58 0.12 0.94 0.16   0   0   0   0   2   2   3   1   4
  1   3   2   0   0   2 0.40 0.20 1.00 0.20   1   1   0   1   2   4   2   1   3
  1   3   5   0   1   1 0.58 0.14 0.96 0.16   0   0   0   0   2   4   3   1   2
  1   3   1   0   0   1 0.60 0.14 0.96 0.18   1   0   0   0   2   1   3   2   4
  1   3   5   0   0   1 0.56 0.16 0.98 0.18   1   1   0   1   2   1   4   3   2
  1   3   2   0   0   2 0.36 0.16 1.00 0.16   1   0   0   0   2   1   4   2   3
  1   3   6   0   0   2 0.32 0.16 1.00 0.16   1   1   0   1   2   3   1   4   2
  1   3   3   8   1   1 0.52 0.12 0.98 0.14   0   0   0   0   2   4   2   1   3
  1   3   6   7   1   2 0.28 0.12 1.00 0.12   0   0   0   0   2   4   1   3   2
  1   3   1  -5   1   1 0.52 0.12 1.00 0.14   0   0   0   0   2   4   3   1   2
  1   3   3   7   0   1 0.54 0.14 1.00 0.16   1   0   0   0   2   3   2   4   1
  1   3   3   0   0   1 0.50 0.14 1.00 0.16   1   1   0   1   2   1   4   3   2
  1   3   4  -5   1   2 0.28 0.12 1.00 0.12   0   0   0   0   2   2   3   1   4
  1   3   6   7   1   2 0.30 0.14 1.00 0.14   0   0   0   0   2   1   3   4   2
  1   3   5   0   1   1 0.46 0.10 1.00 0.12   0   0   0   0   2   3   4   2   1
  1   3   4  -5   1   2 0.30 0.14 1.00 0.14   0   0   0   0   2   4   2   3   1
  1   3   2   0   0   2 0.32 0.16 1.00 0.16   1   1   0   1   2   2   1   4   3
  1   3   4   0   0   2 0.28 0.12 1.00 0.12   1   1   0   1   2   2   1   4   3
  1   3   5   0   0   1 0.46 0.10 1.00 0.12   1   0   0   0   2   1   2   3   4
  1   3   2   0   1   2 0.24 0.08 1.00 0.08   0   0   0   0   2   3   2   1   4
  1   3   4   0   0   2 0.24 0.08 1.00 0.08   1   0   0   0   2   2   4   1   3
  1   3   3   0   0   1 0.42 0.12 1.00 0.14   0   1   0   0   2   1   2   4   3
  1   3   1   0   0   1 0.42 0.08 1.00 0.14   1   0   0   0   2   2   1   3   4
  1   3   6   7   1   2 0.20 0.10 1.00 0.10   0   0   0   0   2   3   4   2   1
  1   3   2   0   0   2 0.20 0.10 1.00 0.10   1   0   0   0   2   1   2   4   3
  1   3   1   0   0   1 0.38 0.08 1.00 0.16   1   0   0   0   2   1   2   3   4
  1   3   3   0   0   1 0.34 0.10 1.00 0.16   1   0   0   0   2   2   3   4   1
  1   3   6   0   0   2 0.16 0.12 1.00 0.12   1   1   0   1   2   1   2   4   3
  1   3   2   0   1   2 0.12 0.08 1.00 0.08   0   0   0   0   3   2   1   3   4
  1   3   1   0   0   1 0.30 0.10 1.00 0.18   1   0   0   1   3   4   2   3   1
  1   3   5   0   1   1 0.26 0.12 1.00 0.14   0   0   0   0   3   1   3   2   4
  1   3   2   0   1   2 0.12 0.08 1.00 0.08   0   0   0   0   3   2   4   1   3
  1   3   6   0   0   2 0.14 0.10 1.00 0.10   0   0   1   0   3   4   3   1   2
  1   3   3   0   0   1 0.26 0.12 1.00 0.14   1   1   0   1   3   2   3   4   1
  1   3   3   8   1   1 0.22 0.08 1.00 0.10   0   0   0   0   3   4   2   1   3
  1   3   2   0   1   2 0.14 0.10 0.96 0.10   0   0   0   0   3   2   4   3   1
  1   3   4  -5   1   2 0.16 0.12 0.96 0.12   0   0   0   0   3   2   4   3   1
  1   3   5   0   0   1 0.22 0.08 1.00 0.10   0   0   1   0   3   2   3   4   1
  1   3   4   0   0   2 0.16 0.12 0.98 0.12   1   0   0   0   3   3   2   4   1
  1   3   3   7   1   1 0.24 0.10 0.96 0.12   0   0   0   0   3   2   1   4   3
  1   3   1   0   0   1 0.24 0.10 0.96 0.12   0   0   1   1   3   3   4   2   1
  1   3   2   0   1   2 0.12 0.14 0.98 0.14   0   0   0   0   3   2   4   1   3
  1   3   1   0   0   1 0.26 0.12 0.92 0.08   1   0   0   0   3   3   1   2   4
  1   3   3   0   0   1 0.22 0.12 0.92 0.08   1   0   0   0   3   1   2   4   3
  1   3   6   8   1   2 0.12 0.14 1.00 0.14   0   0   0   0   3   1   2   3   4
  1   3   1   0   0   1 0.18 0.14 0.94 0.10   1   0   1   0   4   1   3   2   4
  1   3   6   0   0   2 0.14 0.16 1.00 0.16   1   0   0   0   4   4   2   1   3
  1   3   3   8   1   1 0.14 0.14 0.90 0.10   0   0   0   0   4   4   1   2   3
  1   3   5   0   1   1 0.14 0.16 0.90 0.12   0   0   0   0   4   2   3   1   4
  1   3   4   0   0   2 0.10 0.16 1.00 0.16   0   1   1   0   4   4   3   1   2
  1   3   1  -5   1   1 0.16 0.16 0.92 0.12   0   0   0   0   4   4   2   1   3
  1   3   1  -5   1   1 0.16 0.18 0.92 0.14   0   0   0   0   4   2   4   3   1
  1   3   3   8   1   1 0.18 0.18 0.94 0.14   0   0   0   0   4   4   2   3   1
  1   3   1   0   0   1 0.18 0.20 0.94 0.16   0   1   1   1   5   3   1   2   4
  1   3   6   0   0   2 0.10 0.12 0.96 0.18   0   1   1   1   5   3   4   1   2
  1   3   4   0   0   2 0.12 0.08 0.92 0.14   0   0   1   0   5   1   3   4   2
  1   3   1  -5   1   1 0.20 0.16 0.90 0.12   0   0   0   0   6   4   2   1   3
  1   3   6   0   0   2 0.12 0.08 0.88 0.14   0   0   0   1   6   1   3   2   4
  1   3   4  -5   1   2 0.14 0.10 0.88 0.10   0   0   0   0   6   2   4   3   1
  1   3   6   8   1   2 0.14 0.10 0.90 0.10   0   0   0   0   7   2   4   1   3
  1   1   1  -5   1   1 0.20 0.16 0.90 0.12   0   0   0   0   1   2   1   4   3
  1   1   3   8   1   1 0.22 0.18 0.92 0.14   0   0   0   0   1   3   4   1   2
  1   1   6   8   1   2 0.16 0.12 0.90 0.12   0   0   0   0   1   3   4   1   2
  1   1   3   8   1   1 0.22 0.18 0.92 0.14   0   0   0   0   1   3   1   2   4
  1   1   4  -5   1   2 0.16 0.12 0.92 0.12   0   0   0   0   1   2   3   4   1
  1   1   5   0   0   1 0.24 0.20 0.94 0.16   0   1   1   1   1   2   3   1   4
  1   1   2   0   1   2 0.18 0.14 0.92 0.14   0   0   0   0   1   4   1   2   3
  0   1   5   8   1   1 0.00 0.00 0.00 0.00   0   0   0   0   1   2   4   1   3
  1   1   1  -5   1   1 0.24 0.16 0.90 0.12   0   0   0   0   1   1   4   2   3
  0   1   7  -5   1   1 0.00 0.00 0.00 0.00   0   0   0   0   1   3   2   1   4
  0   1   6  -5   1   1 0.00 0.00 0.00 0.00   0   0   0   0   1   3   4   1   2
  1   1   4   0   0   2 0.18 0.14 0.94 0.14   0   0   1   0   1   3   2   1   4
  0   1   1  -5   1   1 0.00 0.00 0.00 0.00   0   0   0   0   1   2   1   4   3
  1   1   6   8   1   2 0.20 0.16 0.90 0.16   0   0   0   0   1   4   3   1   2
  1   1   5   0   1   1 0.26 0.16 0.90 0.12   0   0   0   0   1   3   2   1   4
  1   1   6   0   0   2 0.20 0.16 0.90 0.16   1   0   0   1   1   3   1   2   4
  1   1   2   0   1   2 0.16 0.18 0.92 0.12   0   0   0   0   1   2   3   1   4
  1   1   4   0   0   2 0.16 0.18 0.92 0.12   0   0   1   0   1   2   4   1   3
  1   1   2   0   1   2 0.18 0.20 0.88 0.14   0   0   0   0   1   3   1   4   2
  1   1   6   0   0   2 0.18 0.20 0.88 0.14   0   1   1   0   1   2   1   3   4
  1   1   5   0   1   1 0.26 0.18 0.92 0.14   0   0   0   0   1   2   1   3   4
  1   1   1   0   0   1 0.28 0.18 0.92 0.14   1   0   1   0   1   4   1   3   2
  1   1   2   0   1   2 0.20 0.16 0.84 0.16   0   0   0   0   1   4   1   2   3
  1   1   3   0   0   1 0.24 0.20 0.88 0.16   0   1   0   0   1   4   3   2   1
  1   1   5   0   1   1 0.24 0.16 0.88 0.16   0   0   0   0   1   4   2   1   3
  1   1   3   0   0   1 0.26 0.16 0.90 0.18   0   0   0   1   1   1   2   4   3
  0   1   8   0   1   1 0.00 0.00 0.00 0.00   0   0   0   0   1   2   1   4   3
  1   1   6   7   1   2 0.20 0.16 0.84 0.16   0   0   0   0   1   2   4   3   1
  1   1   2   0   0   2 0.22 0.18 0.86 0.18   0   0   1   0   1   2   4   1   3
  1   1   4  -5   1   2 0.22 0.18 0.82 0.18   0   0   0   0   1   2   4   1   3
  1   1   2   0   0   2 0.24 0.20 0.82 0.20   1   1   0   1   1   1   4   3   2
  1   1   3   8   1   1 0.26 0.18 0.90 0.14   0   0   0   0   1   2   3   4   1
  0   1   4   8   1   1 0.00 0.00 0.00 0.00   0   0   0   0   1   3   2   4   1
  1   1   1  -5   1   1 0.28 0.18 0.92 0.14   0   0   0   0   1   1   3   4   2
  1   1   5   0   1   1 0.28 0.20 0.92 0.16   0   0   0   0   1   2   3   1   4
  0   1  10   8   1   1 0.00 0.00 0.00 0.00   0   0   0   0   1   2   1   3   4
  1   1   6   8   1   2 0.20 0.16 0.84 0.16   0   0   0   0   1   2   3   1   4
  0   1   9   8   1   1 0.00 0.00 0.00 0.00   0   0   0   0   1   2   3   1   4
  0   1   2  -5   1   1 0.00 0.00 0.00 0.00   0   0   0   0   1   2   3   4   1
  1   1   5   0   1   1 0.30 0.20 0.94 0.16   0   0   0   0   1   2   1   3   4
  1   1   3   0   0   1 0.30 0.22 0.94 0.18   0   1   0   1   1   4   2   3   1
  1   1   4  -5   1   2 0.20 0.16 0.84 0.16   0   0   0   0   1   1   4   2   3
  1   1   4  -5   1   2 0.22 0.18 0.86 0.18   0   0   0   0   1   1   3   2   4
  1   1   1  -5   1   1 0.32 0.18 0.96 0.14   0   0   0   0   1   2   1   4   3
  0   1   3   0   1   1 0.00 0.00 0.00 0.00   0   0   0   0   1   2   1   4   3
  1   1   1  -5   1   1 0.32 0.18 0.96 0.14   0   0   0   0   1   4   3   1   2
  1   1   5   0   0   1 0.34 0.20 0.98 0.16   1   1   0   0   2   4   2   1   3
  1   1   4   0   0   2 0.22 0.18 0.86 0.18   0   0   0   1   2   2   4   3   1
  1   1   6   7   1   2 0.24 0.20 0.88 0.14   0   0   0   0   2   3   1   2   4
  1   1   4  -5   1   2 0.24 0.20 0.88 0.14   0   0   0   0   2   3   4   1   2
  1   1   6   0   0   2 0.26 0.22 0.90 0.16   0   1   0   1   2   1   4   3   2
  1   1   1   0   0   1 0.30 0.16 0.98 0.16   0   1   0   1   2   4   2   1   3
  1   1   3   0   0   1 0.30 0.12 1.00 0.12   1   1   0   1   2   1   2   4   3
  1   1   3   0   0   1 0.26 0.08 1.00 0.08   1   0   0   0   2   2   3   1   4
  1   1   2   0   1   2 0.26 0.18 0.90 0.12   0   0   0   0   2   3   4   2   1
  1   1   2   0   1   2 0.28 0.18 0.92 0.12   0   0   0   0   2   4   2   3   1
  1   1   3   8   1   1 0.22 0.08 1.00 0.08   0   0   0   0   2   3   1   4   2
  1   1   5   0   1   1 0.22 0.10 1.00 0.10   0   0   0   0   3   3   2   1   4
  1   1   4   0   0   2 0.28 0.20 0.92 0.14   1   1   0   1   3   4   3   2   1
  1   1   6   8   1   2 0.24 0.16 0.94 0.10   0   0   0   0   3   2   1   3   4
  1   1   1  -5   1   1 0.24 0.10 1.00 0.10   0   0   0   0   3   1   2   4   3
  1   1   3   8   1   1 0.24 0.12 1.00 0.12   0   0   0   0   3   3   2   1   4
  1   1   3   8   1   1 0.26 0.12 1.00 0.12   0   0   0   0   3   2   4   1   3
  1   1   4   0   0   2 0.24 0.16 0.94 0.10   0   1   0   0   4   3   4   2   1
  1   1   4  -5   1   2 0.26 0.12 0.96 0.12   0   0   0   0   5   3   4   2   1
  1   2   5   0   1   1 0.26 0.14 1.00 0.14   0   0   0   0   1   4   1   3   2
  1   2   1   0   1   1 0.28 0.14 1.00 0.14   0   0   0   0   1   2   1   4   3
  0   2   7   0   1   1 0.00 0.00 0.00 0.00   0   0   0   0   1   4   1   3   2
  1   2   3   8   1   1 0.28 0.16 1.00 0.16   0   0   0   0   1   1   2   3   4
  1   2   3   8   1   1 0.30 0.16 1.00 0.16   0   0   0   0   1   2   4   3   1
  1   2   2   0   1   2 0.26 0.12 0.96 0.12   0   0   0   0   1   4   2   3   1
  0   2   3   0   1   1 0.00 0.00 0.00 0.00   0   0   0   0   1   3   4   1   2
  0   2   9   8   1   1 0.00 0.00 0.00 0.00   0   0   0   0   1   3   1   2   4
  1   2   4   0   0   2 0.28 0.14 0.98 0.14   1   0   0   0   1   1   2   3   4
  1   2   1   0   0   1 0.30 0.18 1.00 0.18   1   1   0   1   1   2   4   1   3
  1   2   3   8   1   1 0.26 0.14 1.00 0.14   0   0   0   0   1   3   1   2   4
  1   2   4  -5   1   2 0.24 0.14 0.98 0.14   0   0   0   0   1   4   2   3   1
  1   2   6   8   1   2 0.24 0.16 1.00 0.16   0   0   0   0   1   2   1   4   3
  1   2   2   0   1   2 0.26 0.16 1.00 0.16   0   0   0   0   1   4   1   2   3
  0   2   6  -5   1   1 0.00 0.00 0.00 0.00   0   0   0   0   1   3   4   2   1
  1   2   4   0   0   2 0.26 0.18 1.00 0.18   1   1   0   1   1   2   1   4   3
  1   2   1  -5   1   1 0.26 0.14 1.00 0.14   0   0   0   0   1   1   4   2   3
  1   2   3   8   1   1 0.28 0.16 1.00 0.16   0   0   0   0   1   3   4   2   1
  1   2   5   0   0   1 0.28 0.16 1.00 0.16   0   0   0   1   1   3   1   4   2
  1   2   6   7   1   2 0.22 0.14 1.00 0.14   0   0   0   0   1   2   3   4   1
  1   2   2   0   1   2 0.22 0.14 1.00 0.14   0   0   0   0   1   4   3   2   1
  0   2   5   8   1   1 0.00 0.00 0.00 0.00   0   0   0   0   1   2   1   4   3
  1   2   2   0   0   2 0.24 0.16 1.00 0.16   1   0   0   0   1   3   1   2   4
  1   2   5   0   0   1 0.30 0.18 1.00 0.12   1   1   0   1   1   3   1   4   2
  0   2   8   0   1   1 0.00 0.00 0.00 0.00   0   0   0   0   1   3   2   4   1
  1   2   6   0   0   2 0.20 0.16 1.00 0.16   0   0   0   1   1   2   4   1   3
  1   2   5   0   1   1 0.26 0.14 1.00 0.08   0   0   0   0   1   3   2   1   4
  1   2   3   8   1   1 0.26 0.14 1.00 0.08   0   0   0   0   1   2   4   3   1
  1   2   1  -5   1   1 0.28 0.16 1.00 0.10   0   0   0   0   1   4   1   2   3
  1   2   4  -5   1   2 0.20 0.18 1.00 0.12   0   0   0   0   1   4   3   1   2
  1   2   5   0   1   1 0.28 0.16 1.00 0.10   0   0   0   0   1   1   2   3   4
  1   2   3   8   1   1 0.30 0.18 1.00 0.12   0   0   0   0   1   3   2   1   4
  0   2   1  -5   1   1 0.00 0.00 0.00 0.00   0   0   0   0   1   2   4   3   1
  0   2  10   8   1   1 0.00 0.00 0.00 0.00   0   0   0   0   1   3   4   1   2
  1   2   2   8   1   2 0.22 0.18 1.00 0.12   0   0   0   0   1   4   3   1   2
  1   2   6   8   1   2 0.22 0.20 1.00 0.14   0   0   0   0   1   1   3   4   2
  0   2   4   8   1   1 0.00 0.00 0.00 0.00   0   0   0   0   1   1   3   2   4
  1   2   1  -5   1   1 0.30 0.18 1.00 0.12   0   0   0   0   1   2   4   3   1
  1   2   1  -5   1   1 0.32 0.20 1.00 0.14   0   0   0   0   1   2   1   4   3
  1   2   4   0   0   2 0.24 0.20 1.00 0.14   1   1   0   1   1   3   1   4   2
  1   2   2   0   1   2 0.20 0.16 1.00 0.10   0   0   0   0   1   3   1   4   2
  0   2   2  -5   1   1 0.00 0.00 0.00 0.00   0   0   0   0   1   3   4   2   1
  1   2   6   8   1   2 0.20 0.16 1.00 0.10   0   0   0   0   1   4   2   3   1
  1   2   5   0   0   1 0.32 0.20 1.00 0.14   1   1   0   1   1   2   1   3   4
  1   2   6   0   0   2 0.22 0.18 1.00 0.12   1   0   0   0   1   1   4   3   2
  1   2   4   0   0   2 0.18 0.18 1.00 0.12   1   1   0   0   1   2   4   3   1
  1   2   4  -5   1   2 0.14 0.14 1.00 0.14   0   0   0   0   2   3   4   2   1
  1   2   1  -5   1   1 0.28 0.16 1.00 0.10   0   0   0   0   2   1   3   4   2
  1   2   4  -5   1   2 0.14 0.14 1.00 0.14   0   0   0   0   2   2   3   1   4
  1   2   5   0   1   1 0.28 0.16 1.00 0.10   0   0   0   0   2   3   1   4   2
  1   2   2   0   1   2 0.16 0.16 1.00 0.16   0   0   0   0   2   3   1   4   2
  1   2   5   0   1   1 0.30 0.18 1.00 0.12   0   0   0   0   2   1   3   2   4
  1   2   6   8   1   2 0.16 0.16 1.00 0.16   0   0   0   0   2   1   3   2   4
  1   2   4  -5   1   2 0.18 0.18 1.00 0.18   0   0   0   0   2   1   4   3   2
  1   2   5   0   0   1 0.30 0.18 1.00 0.12   1   1   0   1   2   4   1   3   2
  1   2   6   0   0   2 0.18 0.18 1.00 0.18   0   1   0   1   2   3   2   4   1
  1   2   4  -5   1   2 0.20 0.14 1.00 0.14   0   0   0   0   2   2   1   3   4
  1   2   5   0   0   1 0.26 0.14 1.00 0.08   1   1   0   0   3   4   1   2   3
  1   2   6   8   1   2 0.20 0.14 1.00 0.14   0   0   0   0   3   2   4   3   1
  1   2   5   0   1   1 0.22 0.10 1.00 0.08   0   0   0   0   4   3   2   4   1
