  1   1   1   1   1   1 0.06 0.02 0.04 0.12   0   0   0   0   3
  1   1   4  -6   1   2 0.28 0.20 0.12 0.16   0   0   0   0   2
  1   1   1   0   1   1 0.24 0.10 0.04 0.10   0   0   0   0   2
  1   1   5  -2   1   1 0.02 0.02 0.02 0.18   0   0   0   0   4
  1   1   6   4   1   2 0.12 0.20 0.02 0.26   0   0   0   0   4
  1   1   6   4   1   2 0.02 0.02 0.02 0.14   0   0   0   0  11
  0   1   4   7   1   1 0.00 0.00 0.00 0.00   0   0   0   0   2
  1   1   4   0   1   2 0.24 0.16 0.20 0.24   0   0   0   0   1
  1   1   6  -2   1   2 0.22 0.24 0.06 0.20   0   0   0   0   2
  1   1   2  -4   1   2 0.22 0.24 0.06 0.20   0   0   0   0   2
  1   1   4   0   1   2 0.22 0.14 0.12 0.16   0   0   0   0   1
  0   1   3   0   1   1 0.00 0.00 0.00 0.00   0   0   0   0   2
  1   1   5  -2   1   1 0.20 0.12 0.02 0.06   0   0   0   0   2
  1   1   1  -5   1   1 0.20 0.12 0.02 0.06   0   0   0   0   2
  0   1   7  -8   1   1 0.00 0.00 0.00 0.00   0   0   0   0   2
  1   1   3   6   1   1 0.04 0.02 0.02 0.14   0   0   0   0   3
  0   1  10   2   1   1 0.00 0.00 0.00 0.00   0   0   0   0   1
  0   1   8  -2   1   1 0.00 0.00 0.00 0.00   0   0   0   0   2
  1   1   3   5   1   1 0.04 0.02 0.02 0.16   0   0   0   0   3
  1   1   3   5   1   1 0.06 0.04 0.04 0.16   0   0   0   0   3
  1   1   6  -4   1   2 0.24 0.14 0.12 0.16   0   0   0   0   1
  1   1   4  -2   1   2 0.24 0.26 0.08 0.22   0   0   0   0   2
  1   1   1   0   1   1 0.02 0.02 0.02 0.12   0   0   0   0   7
  1   1   2  -8   1   2 0.26 0.12 0.10 0.14   0   0   0   0   1
  1   1   1  -4   1   1 0.20 0.04 0.02 0.02   0   0   0   0   1
  1   1   2  -1   1   2 0.12 0.18 0.02 0.26   0   0   0   0   3
  1   1   3   5   1   1 0.06 0.02 0.04 0.12   0   0   0   0   2
  1   1   5  -3   1   1 0.16 0.06 0.02 0.02   0   0   0   0   1
  0   1   1  -4   1   1 0.00 0.00 0.00 0.00   0   0   0   0   1
  1   1   4  -7   1   2 0.22 0.14 0.06 0.10   0   0   0   0   1
  1   1   5  -2   1   1 0.16 0.08 0.02 0.02   0   0   0   0   1
  1   1   3   4   1   1 0.18 0.08 0.04 0.04   0   0   0   0   1
  1   1   5  -2   1   1 0.18 0.10 0.04 0.04   0   0   0   0   1
  1   1   4  -2   1   2 0.22 0.14 0.06 0.10   0   0   0   0   1
  0   1   2  -4   1   1 0.00 0.00 0.00 0.00   0   0   0   0   1
  1   1   2  -1   1   2 0.24 0.16 0.08 0.12   0   0   0   0   1
  0   1   5   7   1   1 0.00 0.00 0.00 0.00   0   0   0   0   1
  0   1   6  -7   1   1 0.00 0.00 0.00 0.00   0   0   0   0   1
  1   1   6   3   1   2 0.24 0.16 0.08 0.12   0   0   0   0   1
  1   1   2  -5   1   2 0.26 0.18 0.10 0.14   0   0   0   0   1
  0   1   9   4   1   1 0.00 0.00 0.00 0.00   0   0   0   0   1
  1   1   1  -4   1   1 0.20 0.10 0.06 0.06   0   0   0   0   1
  1   1   5  -2   1   1 0.20 0.12 0.06 0.06   0   0   0   0   1
  1   1   3   6   1   1 0.22 0.12 0.08 0.08   0   0   0   0   1
  1   1   2   0   1   2 0.26 0.18 0.10 0.14   0   0   0   0   1
  1   1   6  -3   1   2 0.28 0.20 0.12 0.16   0   0   0   0   1
  1   2   3   4   1   1 0.02 0.04 0.02 0.12   0   0   0   0   1
  0   2   6  -4   1   1 0.00 0.00 0.00 0.00   0   0   0   0   1
  1   2   3   4   1   1 0.04 0.04 0.04 0.14   0   0   0   0   1
  1   2   3   4   1   1 0.04 0.06 0.04 0.14   0   0   0   0   1
  1   2   4  -5   1   2 0.02 0.04 0.02 0.14   0   0   0   0   4
  1   2   4  -3   1   2 0.02 0.02 0.02 0.16   0   0   0   0   1
  1   2   5  -3   1   1 0.06 0.06 0.06 0.16   0   0   0   0   1
  1   2   5  -2   1   1 0.02 0.04 0.02 0.08   0   0   0   0   3
  0   2  10   6   1   1 0.00 0.00 0.00 0.00   0   0   0   0   1
  1   2   1  -2   1   1 0.02 0.04 0.02 0.12   0   0   0   0   1
  1   2   6   3   1   2 0.02 0.02 0.02 0.26   0   0   0   0   3
  0   2   2  -3   1   1 0.00 0.00 0.00 0.00   0   0   0   0   1
  1   2   1  -3   1   1 0.02 0.04 0.02 0.12   0   0   0   0   1
  1   2   6  -5   1   2 0.02 0.02 0.02 0.12   0   0   0   0   1
  1   2   1  -3   1   1 0.02 0.02 0.02 0.12   0   0   0   0   4
  0   2   8  -3   1   1 0.00 0.00 0.00 0.00   0   0   0   0   1
  1   2   2  -2   1   2 0.02 0.02 0.02 0.12   0   0   0   0   1
  1   2   6   3   1   2 0.04 0.04 0.04 0.14   0   0   0   0   1
  1   2   1  -2   1   1 0.02 0.06 0.02 0.10   0   0   0   0   1
  1   2   6   4   1   2 0.04 0.04 0.04 0.14   0   0   0   0   1
  0   2   4   6   1   1 0.00 0.00 0.00 0.00   0   0   0   0   2
  0   2   7  -4   1   1 0.00 0.00 0.00 0.00   0   0   0   0   2
  1   2   5  -2   1   1 0.02 0.08 0.02 0.10   0   0   0   0   1
  1   2   3   6   1   1 0.02 0.06 0.02 0.06   0   0   0   0   2
  1   2   2   0   1   2 0.06 0.06 0.06 0.16   0   0   0   0   1
  1   2   5   0   1   1 0.02 0.04 0.02 0.12   0   0   0   0   1
  0   2   3   0   1   1 0.00 0.00 0.00 0.00   0   0   0   0   2
  1   2   2   0   1   2 0.02 0.02 0.02 0.24   0   0   0   0   2
  1   2   5  -2   1   1 0.02 0.02 0.02 0.10   0   0   0   0   3
  1   2   5  -2   1   1 0.02 0.06 0.04 0.14   0   0   0   0   1
  1   2   2   0   1   2 0.02 0.04 0.02 0.24   0   0   0   0   2
  1   2   4  -2   1   2 0.02 0.04 0.02 0.18   0   0   0   0   1
  1   2   6   2   1   2 0.02 0.04 0.02 0.20   0   0   0   0   1
  1   2   4  -2   1   2 0.04 0.06 0.04 0.20   0   0   0   0   1
  1   2   1  -4   1   1 0.02 0.04 0.02 0.08   0   0   0   0   2
  1   2   4  -4   1   2 0.02 0.04 0.02 0.04   0   0   0   0   8
  1   2   1  -2   1   1 0.02 0.08 0.02 0.12   0   0   0   0   1
  1   2   3   6   1   1 0.02 0.08 0.02 0.12   0   0   0   0   1
  1   2   3   6   1   1 0.04 0.10 0.04 0.14   0   0   0   0   1
  1   2   4  -3   1   2 0.02 0.02 0.02 0.26   0   0   0   0   2
  0   2   1  -8   1   1 0.00 0.00 0.00 0.00   0   0   0   0   1
  1   2   6   6   1   2 0.02 0.02 0.02 0.04   0   0   0   0   7
  0   2   5   6   1   1 0.00 0.00 0.00 0.00   0   0   0   0   1
  1   2   2  -1   1   2 0.02 0.02 0.02 0.08   0   0   0   0   4
  0   2   9   3   1   1 0.00 0.00 0.00 0.00   0   0   0   0   2
  1   2   2  -2   1   2 0.02 0.02 0.02 0.02   0   0   0   0   5
  1   3   3   6   1   1 0.28 0.16 0.16 0.14   0   0   0   0   3
  1   3   6   8   1   2 0.24 0.10 0.14 0.14   0   0   0   0   3
  1   3   6   7   1   2 0.26 0.10 0.16 0.14   0   0   0   0   3
  1   3   4  -5   1   2 0.12 0.02 0.02 0.06   0   0   0   0   1
  0   3   8  -2   1   1 0.00 0.00 0.00 0.00   0   0   0   0   1
  1   3   3   6   1   1 0.28 0.18 0.16 0.14   0   0   0   0   3
  1   3   5  -2   1   1 0.30 0.18 0.18 0.16   0   0   0   0   3
  0   3   1  -3   1   1 0.00 0.00 0.00 0.00   0   0   0   0   1
  0   3   4   3   1   1 0.00 0.00 0.00 0.00   0   0   0   0   1
  1   3   3   2   1   1 0.30 0.20 0.18 0.16   0   0   0   0   3
  1   3   6   2   1   2 0.12 0.02 0.02 0.06   0   0   0   0   1
  0   3   6  -4   1   1 0.00 0.00 0.00 0.00   0   0   0   0   1
  1   3   2  -2   1   2 0.14 0.04 0.04 0.08   0   0   0   0   1
  1   3   1  -2   1   1 0.42 0.48 0.34 0.38   0   0   0   0   1
  0   3   5   8   1   1 0.00 0.00 0.00 0.00   0   0   0   0   1
  1   3   5  -2   1   1 0.44 0.50 0.34 0.38   0   0   0   0   1
  1   3   5  -2   1   1 0.44 0.50 0.36 0.40   0   0   0   0   1
  0   3  10   4   1   1 0.00 0.00 0.00 0.00   0   0   0   0   1
  1   3   2  -3   1   2 0.14 0.04 0.04 0.08   0   0   0   0   1
  1   3   2  -3   1   2 0.16 0.06 0.06 0.10   0   0   0   0   1
  1   3   1  -2   1   1 0.32 0.20 0.20 0.18   0   0   0   0   3
  1   3   2  -2   1   2 0.16 0.06 0.06 0.10   0   0   0   0   1
  1   3   6   2   1   2 0.18 0.08 0.08 0.12   0   0   0   0   1
  1   3   6   1   1   2 0.18 0.08 0.08 0.12   0   0   0   0   1
  0   3   2  -3   1   1 0.00 0.00 0.00 0.00   0   0   0   0   1
  1   3   5  -3   1   1 0.32 0.22 0.20 0.18   0   0   0   0   3
  1   3   3   4   1   1 0.30 0.12 0.18 0.16   0   0   0   0   2
  1   3   4  -3   1   2 0.20 0.10 0.10 0.14   0   0   0   0   1
  1   3   1  -4   1   1 0.34 0.40 0.34 0.44   0   0   0   0   1
  1   3   1  -4   1   1 0.34 0.40 0.34 0.44   0   0   0   0   1
  1   3   1  -4   1   1 0.34 0.22 0.22 0.20   0   0   0   0   3
  1   3   4  -2   1   2 0.20 0.10 0.10 0.14   0   0   0   0   1
  1   3   2  -2   1   2 0.22 0.12 0.12 0.16   0   0   0   0   1
  1   3   6  -2   1   2 0.22 0.12 0.12 0.16   0   0   0   0   1
  1   3   5  -4   1   1 0.36 0.38 0.32 0.42   0   0   0   0   1
  1   3   5  -3   1   1 0.26 0.14 0.14 0.12   0   0   0   0   2
  0   3   7  -4   1   1 0.00 0.00 0.00 0.00   0   0   0   0   1
  1   3   3   6   1   1 0.38 0.34 0.34 0.38   0   0   0   0   1
  1   3   2  -2   1   2 0.24 0.14 0.14 0.18   0   0   0   0   1
  0   3   9   3   1   1 0.00 0.00 0.00 0.00   0   0   0   0   1
  1   3   4  -5   1   2 0.24 0.14 0.14 0.18   0   0   0   0   1
  1   3   3   2   1   1 0.40 0.34 0.34 0.38   0   0   0   0   1
  1   3   4  -4   1   2 0.26 0.16 0.16 0.20   0   0   0   0   1
  1   3   1   0   1   1 0.26 0.16 0.14 0.12   0   0   0   0   2
  0   3   3  -2   1   1 0.00 0.00 0.00 0.00   0   0   0   0   1
  1   3   4  -3   1   2 0.26 0.16 0.16 0.20   0   0   0   0   1
  1   4   2   0   1   2 0.04 0.04 0.04 0.06   0   0   0   0   1
  1   4   1  -1   1   1 0.02 0.06 0.02 0.04   0   0   0   0   2
  1   4   6   3   1   2 0.04 0.06 0.04 0.06   0   0   0   0   1
  1   4   6   6   1   2 0.06 0.06 0.06 0.08   0   0   0   0   1
  0   4   9   4   1   1 0.00 0.00 0.00 0.00   0   0   0   0   1
  0   4   1  -5   1   1 0.00 0.00 0.00 0.00   0   0   0   0   1
  0   4   8  -2   1   1 0.00 0.00 0.00 0.00   0   0   0   0   1
  1   4   3   6   1   1 0.04 0.08 0.04 0.06   0   0   0   0   2
  1   4   5  -2   1   1 0.06 0.02 0.02 0.04   0   0   0   0   1
  1   4   2  -4   1   2 0.06 0.08 0.06 0.08   0   0   0   0   1
  1   4   3   6   1   1 0.06 0.04 0.02 0.04   0   0   0   0   1
  1   4   4  -7   1   2 0.08 0.08 0.08 0.10   0   0   0   0   1
  1   4   6   3   1   2 0.08 0.10 0.08 0.10   0   0   0   0   1
  0   4   5   7   1   1 0.00 0.00 0.00 0.00   0   0   0   0   1
  1   4   4  -7   1   2 0.02 0.04 0.04 0.04   0   0   0   0   2
  1   4   4  -7   1   2 0.04 0.04 0.04 0.04   0   0   0   0   2
  1   4   4  -2   1   2 0.06 0.06 0.06 0.12   0   0   0   0   3
  0   4   6  -7   1   1 0.00 0.00 0.00 0.00   0   0   0   0   1
  1   4   1  -3   1   1 0.04 0.08 0.04 0.06   0   0   0   0   2
  1   4   5  -2   1   1 0.04 0.06 0.02 0.06   0   0   0   0   1
  1   4   3   7   1   1 0.06 0.10 0.06 0.08   0   0   0   0   2
  1   4   3   6   1   1 0.06 0.08 0.02 0.04   0   0   0   0   1
  1   4   3   7   1   1 0.06 0.08 0.02 0.04   0   0   0   0   1
  0   4  10   7   1   1 0.00 0.00 0.00 0.00   0   0   0   0   1
  1   4   2   1   1   2 0.02 0.02 0.02 0.10   0   0   0   0   1
  1   4   1   0   1   1 0.08 0.10 0.04 0.06   0   0   0   0   1
  0   4   7  -8   1   1 0.00 0.00 0.00 0.00   0   0   0   0   2
  1   4   6   4   1   2 0.02 0.02 0.02 0.06   0   0   0   0   2
  1   4   1   1   1   1 0.06 0.10 0.06 0.08   0   0   0   0   3
  1   4   5  -2   1   1 0.04 0.12 0.02 0.08   0   0   0   0   1
  0   4   2  -2   1   1 0.00 0.00 0.00 0.00   0   0   0   0   2
  1   4   4  -3   1   2 0.02 0.04 0.02 0.06   0   0   0   0   1
  1   4   2  -8   1   2 0.02 0.04 0.02 0.06   0   0   0   0   1
  1   4   5  -1   1   1 0.02 0.06 0.02 0.04   0   0   0   0   2
  1   4   3   5   1   1 0.02 0.06 0.02 0.04   0   0   0   0   2
  1   4   6   4   1   2 0.02 0.02 0.02 0.08   0   0   0   0   2
  1   4   6   2   1   2 0.04 0.04 0.04 0.08   0   0   0   0   2
  1   4   5  -1   1   1 0.04 0.08 0.04 0.06   0   0   0   0   2
  1   4   2   3   1   2 0.04 0.04 0.04 0.10   0   0   0   0   2
  0   4   3  -2   1   1 0.00 0.00 0.00 0.00   0   0   0   0   1
  1   4   2  -1   1   2 0.06 0.06 0.06 0.10   0   0   0   0   2
  1   4   5  -2   1   1 0.02 0.10 0.02 0.02   0   0   0   0   1
  1   4   1   1   1   1 0.04 0.08 0.04 0.06   0   0   0   0   2
  1   4   4  -2   1   2 0.02 0.02 0.02 0.02   0   0   0   0   1
  1   4   1  -1   1   1 0.02 0.06 0.02 0.04   0   0   0   0   1
  0   4   4   7   1   1 0.00 0.00 0.00 0.00   0   0   0   0   1
  1   5   4  -2   1   2 0.26 0.12 0.16 0.16   0   0   0   0   1
  1   5   5  -2   1   1 0.34 0.24 0.22 0.20   0   0   0   0   1
  1   5   2  -4   1   2 0.28 0.12 0.18 0.16   0   0   0   0   1
  1   5   1  -4   1   1 0.36 0.24 0.24 0.22   0   0   0   0   1
  1   5   1  -5   1   1 0.36 0.26 0.24 0.22   0   0   0   0   1
  1   5   5  -3   1   1 0.38 0.26 0.26 0.24   0   0   0   0   1
  1   5   4  -6   1   2 0.28 0.14 0.18 0.18   0   0   0   0   1
  1   5   6   3   1   2 0.30 0.14 0.20 0.18   0   0   0   0   1
  0   5   6  -8   1   1 0.00 0.00 0.00 0.00   0   0   0   0   1
  1   5   1  -4   1   1 0.38 0.28 0.26 0.24   0   0   0   0   1
  1   5   3   7   1   1 0.40 0.28 0.28 0.26   0   0   0   0   1
  1   5   4  -5   1   2 0.30 0.16 0.20 0.20   0   0   0   0   1
  0   5   9   4   1   1 0.00 0.00 0.00 0.00   0   0   0   0   1
  1   5   5  -3   1   1 0.40 0.30 0.28 0.26   0   0   0   0   1
  0   5   7  -7   1   1 0.00 0.00 0.00 0.00   0   0   0   0   1
  0   5   5   8   1   1 0.00 0.00 0.00 0.00   0   0   0   0   1
  1   5   6   4   1   2 0.32 0.16 0.22 0.20   0   0   0   0   1
  1   5   6   2   1   2 0.32 0.18 0.22 0.22   0   0   0   0   1
  1   5   2  -2   1   2 0.34 0.18 0.24 0.22   0   0   0   0   1
  1   5   3   4   1   1 0.42 0.30 0.30 0.28   0   0   0   0   1
  1   5   1  -6   1   1 0.42 0.32 0.30 0.28   0   0   0   0   1
  0   5   2   0   1   1 0.00 0.00 0.00 0.00   0   0   0   0   1
  1   5   3  -1   1   1 0.44 0.32 0.32 0.30   0   0   0   0   1
  1   5   2   0   1   2 0.34 0.20 0.24 0.24   0   0   0   0   1
  1   5   1  -2   1   1 0.44 0.34 0.32 0.30   0   0   0   0   1
  0   5   3  -2   1   1 0.00 0.00 0.00 0.00   0   0   0   0   1
  1   5   4  -3   1   2 0.36 0.20 0.26 0.24   0   0   0   0   1
  1   5   5  -3   1   1 0.46 0.34 0.34 0.32   0   0   0   0   1
  1   5   3   2   1   1 0.46 0.24 0.16 0.32   0   0   0   0   3
  0   5   8  -2   1   1 0.00 0.00 0.00 0.00   0   0   0   0   1
  0   5   4   4   1   1 0.00 0.00 0.00 0.00   0   0   0   0   1
  1   5   1  -2   1   1 0.48 0.36 0.30 0.34   0   0   0   0   1
  1   5   2  -2   1   2 0.36 0.22 0.26 0.26   0   0   0   0   1
  1   5   6   2   1   2 0.38 0.22 0.28 0.26   0   0   0   0   1
  1   5   4  -3   1   2 0.28 0.20 0.28 0.28   0   0   0   0   2
  0   5   1  -4   1   1 0.00 0.00 0.00 0.00   0   0   0   0   1
  1   5   3   2   1   1 0.42 0.22 0.14 0.30   0   0   0   0   2
  1   5   5   0   1   1 0.44 0.34 0.26 0.36   0   0   0   0   1
  0   5  10   5   1   1 0.00 0.00 0.00 0.00   0   0   0   0   1
  1   5   2  -2   1   2 0.34 0.20 0.30 0.28   0   0   0   0   1
  1   5   6   2   1   2 0.34 0.20 0.30 0.30   0   0   0   0   1
  1   5   6  -2   1   2 0.30 0.20 0.30 0.30   0   0   0   0   2
  1   5   5  -2   1   1 0.44 0.22 0.14 0.30   0   0   0   0   2
  1   5   2  -4   1   2 0.30 0.22 0.30 0.30   0   0   0   0   2
  1   5   3  -2   1   1 0.44 0.24 0.16 0.32   0   0   0   0   2
  1   5   4   0   1   2 0.28 0.18 0.28 0.28   0   0   0   0   1
