  1   4   3   5   1   1 0.40 0.40 0.40 1.00   0   0   0   0   1   3   1   4   2
  0   4   3  -3   1   1 0.00 0.00 0.00 0.00   0   0   0   0   1   3   4   2   1
  1   4   2   0   1   2 0.05 0.05 0.05 0.50   0   0   0   0   1   2   3   4   1
  1   4   1   0   0   1 0.40 0.40 0.40 1.00   1   1   1   0   1   1   3   2   4
  0   4   4   3   1   1 0.00 0.00 0.00 0.00   0   0   0   0   1   4   3   1   2
  1   4   4  -7   1   2 0.05 0.05 0.05 0.50   0   0   0   0   1   4   2   1   3
  1   4   3   0   0   1 0.36 0.36 0.36 1.00   1   1   1   0   1   2   3   4   1
  1   4   5   0   0   1 0.32 0.32 0.32 1.00   1   1   0   0   1   2   3   4   1
  1   4   4  -6   1   2 0.08 0.08 0.08 0.53   0   0   0   0   1   3   4   2   1
  0   4   7  -8   1   1 0.00 0.00 0.00 0.00   0   0   0   0   1   2   4   3   1
  1   4   5   0   0   1 0.28 0.28 0.32 1.00   1   0   0   0   1   3   4   1   2
  0   4  10  10   1   1 0.00 0.00 0.00 0.00   0   0   0   0   1   4   3   2   1
  1   4   1   0   0   1 0.24 0.28 0.35 1.00   1   0   0   0   1   1   2   3   4
  1   4   4  -6   1   2 0.08 0.08 0.08 0.53   0   0   0   0   1   3   4   1   2
  1   4   2   0   0   2 0.11 0.11 0.11 0.56   1   0   0   0   1   3   4   2   1
  1   4   6  10   1   2 0.07 0.11 0.11 0.56   0   0   0   0   1   4   1   2   3
  1   4   3   0   0   1 0.20 0.31 0.35 1.00   1   1   1   0   1   2   3   1   4
  1   4   6  10   1   2 0.07 0.14 0.14 0.59   0   0   0   0   1   3   4   2   1
  1   4   1   0   0   1 0.16 0.27 0.31 1.00   1   1   1   1   1   3   2   4   1
  1   4   2   0   0   2 0.10 0.14 0.14 0.59   0   0   0   1   1   4   2   3   1
  1   4   6   0   0   2 0.10 0.17 0.17 0.55   1   1   0   1   1   4   2   3   1
  1   4   5   1   0   1 0.12 0.23 0.27 0.96   1   1   1   1   1   1   2   4   3
  1   4   4   0   0   2 0.06 0.13 0.17 0.51   0   1   1   0   1   3   4   1   2
  1   4   2   1   1   2 0.06 0.09 0.13 0.51   0   0   0   0   1   2   3   4   1
  1   4   3   0   0   1 0.08 0.19 0.23 0.92   0   1   0   0   1   2   1   4   3
  0   4   6   0   0   1 0.00 0.00 0.00 0.00   0   0   0   0   1   4   3   1   2
  1   4   2  -4   1   2 0.09 0.09 0.13 0.54   0   0   0   0   1   2   1   4   3
  1   4   1   0   0   1 0.08 0.15 0.23 0.92   0   0   1   1   1   1   4   3   2
  1   4   6   0   0   2 0.09 0.12 0.16 0.54   0   0   1   0   1   3   2   4   1
  1   4   3   0   0   1 0.11 0.15 0.19 0.88   1   1   0   0   1   2   3   1   4
  1   4   2   0   0   2 0.12 0.12 0.12 0.57   0   0   0   1   1   4   3   1   2
  1   4   6   0   0   2 0.12 0.15 0.12 0.53   1   0   0   0   1   4   1   2   3
  0   4   2  -3   1   1 0.00 0.00 0.00 0.00   0   0   0   0   1   2   4   1   3
  1   4   4   0   0   2 0.08 0.15 0.15 0.53   0   0   0   0   1   1   2   3   4
  1   4   1   0   0   1 0.07 0.11 0.19 0.88   0   0   1   0   1   1   3   4   2
  1   4   5   0   0   1 0.07 0.11 0.15 0.91   0   0   0   0   1   3   4   1   2
  1   4   5  -4   1   1 0.10 0.14 0.15 0.91   0   0   0   0   1   3   1   2   4
  1   4   3   5   1   1 0.10 0.14 0.18 0.94   0   0   0   0   1   2   1   3   4
  1   4   1   0   0   1 0.13 0.17 0.18 0.94   1   1   1   1   1   4   1   3   2
  0   4   5  10   1   1 0.00 0.00 0.00 0.00   0   0   0   0   1   2   4   1   3
  1   4   4  -6   1   2 0.08 0.18 0.15 0.56   0   0   0   0   1   3   1   4   2
  0   4   1  -5   1   1 0.00 0.00 0.00 0.00   0   0   0   0   1   3   4   1   2
  0   4   8  -1   1   1 0.00 0.00 0.00 0.00   0   0   0   0   1   1   4   3   2
  1   4   5   0   1   1 0.09 0.13 0.14 0.90   0   0   0   0   1   2   3   1   4
  1   4   6   0   0   2 0.11 0.18 0.18 0.56   1   0   1   0   1   1   2   4   3
  0   4   9   8   1   1 0.00 0.00 0.00 0.00   0   0   0   0   1   2   1   4   3
  1   4   1   0   0   1 0.09 0.13 0.14 0.90   0   1   1   0   2   2   4   1   3
  1   4   3   0   0   1 0.12 0.09 0.10 0.93   1   0   0   1   2   3   1   2   4
  1   4   5   0   0   1 0.08 0.09 0.10 0.89   1   0   0   0   2   3   4   1   2
  1   4   5   0   0   1 0.04 0.12 0.13 0.89   0   0   1   0   2   4   2   3   1
  1   4   1   0   0   1 0.04 0.12 0.09 0.92   0   0   1   0   2   3   1   4   2
  1   4   2   0   0   2 0.07 0.21 0.14 0.59   0   1   1   1   2   4   3   2   1
  1   4   3   0   0   1 0.07 0.15 0.05 0.92   0   0   0   1   2   4   1   3   2
  1   4   1  -2   1   1 0.07 0.15 0.05 0.88   0   0   0   0   2   3   2   1   4
  1   4   2   0   0   2 0.07 0.17 0.10 0.55   0   1   0   0   2   2   3   4   1
  1   4   6   5   1   2 0.10 0.13 0.10 0.55   0   0   0   0   2   1   3   2   4
  1   4   5   0   0   1 0.10 0.18 0.08 0.88   0   1   0   0   2   2   4   3   1
  1   4   4   0   0   2 0.10 0.13 0.13 0.58   0   0   0   1   2   4   1   2   3
  1   4   3   0   0   1 0.10 0.14 0.08 0.91   1   0   0   0   2   1   2   4   3
  0   4   6  -8   1   1 0.00 0.00 0.00 0.00   0   0   0   0   2   2   1   3   4
  1   4   1   0   1   1 0.06 0.14 0.11 0.91   0   0   0   0   2   3   2   1   4
  1   4   6   0   0   2 0.13 0.16 0.13 0.54   1   1   1   0   2   2   3   1   4
  1   4   3   0   0   1 0.06 0.17 0.11 0.94   0   0   0   1   2   4   1   3   2
  1   4   2   0   1   2 0.09 0.12 0.09 0.54   0   0   0   0   2   3   1   2   4
  1   4   6   8   1   2 0.09 0.12 0.09 0.57   0   0   0   0   2   1   2   4   3
  1   4   4  -5   1   2 0.12 0.15 0.12 0.57   0   0   0   0   2   3   2   4   1
  1   4   1   0   1   1 0.09 0.17 0.14 0.90   0   0   0   0   2   2   4   3   1
  1   4   5   0   0   1 0.09 0.20 0.14 0.90   0   1   1   0   2   3   2   4   1
  1   4   1   0   0   1 0.12 0.16 0.10 0.93   1   1   0   0   2   2   4   1   3
  1   4   6   0   0   2 0.12 0.15 0.12 0.60   1   0   0   0   2   1   2   4   3
  1   4   1   0   1   1 0.08 0.12 0.10 0.93   0   0   0   0   3   1   3   4   2
  1   4   3   0   0   1 0.08 0.12 0.13 0.96   0   0   0   1   3   4   1   3   2
  1   4   5   0   0   1 0.11 0.15 0.13 0.92   1   0   1   1   3   4   3   1   2
  1   4   5   0   0   1 0.07 0.15 0.09 0.88   0   0   0   1   3   4   2   3   1
  1   4   1   0   0   1 0.07 0.18 0.09 0.84   0   1   0   1   3   4   2   3   1
  1   4   2   0   0   2 0.08 0.18 0.15 0.60   0   1   1   1   3   4   2   1   3
  1   4   3   0   0   1 0.10 0.14 0.12 0.80   1   0   0   1   3   4   1   2   3
  1   4   2   0   1   2 0.08 0.14 0.11 0.56   0   0   0   0   3   1   3   2   4
  1   4   5   0   0   1 0.06 0.14 0.12 0.76   0   0   1   0   3   2   1   4   3
  1   4   4   0   0   2 0.11 0.14 0.11 0.56   1   0   1   1   3   3   4   2   1
  1   4   3   6   1   1 0.06 0.17 0.08 0.76   0   0   0   0   3   4   1   2   3
  1   4   6   0   0   2 0.07 0.17 0.07 0.52   0   0   0   1   3   4   1   2   3
  1   4   3   7   1   1 0.09 0.17 0.08 0.79   0   0   0   0   3   3   4   1   2
  1   4   5  -6   1   1 0.09 0.20 0.11 0.79   0   0   0   0   3   1   4   2   3
  1   4   1   0   0   1 0.12 0.20 0.11 0.82   1   0   0   0   3   3   2   4   1
  1   4   6   7   1   2 0.07 0.17 0.07 0.48   0   0   0   0   3   3   4   2   1
  1   4   3   4   1   1 0.08 0.23 0.14 0.82   0   0   0   0   4   1   2   4   3
  1   4   5  -3   1   1 0.08 0.23 0.14 0.85   0   0   0   0   4   1   4   2   3
  1   4   5   0   0   1 0.11 0.26 0.17 0.85   1   1   1   1   4   2   1   4   3
  1   4   1   0   0   1 0.07 0.22 0.13 0.81   0   1   1   1   4   4   1   3   2
  1   4   2   0   1   2 0.10 0.20 0.10 0.48   0   0   0   0   4   1   2   3   4
  1   4   3   0   0   1 0.07 0.18 0.09 0.77   0   1   0   0   4   3   4   2   1
  1   4   5   0   0   1 0.10 0.14 0.09 0.77   0   0   0   1   4   4   2   1   3
  1   4   4   0   0   2 0.10 0.20 0.10 0.51   0   1   0   0   4   3   2   1   4
  1   4   6   6   1   2 0.13 0.16 0.13 0.51   0   0   0   0   4   1   3   4   2
  1   4   1   0   0   1 0.10 0.14 0.12 0.73   0   0   0   1   4   4   3   1   2
  1   4   5  -3   1   1 0.13 0.17 0.12 0.69   0   0   0   0   5   4   2   1   3
  1   4   1   0   0   1 0.13 0.17 0.15 0.69   1   1   1   0   5   2   3   1   4
  1   4   3   0   0   1 0.09 0.13 0.11 0.72   0   1   1   0   5   3   4   1   2
  1   4   5  -5   1   1 0.09 0.09 0.07 0.72   0   0   0   0   5   2   3   4   1
  1   4   4   0   0   2 0.13 0.16 0.13 0.54   1   0   1   1   5   1   4   3   2
  1   4   1   0   0   1 0.12 0.09 0.07 0.75   1   0   0   0   5   2   1   3   4
  1   4   1  -3   1   1 0.08 0.12 0.10 0.75   0   0   0   0   6   1   4   3   2
  1   4   3   4   1   1 0.08 0.12 0.10 0.78   0   0   0   0   6   2   1   3   4
  1   4   4   0   0   2 0.09 0.19 0.09 0.50   0   1   0   0   6   2   3   4   1
  1   4   1   0   0   1 0.11 0.15 0.13 0.78   0   0   1   1   6   4   2   1   3
  1   4   4  -6   1   2 0.09 0.15 0.09 0.50   0   0   0   0   7   4   3   2   1
  1   4   1   0   1   1 0.11 0.15 0.09 0.74   0   0   0   0   7   3   2   1   4
  1   5   6   8   1   2 0.12 0.15 0.12 0.53   0   0   0   0   1   4   1   2   3
  1   5   6   9   1   2 0.12 0.18 0.12 0.53   0   0   0   0   1   1   2   3   4
  1   5   2  -1   1   2 0.15 0.18 0.15 0.56   0   0   0   0   1   3   1   4   2
  1   5   4   0   1   2 0.15 0.21 0.15 0.56   0   0   0   0   1   2   1   4   3
  1   5   4   0   0   2 0.18 0.21 0.18 0.59   1   1   1   1   1   3   4   2   1
  1   5   2   0   0   2 0.14 0.17 0.14 0.55   1   1   1   1   1   3   4   1   2
  1   5   1   0   0   1 0.14 0.18 0.09 0.74   1   0   0   0   1   1   2   3   4
  1   5   1   0   1   1 0.10 0.18 0.12 0.77   0   0   0   0   1   1   3   2   4
  0   5   1  -2   1   1 0.00 0.00 0.00 0.00   0   0   0   0   1   1   4   2   3
  1   5   2   0   1   2 0.10 0.13 0.10 0.51   0   0   0   0   1   1   4   2   3
  1   5   1   0   0   1 0.10 0.21 0.12 0.77   0   1   1   0   1   2   3   4   1
  1   5   4  -4   1   2 0.10 0.13 0.10 0.51   0   0   0   0   1   2   4   1   3
  1   5   5   0   0   1 0.13 0.17 0.08 0.80   1   0   0   1   1   1   3   2   4
  1   5   6   0   0   2 0.13 0.16 0.13 0.54   1   1   0   1   1   1   2   3   4
  0   5   8   0   0   1 0.00 0.00 0.00 0.00   0   0   0   0   1   2   3   1   4
  1   5   4  -5   1   2 0.09 0.12 0.13 0.50   0   0   0   0   1   4   1   2   3
  1   5   5  -3   1   1 0.09 0.17 0.08 0.76   0   0   0   0   1   1   2   3   4
  1   5   3   0   0   1 0.09 0.20 0.11 0.76   0   1   0   0   1   1   3   2   4
  0   5  10   9   1   1 0.00 0.00 0.00 0.00   0   0   0   0   1   3   4   2   1
  1   5   4  -6   1   2 0.09 0.12 0.16 0.50   0   0   0   0   1   2   4   1   3
  1   5   4   0   0   2 0.12 0.15 0.16 0.53   1   0   0   0   1   3   2   4   1
  0   5   4   5   1   1 0.00 0.00 0.00 0.00   0   0   0   0   1   3   1   2   4
  0   5   6  -5   1   1 0.00 0.00 0.00 0.00   0   0   0   0   1   2   3   4   1
  1   5   5   0   0   1 0.12 0.16 0.11 0.79   1   0   0   0   1   1   2   4   3
  1   5   1   0   0   1 0.08 0.16 0.14 0.79   0   0   1   0   1   3   4   2   1
  1   5   1   0   0   1 0.08 0.19 0.10 0.82   0   1   0   0   1   1   2   4   3
  1   5   3   0   0   1 0.11 0.15 0.10 0.82   0   1   0   1   1   3   1   4   2
  1   5   5  -4   1   1 0.11 0.11 0.13 0.78   0   0   0   0   1   4   1   2   3
  1   5   6   8   1   2 0.08 0.15 0.19 0.53   0   0   0   0   1   1   2   3   4
  1   5   2   0   0   2 0.08 0.18 0.19 0.56   0   1   1   1   1   3   4   1   2
  1   5   5  -4   1   1 0.14 0.11 0.13 0.78   0   0   0   0   1   4   2   1   3
  1   5   2   0   1   2 0.11 0.14 0.15 0.52   0   0   0   0   1   3   4   1   2
  1   5   3   0   0   1 0.14 0.14 0.16 0.81   1   0   0   0   1   3   1   2   4
  0   5   3   0   1   1 0.00 0.00 0.00 0.00   0   0   0   0   1   2   3   4   1
  0   5   7   0   0   1 0.00 0.00 0.00 0.00   0   0   0   0   1   2   3   4   1
  1   5   3   5   1   1 0.10 0.14 0.16 0.81   0   0   0   0   1   4   3   1   2
  1   5   3   5   1   1 0.10 0.17 0.19 0.84   0   0   0   0   1   1   2   4   3
  1   5   2   0   1   2 0.11 0.14 0.15 0.52   0   0   0   0   1   2   3   4   1
  1   5   3   3   1   1 0.13 0.17 0.19 0.84   0   0   0   0   1   4   3   2   1
  0   5   5  10   1   1 0.00 0.00 0.00 0.00   0   0   0   0   1   1   4   3   2
  1   5   1   0   0   1 0.13 0.20 0.22 0.87   1   0   1   0   1   2   3   1   4
  0   5   9   5   1   1 0.00 0.00 0.00 0.00   0   0   0   0   1   2   3   1   4
  1   5   6   0   0   2 0.14 0.17 0.18 0.55   1   0   1   0   1   1   2   4   3
  1   5   5   0   0   1 0.09 0.20 0.18 0.87   0   1   0   0   1   1   2   4   3
  1   5   6   8   1   2 0.10 0.17 0.14 0.55   0   0   0   0   1   4   3   1   2
  0   5   2  -3   1   1 0.00 0.00 0.00 0.00   0   0   0   0   1   2   3   4   1
  1   5   4  -6   1   2 0.10 0.20 0.14 0.58   0   0   0   0   2   3   4   1   2
  1   5   2   0   1   2 0.13 0.20 0.17 0.58   0   0   0   0   2   2   3   1   4
  1   5   1   0   0   1 0.09 0.16 0.18 0.90   0   1   0   0   2   1   4   2   3
  1   5   1   0   0   1 0.12 0.12 0.21 0.90   1   0   0   1   2   1   3   2   4
  1   5   5   0   0   1 0.08 0.12 0.21 0.86   0   0   1   0   2   2   1   4   3
  1   5   6   6   1   2 0.13 0.23 0.17 0.61   0   0   0   0   2   3   4   1   2
  0   5   8  -4   1   1 0.00 0.00 0.00 0.00   0   0   0   0   2   2   1   3   4
  1   5   3   7   1   1 0.08 0.15 0.17 0.86   0   0   0   0   2   4   1   2   3
  1   5   4   0   0   2 0.16 0.23 0.20 0.61   1   1   1   1   2   4   1   3   2
  1   5   5  -1   1   1 0.11 0.15 0.17 0.89   0   0   0   0   2   4   3   2   1
  1   5   1  -1   1   1 0.11 0.18 0.20 0.89   0   0   0   0   2   2   4   1   3
  1   5   1   0   0   1 0.14 0.18 0.20 0.92   1   1   1   1   2   3   4   2   1
  1   5   3   0   0   1 0.10 0.14 0.16 0.88   0   0   1   0   2   1   4   2   3
  1   5   2   0   0   2 0.12 0.19 0.16 0.57   0   1   1   0   2   3   4   2   1
  1   5   3   0   0   1 0.10 0.14 0.12 0.88   0   0   0   1   2   4   2   3   1
  0   5   7  -6   1   1 0.00 0.00 0.00 0.00   0   0   0   0   2   1   2   3   4
  1   5   1   0   0   1 0.13 0.17 0.12 0.84   1   1   1   1   2   2   3   4   1
  1   5   6   0   0   2 0.12 0.15 0.12 0.57   1   1   1   1   2   4   3   2   1
  1   5   5   0   0   1 0.09 0.13 0.08 0.80   0   1   0   1   2   1   4   3   2
  1   5   1   0   0   1 0.09 0.09 0.08 0.76   0   1   0   1   3   2   4   3   1
  1   5   1   1   0   1 0.12 0.05 0.11 0.72   0   0   0   0   3   2   1   3   4
  1   5   5  -2   1   1 0.12 0.05 0.11 0.72   0   0   0   0   3   2   3   4   1
  1   5   4  -6   1   2 0.08 0.11 0.08 0.53   0   0   0   0   3   3   1   2   4
  1   5   1   0   0   1 0.15 0.08 0.14 0.75   1   0   1   0   3   2   3   4   1
  1   5   3   6   1   1 0.11 0.08 0.10 0.75   0   0   0   0   3   1   3   2   4
  1   5   2   0   1   2 0.08 0.11 0.08 0.53   0   0   0   0   3   4   3   2   1
  1   5   3   3   1   1 0.11 0.11 0.10 0.78   0   0   0   0   3   2   3   4   1
  1   5   1   0   1   1 0.14 0.11 0.13 0.78   0   0   0   0   3   4   2   3   1
  1   5   6   0   0   2 0.11 0.14 0.11 0.56   1   0   0   0   3   4   2   3   1
  1   5   5   0   0   1 0.14 0.14 0.13 0.81   1   0   1   1   3   3   1   4   2
  1   5   1   0   0   1 0.10 0.14 0.09 0.77   0   0   0   1   4   1   3   2   4
  1   5   1   0   0   1 0.10 0.17 0.09 0.73   1   0   0   0   4   4   3   2   1
  1   5   1   0   0   1 0.06 0.17 0.12 0.73   0   1   0   1   4   1   4   3   2
  1   5   6   8   1   2 0.07 0.14 0.11 0.56   0   0   0   0   4   4   1   2   3
  1   5   5  -1   1   1 0.06 0.13 0.12 0.69   0   0   0   0   4   2   4   3   1
  1   5   1  -1   1   1 0.09 0.13 0.15 0.69   0   0   0   0   5   3   2   4   1
  1   5   1   0   1   1 0.09 0.16 0.15 0.72   0   0   0   0   5   1   3   4   2
  1   5   1   0   0   1 0.12 0.16 0.18 0.72   0   1   1   0   5   3   2   4   1
  1   5   1   0   0   1 0.12 0.12 0.14 0.75   0   0   0   1   6   4   1   3   2
  1   5   1   0   0   1 0.15 0.12 0.14 0.71   1   0   1   1   7   1   2   3   4
  1   5   1   0   1   1 0.11 0.15 0.10 0.67   0   0   0   0   8   2   1   3   4
  1   1   6   0   0   2 0.07 0.17 0.14 0.59   0   0   0   1   1   2   4   1   3
  0   1  10   8   1   1 0.00 0.00 0.00 0.00   0   0   0   0   1   1   3   4   2
  1   1   4   0   0   2 0.10 0.17 0.14 0.55   0   1   0   0   1   3   4   1   2
  1   1   6   0   0   2 0.10 0.13 0.17 0.55   0   0   1   1   1   2   4   3   1
  0   1   7  -6   1   1 0.00 0.00 0.00 0.00   0   0   0   0   1   2   1   4   3
  1   1   4   0   0   2 0.13 0.13 0.13 0.51   0   1   0   1   1   3   1   2   4
  0   1   2  -3   1   1 0.00 0.00 0.00 0.00   0   0   0   0   1   2   4   1   3
  1   1   6   0   0   2 0.13 0.09 0.13 0.47   1   0   0   1   1   3   4   1   2
  1   1   3   6   1   1 0.11 0.15 0.10 0.67   0   0   0   0   1   3   2   1   4
  1   1   5  -4   1   1 0.14 0.18 0.13 0.70   0   0   0   0   1   4   2   1   3
  1   1   2   0   0   2 0.09 0.09 0.16 0.43   0   0   0   1   1   2   4   1   3
  1   1   4   0   0   2 0.09 0.12 0.16 0.39   0   1   0   1   1   3   1   2   4
  0   1   6  -7   1   1 0.00 0.00 0.00 0.00   0   0   0   0   1   1   4   2   3
  1   1   5   0   0   1 0.14 0.18 0.13 0.70   0   1   0   1   1   2   3   4   1
  1   1   1   0   0   1 0.17 0.14 0.16 0.66   1   1   1   1   1   3   2   4   1
  1   1   2   0   0   2 0.12 0.08 0.19 0.35   0   0   1   1   1   2   4   3   1
  1   1   5   0   0   1 0.13 0.10 0.12 0.62   0   0   0   1   1   4   2   3   1
  1   1   2   0   0   2 0.12 0.08 0.15 0.31   1   0   0   1   1   4   1   2   3
  1   1   1   0   0   1 0.13 0.10 0.12 0.58   1   0   0   1   1   3   2   4   1
  0   1   9   6   1   1 0.00 0.00 0.00 0.00   0   0   0   0   1   4   2   1   3
  1   1   4   0   0   2 0.08 0.11 0.15 0.27   0   0   0   1   1   1   2   3   4
  1   1   4   0   0   2 0.08 0.11 0.18 0.23   0   0   1   1   1   2   1   4   3
  0   1   8  -1   1   1 0.00 0.00 0.00 0.00   0   0   0   0   1   1   3   2   4
  1   1   3   0   0   1 0.09 0.13 0.15 0.54   0   1   1   1   1   2   1   3   4
  0   1   4   7   1   1 0.00 0.00 0.00 0.00   0   0   0   0   1   2   4   3   1
  1   1   2  -3   1   2 0.11 0.14 0.14 0.19   0   0   0   0   1   2   4   3   1
  1   1   3   0   0   1 0.09 0.09 0.11 0.50   0   0   0   1   1   3   2   4   1
  0   1   5   7   1   1 0.00 0.00 0.00 0.00   0   0   0   0   1   4   1   2   3
  1   1   1   0   0   1 0.12 0.09 0.11 0.46   1   0   0   1   1   3   1   4   2
  1   1   3   0   0   1 0.08 0.12 0.14 0.42   0   0   0   1   1   1   4   3   2
  1   1   2   0   0   2 0.11 0.14 0.14 0.19   0   1   1   0   1   4   1   2   3
  1   1   1   0   0   1 0.08 0.12 0.14 0.38   0   0   1   1   1   2   1   3   4
  0   1   3  -1   0   1 0.00 0.00 0.00 0.00   0   0   0   0   1   1   3   2   4
  1   1   6   0   0   2 0.14 0.10 0.10 0.22   1   0   0   0   1   4   2   3   1
  1   1   2   0   0   2 0.10 0.10 0.10 0.22   1   0   0   0   1   4   3   2   1
  1   1   3   0   0   1 0.11 0.15 0.10 0.34   1   1   0   1   1   4   2   1   3
  1   1   5   0   0   1 0.07 0.11 0.10 0.30   0   0   0   1   1   1   4   2   3
  1   1   3   0   0   1 0.07 0.11 0.13 0.26   0   1   0   1   1   2   4   3   1
  1   1   1   0   0   1 0.10 0.07 0.13 0.22   0   0   0   1   1   1   2   3   4
  1   1   6   0   0   2 0.06 0.13 0.13 0.25   0   1   1   1   1   3   4   2   1
  1   1   5  -3   1   1 0.10 0.07 0.16 0.18   0   0   0   0   1   1   3   4   2
  0   1   1  -4   1   1 0.00 0.00 0.00 0.00   0   0   0   0   1   4   3   1   2
  1   1   6   0   0   2 0.06 0.09 0.09 0.21   0   0   0   1   1   4   3   1   2
  1   1   4   0   0   2 0.09 0.09 0.09 0.17   0   0   0   1   1   1   4   3   2
  1   1   1   0   0   1 0.13 0.10 0.16 0.18   1   0   1   1   1   2   1   4   3
  1   1   5   0   0   1 0.09 0.10 0.12 0.14   0   0   0   1   1   3   2   1   4
  1   1   6   0   0   2 0.09 0.12 0.12 0.13   0   0   0   1   2   2   1   3   4
  1   1   4   0   1   2 0.12 0.12 0.12 0.09   0   0   0   0   2   2   4   3   1
  1   1   6   0   0   2 0.12 0.15 0.15 0.09   1   1   1   0   2   2   3   4   1
  1   1   4  -1   1   2 0.08 0.11 0.11 0.12   0   0   0   0   2   1   4   2   3
  1   1   6   0   0   2 0.08 0.11 0.11 0.12   0   0   1   0   2   2   3   4   1
  1   1   2   0   0   2 0.11 0.14 0.07 0.15   0   1   0   0   2   1   3   4   2
  1   1   4  -5   1   2 0.11 0.10 0.07 0.15   0   0   0   0   2   1   2   3   4
  1   1   5  -1   1   1 0.09 0.13 0.12 0.10   0   0   0   0   2   2   3   1   4
  1   1   1  -3   1   1 0.12 0.13 0.15 0.10   0   0   0   0   2   1   3   2   4
  1   1   2   0   0   2 0.14 0.10 0.10 0.18   1   0   0   0   2   1   3   2   4
  1   1   5   0   0   1 0.12 0.16 0.15 0.13   0   1   1   0   2   1   4   2   3
  1   1   2  -2   1   2 0.10 0.13 0.10 0.18   0   0   0   0   2   1   4   3   2
  1   1   1   0   0   1 0.15 0.12 0.11 0.13   1   1   0   1   2   2   4   1   3
  1   1   4   0   0   2 0.10 0.13 0.13 0.21   1   1   1   1   2   1   2   3   4
  1   1   4  -4   1   2 0.06 0.09 0.09 0.17   0   0   0   0   2   3   1   4   2
  1   1   3   0   0   1 0.11 0.08 0.11 0.09   1   0   0   0   2   4   2   3   1
  1   1   3   0   0   1 0.07 0.08 0.14 0.09   0   0   1   0   2   4   2   3   1
  1   1   1   0   0   1 0.07 0.11 0.10 0.12   0   0   1   0   2   4   1   2   3
  1   1   3   6   1   1 0.10 0.11 0.06 0.12   0   0   0   0   2   4   3   2   1
  1   1   2  -4   1   2 0.06 0.09 0.09 0.17   0   0   0   0   2   1   2   4   3
  1   1   1  -1   1   1 0.10 0.14 0.06 0.15   0   0   0   0   2   2   1   3   4
  0   1   3   0   1   1 0.00 0.00 0.00 0.00   0   0   0   0   2   3   1   4   2
  1   1   6   5   1   2 0.09 0.12 0.12 0.20   0   0   0   0   2   3   1   4   2
  1   1   2   0   0   2 0.09 0.12 0.12 0.20   0   0   0   1   2   4   1   2   3
  1   1   3   0   0   1 0.13 0.14 0.09 0.15   1   1   0   0   2   2   1   4   3
  1   1   5   0   0   1 0.09 0.10 0.09 0.18   0   1   0   1   2   3   2   1   4
  1   1   3   3   1   1 0.09 0.06 0.12 0.14   0   0   0   0   2   3   4   1   2
  1   1   1   0   0   1 0.12 0.06 0.12 0.14   1   0   0   1   2   2   3   4   1
  1   1   6   0   0   2 0.12 0.15 0.15 0.16   1   1   0   0   2   1   4   2   3
  1   1   6   0   0   2 0.08 0.11 0.15 0.16   0   1   0   1   2   4   2   3   1
  1   1   4   0   0   2 0.08 0.07 0.18 0.12   0   0   1   0   2   2   4   1   3
  1   1   1   0   0   1 0.08 0.09 0.15 0.10   0   0   0   1   2   2   1   4   3
  1   1   5   0   0   1 0.08 0.09 0.15 0.06   0   0   1   0   2   2   4   1   3
  1   1   6   0   0   2 0.11 0.07 0.14 0.12   1   0   0   0   3   3   1   2   4
  1   1   6   0   0   2 0.07 0.10 0.14 0.15   0   0   1   0   3   1   3   2   4
  1   1   6   5   1   2 0.07 0.10 0.10 0.15   0   0   0   0   3   3   2   1   4
  1   1   2   0   0   2 0.10 0.13 0.10 0.18   1   0   0   1   3   2   3   1   4
  1   1   2   0   0   2 0.06 0.13 0.13 0.14   0   0   1   0   3   2   4   1   3
  1   1   5  -4   1   1 0.11 0.12 0.11 0.06   0   0   0   0   3   4   2   1   3
  1   1   1   0   0   1 0.11 0.12 0.11 0.09   1   0   1   0   3   4   2   3   1
  1   1   4   0   0   2 0.06 0.16 0.09 0.14   0   1   1   1   3   3   2   1   4
  1   1   3   0   0   1 0.07 0.15 0.07 0.09   0   1   0   0   3   3   4   1   2
  1   1   3   5   1   1 0.07 0.11 0.07 0.12   0   0   0   0   3   3   2   4   1
  1   1   1   0   0   1 0.10 0.11 0.10 0.12   1   0   1   0   3   1   2   4   3
  1   1   2   0   0   2 0.09 0.12 0.05 0.10   0   0   0   0   3   3   2   4   1
  1   1   3   4   1   1 0.06 0.14 0.06 0.15   0   0   0   0   3   3   4   1   2
  1   1   5  -2   1   1 0.06 0.14 0.06 0.15   0   0   0   0   3   3   1   4   2
  1   1   1   0   1   1 0.09 0.17 0.09 0.18   0   0   0   0   3   1   3   2   4
  1   1   6   4   1   2 0.09 0.12 0.05 0.10   0   0   0   0   3   3   4   1   2
  1   1   6   0   0   2 0.12 0.15 0.08 0.13   1   1   0   0   3   1   3   4   2
  1   1   4  -4   1   2 0.08 0.11 0.08 0.13   0   0   0   0   3   3   1   2   4
  1   1   1   0   0   1 0.09 0.17 0.09 0.18   1   1   0   0   3   2   1   3   4
  1   1   5   0   0   1 0.05 0.13 0.12 0.21   0   0   1   0   3   1   3   4   2
  1   1   6   4   1   2 0.08 0.11 0.11 0.16   0   0   0   0   4   4   2   1   3
  1   1   6   0   0   2 0.11 0.14 0.11 0.16   0   1   0   1   4   2   1   3   4
  1   1   2  -3   1   2 0.11 0.10 0.14 0.12   0   0   0   0   4   1   2   3   4
  1   1   2   0   0   2 0.14 0.10 0.14 0.12   0   0   0   1   4   3   4   1   2
  1   1   1   0   1   1 0.05 0.13 0.08 0.21   0   0   0   0   4   1   3   2   4
  1   1   4   0   0   2 0.14 0.13 0.17 0.08   1   0   1   0   4   4   2   1   3
  1   1   3   0   0   1 0.08 0.16 0.08 0.24   0   1   0   1   4   4   2   3   1
  1   1   1   0   0   1 0.08 0.12 0.11 0.20   0   1   0   1   4   1   4   2   3
  1   1   2   0   0   2 0.10 0.13 0.13 0.08   0   1   0   1   4   2   4   3   1
  1   1   6   5   1   2 0.10 0.09 0.13 0.04   0   0   0   0   4   2   3   1   4
  1   1   1   0   1   1 0.11 0.08 0.11 0.16   0   0   0   0   4   1   3   4   2
  1   1   5   0   0   1 0.11 0.08 0.14 0.16   1   0   1   0   4   3   2   1   4
  1   1   6   0   0   2 0.13 0.09 0.16 0.04   1   0   1   0   5   4   2   3   1
  1   1   2   0   0   2 0.09 0.12 0.12 0.07   0   1   0   0   5   1   4   2   3
  1   1   4   0   0   2 0.09 0.08 0.12 0.07   0   0   1   0   5   2   3   4   1
  1   1   3   0   0   1 0.07 0.11 0.10 0.19   0   0   1   0   5   2   3   4   1
  1   1   1   0   1   1 0.07 0.11 0.06 0.19   0   0   0   0   5   4   1   2   3
  1   1   2   0   0   2 0.12 0.08 0.08 0.10   1   0   0   0   5   3   4   1   2
  1   1   5   0   0   1 0.10 0.14 0.06 0.22   1   1   0   1   5   4   1   3   2
  1   1   6   6   1   2 0.08 0.11 0.08 0.10   0   0   0   0   6   1   4   2   3
  1   1   2   0   0   2 0.08 0.11 0.11 0.13   0   1   0   1   6   1   2   4   3
  1   1   4  -2   1   2 0.11 0.07 0.11 0.09   0   0   0   0   6   4   2   1   3
  1   1   3   4   1   1 0.06 0.10 0.09 0.18   0   0   0   0   6   3   4   2   1
  1   1   2   0   0   2 0.11 0.07 0.14 0.09   0   0   0   0   6   4   1   2   3
  1   1   5  -1   1   1 0.06 0.10 0.09 0.18   0   0   0   0   6   2   4   1   3
  1   1   2   0   1   2 0.14 0.10 0.14 0.12   0   0   0   0   7   4   1   3   2
  1   1   2   0   0   2 0.14 0.10 0.17 0.12   1   0   1   0   7   3   4   2   1
  1   1   2   0   0   2 0.10 0.13 0.13 0.15   1   1   1   1   8   1   2   4   3
  1   1   2   0   1   2 0.06 0.09 0.09 0.11   0   0   0   0   9   2   3   4   1
  1   3   6   8   1   2 0.06 0.09 0.09 0.11   0   0   0   0   1   3   4   1   2
  0   3   4   5   1   1 0.00 0.00 0.00 0.00   0   0   0   0   1   4   2   3   1
  1   3   3   5   1   1 0.09 0.13 0.12 0.21   0   0   0   0   1   2   1   3   4
  1   3   1  -1   1   1 0.09 0.13 0.12 0.21   0   0   0   0   1   3   1   2   4
  1   3   5   0   0   1 0.12 0.16 0.15 0.24   1   1   0   0   1   2   4   1   3
  0   3   7  -4   1   1 0.00 0.00 0.00 0.00   0   0   0   0   1   3   4   2   1
  1   3   1   1   1   1 0.08 0.12 0.15 0.24   0   0   0   0   1   3   1   4   2
  1   3   5   0   0   1 0.08 0.12 0.18 0.27   0   0   1   1   1   4   3   2   1
  1   3   4  -5   1   2 0.09 0.12 0.12 0.14   0   0   0   0   1   4   3   1   2
  1   3   6   7   1   2 0.09 0.12 0.12 0.14   0   0   0   0   1   3   4   1   2
  0   3   3  -1   1   1 0.00 0.00 0.00 0.00   0   0   0   0   1   3   4   1   2
  1   3   2   0   0   2 0.12 0.15 0.15 0.17   1   0   0   0   1   1   4   3   2
  1   3   6   0   0   2 0.08 0.15 0.15 0.17   0   1   0   0   1   4   2   3   1
  1   3   3   0   0   1 0.11 0.15 0.14 0.23   1   1   1   1   1   4   3   1   2
  1   3   4   0   0   2 0.08 0.11 0.18 0.20   0   1   1   0   1   2   4   3   1
  1   3   2   0   0   2 0.11 0.07 0.14 0.20   1   0   1   0   1   1   3   2   4
  1   3   5   0   0   1 0.07 0.11 0.10 0.19   0   0   1   0   1   2   1   4   3
  1   3   1   0   0   1 0.07 0.11 0.06 0.19   0   0   0   1   1   3   4   2   1
  1   3   3   0   0   1 0.10 0.14 0.06 0.15   1   1   0   1   1   2   4   1   3
  1   3   3   5   1   1 0.06 0.10 0.09 0.11   0   0   0   0   1   2   3   4   1
  0   3   5   8   1   1 0.00 0.00 0.00 0.00   0   0   0   0   1   3   4   1   2
  1   3   2  -1   1   2 0.07 0.07 0.10 0.23   0   0   0   0   1   1   4   3   2
  1   3   6   6   1   2 0.07 0.10 0.10 0.23   0   0   0   0   1   2   4   1   3
  1   3   4   0   0   2 0.10 0.10 0.13 0.26   0   0   0   1   1   4   2   1   3
  0   3   9   6   1   1 0.00 0.00 0.00 0.00   0   0   0   0   1   4   2   3   1
  1   3   5  -4   1   1 0.06 0.10 0.09 0.11   0   0   0   0   1   3   2   4   1
  0   3  10   6   1   1 0.00 0.00 0.00 0.00   0   0   0   0   1   1   4   2   3
  1   3   2  -1   1   2 0.10 0.13 0.13 0.22   0   0   0   0   1   2   1   4   3
  0   3   1  -5   1   1 0.00 0.00 0.00 0.00   0   0   0   0   1   1   4   3   2
  1   3   4   0   0   2 0.13 0.13 0.16 0.22   1   0   0   0   1   1   4   3   2
  1   3   2   0   0   2 0.09 0.16 0.16 0.25   0   0   1   1   1   1   2   3   4
  1   3   1   0   0   1 0.09 0.13 0.12 0.14   1   0   1   0   1   2   1   3   4
  1   3   2   0   0   2 0.09 0.16 0.12 0.21   1   0   1   1   1   3   4   2   1
  0   3   8  -4   1   1 0.00 0.00 0.00 0.00   0   0   0   0   1   4   1   2   3
  1   3   6   0   0   2 0.05 0.19 0.08 0.17   0   1   0   1   1   4   2   1   3
  1   3   1  -3   1   1 0.05 0.13 0.08 0.14   0   0   0   0   1   3   4   2   1
  1   3   4  -5   1   2 0.05 0.15 0.08 0.13   0   0   0   0   1   4   1   2   3
  0   3   6  -8   1   1 0.00 0.00 0.00 0.00   0   0   0   0   1   3   4   2   1
  1   3   5   0   0   1 0.05 0.16 0.08 0.17   0   1   0   1   1   2   4   1   3
  1   3   3   0   0   1 0.08 0.12 0.11 0.13   0   1   0   0   1   1   2   3   4
  1   3   4   0   0   2 0.08 0.15 0.11 0.13   0   1   1   1   1   2   4   3   1
  1   3   5  -1   1   1 0.08 0.08 0.11 0.13   0   0   0   0   1   2   3   1   4
  1   3   1   0   0   1 0.11 0.08 0.14 0.16   0   0   1   0   1   2   4   3   1
  0   3   2  -2   1   1 0.00 0.00 0.00 0.00   0   0   0   0   1   4   1   2   3
  1   3   3   4   1   1 0.11 0.11 0.10 0.16   0   0   0   0   1   1   4   2   3
  1   3   6   5   1   2 0.08 0.11 0.07 0.09   0   0   0   0   1   4   3   2   1
  1   3   5   0   0   1 0.14 0.11 0.10 0.19   1   0   1   0   2   3   1   2   4
  1   3   5   0   0   1 0.10 0.14 0.06 0.19   1   0   0   0   2   2   3   1   4
  1   3   2   0   0   2 0.11 0.11 0.07 0.09   1   0   1   0   2   3   4   1   2
  1   3   6   5   1   2 0.07 0.14 0.03 0.12   0   0   0   0   2   1   2   3   4
  1   3   3   0   0   1 0.06 0.14 0.06 0.22   0   1   0   0   2   2   4   1   3
  1   3   4   0   0   2 0.07 0.14 0.03 0.12   0   1   0   1   2   2   4   1   3
  1   3   2   0   0   2 0.10 0.10 0.06 0.08   0   1   0   0   2   1   2   3   4
  1   3   5  -3   1   1 0.06 0.10 0.09 0.22   0   0   0   0   2   3   1   2   4
  1   3   1   0   0   1 0.09 0.10 0.09 0.25   0   0   0   0   2   1   4   2   3
  1   3   3   0   0   1 0.09 0.13 0.12 0.25   0   1   1   0   2   2   1   4   3
  1   3   4  -5   1   2 0.10 0.06 0.06 0.08   0   0   0   0   2   4   1   3   2
  1   3   4   0   0   2 0.13 0.06 0.09 0.11   1   0   1   0   2   1   3   4   2
  1   3   2  -2   1   2 0.09 0.09 0.05 0.11   0   0   0   0   2   2   4   1   3
  1   3   1   0   0   1 0.12 0.09 0.08 0.28   1   0   0   0   2   4   1   3   2
  1   3   2  -3   1   2 0.09 0.09 0.05 0.14   0   0   0   0   2   2   3   4   1
  1   3   6   0   0   2 0.12 0.12 0.08 0.14   1   0   0   0   2   3   2   4   1
  1   3   5  -2   1   1 0.08 0.09 0.08 0.28   0   0   0   0   2   3   4   1   2
  1   3   3   0   0   1 0.08 0.12 0.11 0.31   0   0   1   1   2   3   2   4   1
  1   3   4   0   0   2 0.08 0.12 0.08 0.17   1   0   0   1   2   3   4   2   1
  1   3   1   0   0   1 0.11 0.12 0.07 0.27   1   1   0   1   2   2   3   4   1
  1   3   5  -2   1   1 0.07 0.08 0.07 0.23   0   0   0   0   3   4   1   3   2
  1   3   5   0   0   1 0.07 0.08 0.10 0.23   0   0   1   1   3   4   3   1   2
  1   3   2   0   0   2 0.04 0.15 0.11 0.13   0   0   1   1   3   1   4   2   3
  1   3   3   0   0   1 0.10 0.11 0.06 0.19   1   1   0   1   3   3   1   4   2
  1   3   4   0   0   2 0.04 0.15 0.07 0.09   0   1   0   0   3   3   2   4   1
  1   3   2   0   0   2 0.07 0.11 0.07 0.09   1   0   0   0   3   2   3   4   1
  1   3   1  -1   1   1 0.06 0.07 0.06 0.15   0   0   0   0   3   3   1   4   2
  1   3   3   4   1   1 0.06 0.07 0.09 0.15   0   0   0   0   3   1   2   3   4
  1   3   4   0   0   2 0.03 0.11 0.10 0.12   0   0   0   0   3   4   2   1   3
  1   3   1  -1   1   1 0.09 0.10 0.09 0.18   0   0   0   0   3   2   1   4   3
  1   3   6   4   1   2 0.03 0.14 0.10 0.12   0   0   0   0   3   1   4   2   3
  1   3   3   7   1   1 0.09 0.10 0.12 0.18   0   0   0   0   3   3   1   2   4
  1   3   4  -5   1   2 0.06 0.14 0.13 0.15   0   0   0   0   3   4   3   2   1
  1   3   1  -2   1   1 0.12 0.13 0.12 0.21   0   0   0   0   3   1   2   3   4
  1   3   5  -2   1   1 0.12 0.13 0.15 0.21   0   0   0   0   4   1   4   3   2
  1   3   2   0   0   2 0.06 0.17 0.13 0.15   0   1   1   0   4   4   1   2   3
  1   3   3   0   0   1 0.15 0.16 0.15 0.24   1   1   1   1   4   3   4   1   2
  1   3   4   0   0   2 0.09 0.13 0.09 0.18   1   1   0   0   4   2   3   4   1
  1   3   2  -3   1   2 0.05 0.09 0.09 0.18   0   0   0   0   4   3   2   1   4
  1   3   4   0   0   2 0.05 0.09 0.12 0.21   0   0   1   1   4   2   1   3   4
  1   3   2  -2   1   2 0.08 0.12 0.08 0.17   0   0   0   0   5   4   2   1   3
  1   3   3   0   0   1 0.11 0.12 0.11 0.20   1   1   1   1   5   4   3   1   2
  1   3   4   0   0   2 0.08 0.12 0.08 0.17   0   1   0   1   5   2   3   4   1
  1   3   4   0   0   2 0.11 0.08 0.11 0.13   1   0   1   0   5   2   4   3   1
  1   3   3   6   1   1 0.07 0.08 0.07 0.16   0   0   0   0   6   4   3   1   2
  1   3   4  -4   1   2 0.07 0.08 0.07 0.13   0   0   0   0   6   2   4   3   1
  1   3   4   0   0   2 0.07 0.11 0.07 0.16   0   0   0   1   6   3   4   1   2
  1   3   4  -5   1   2 0.10 0.11 0.10 0.12   0   0   0   0   7   1   4   3   2
  0   2   8   0   1   1 0.00 0.00 0.00 0.00   0   0   0   0   1   1   4   3   2
  1   2   2  -1   1   2 0.10 0.14 0.10 0.12   0   0   0   0   1   1   4   3   2
  1   2   3   5   1   1 0.07 0.08 0.07 0.16   0   0   0   0   1   3   1   4   2
  1   2   1  -4   1   1 0.10 0.11 0.10 0.19   0   0   0   0   1   2   4   1   3
  1   2   5  -1   1   1 0.10 0.11 0.10 0.19   0   0   0   0   1   3   4   1   2
  0   2   3   0   1   1 0.00 0.00 0.00 0.00   0   0   0   0   1   1   4   3   2
  1   2   4   0   0   2 0.13 0.14 0.13 0.15   1   1   0   1   1   3   4   2   1
  1   2   5   0   0   1 0.13 0.14 0.13 0.22   1   1   0   1   1   2   4   1   3
  1   2   3   0   0   1 0.09 0.10 0.13 0.18   0   1   0   1   1   3   2   4   1
  1   2   3   0   0   1 0.09 0.06 0.16 0.14   0   0   1   1   1   2   3   1   4
  1   2   6   5   1   2 0.09 0.10 0.13 0.11   0   0   0   0   1   2   4   1   3
  1   2   1   0   0   1 0.12 0.06 0.12 0.10   1   0   1   0   1   3   2   1   4
  1   2   1   0   0   1 0.08 0.09 0.08 0.10   1   1   1   1   1   2   4   3   1
  1   2   1  -1   1   1 0.04 0.05 0.04 0.06   0   0   0   0   1   2   3   4   1
  1   2   3   4   1   1 0.04 0.05 0.04 0.06   0   0   0   0   1   1   4   2   3
  1   2   2  -3   1   2 0.09 0.10 0.16 0.11   0   0   0   0   1   4   3   2   1
  1   2   6   0   0   2 0.12 0.13 0.16 0.14   1   1   1   1   1   3   1   2   4
  0   2   9   6   1   1 0.00 0.00 0.00 0.00   0   0   0   0   1   1   4   2   3
  0   2  10   7   1   1 0.00 0.00 0.00 0.00   0   0   0   0   1   2   1   4   3
  1   2   6   5   1   2 0.08 0.09 0.12 0.10   0   0   0   0   1   3   2   1   4
  0   2   6  -6   1   1 0.00 0.00 0.00 0.00   0   0   0   0   1   2   1   4   3
  1   2   4  -3   1   2 0.08 0.09 0.12 0.10   0   0   0   0   1   2   3   1   4
  1   2   6   0   0   2 0.11 0.12 0.15 0.13   0   1   0   0   1   2   3   4   1
  1   2   4  -3   1   2 0.11 0.08 0.15 0.13   0   0   0   0   1   2   3   1   4
  0   2   7  -4   1   1 0.00 0.00 0.00 0.00   0   0   0   0   1   3   2   4   1
  0   2   1  -5   1   1 0.00 0.00 0.00 0.00   0   0   0   0   1   1   3   4   2
  1   2   2   0   0   2 0.14 0.08 0.18 0.16   1   0   1   1   1   4   3   2   1
  1   2   5  -3   1   1 0.07 0.08 0.07 0.09   0   0   0   0   1   1   3   2   4
  1   2   6   0   0   2 0.10 0.11 0.14 0.12   1   1   0   0   1   3   4   1   2
  1   2   5  -1   1   1 0.07 0.08 0.07 0.09   0   0   0   0   1   3   4   1   2
  1   2   4  -3   1   2 0.06 0.07 0.14 0.12   0   0   0   0   1   1   3   2   4
  1   2   4  -5   1   2 0.06 0.07 0.17 0.15   0   0   0   0   1   2   1   4   3
  1   2   4  -3   1   2 0.09 0.10 0.17 0.15   0   0   0   0   1   2   1   3   4
  0   2   4   5   1   1 0.00 0.00 0.00 0.00   0   0   0   0   1   4   3   1   2
  1   2   6   9   1   2 0.09 0.10 0.20 0.18   0   0   0   0   1   3   4   1   2
  1   2   2   0   0   2 0.12 0.13 0.20 0.18   1   1   1   0   1   3   1   2   4
  1   2   1   0   0   1 0.10 0.11 0.10 0.12   1   0   0   1   1   4   1   2   3
  0   2   5  10   1   1 0.00 0.00 0.00 0.00   0   0   0   0   1   1   4   3   2
  1   2   2  -2   1   2 0.08 0.09 0.16 0.21   0   0   0   0   1   4   3   2   1
  0   2   2  -2   1   1 0.00 0.00 0.00 0.00   0   0   0   0   1   3   1   4   2
  1   2   1   0   0   1 0.06 0.11 0.10 0.08   0   1   0   0   1   4   3   2   1
  1   2   5  -2   1   1 0.06 0.07 0.13 0.08   0   0   0   0   1   2   4   1   3
  1   2   3   5   1   1 0.09 0.07 0.13 0.11   0   0   0   0   1   4   1   3   2
  1   2   5   0   0   1 0.09 0.10 0.16 0.11   0   0   1   0   1   4   1   3   2
  1   2   2   0   0   2 0.08 0.09 0.16 0.21   0   0   1   1   1   1   4   3   2
  1   2   3   5   1   1 0.12 0.10 0.12 0.14   0   0   0   0   1   2   4   3   1
  1   2   4  -3   1   2 0.11 0.12 0.12 0.17   0   0   0   0   2   1   2   4   3
  1   2   5   0   0   1 0.12 0.13 0.12 0.14   1   1   0   0   2   2   4   1   3
  1   2   3   5   1   1 0.08 0.09 0.15 0.17   0   0   0   0   2   4   1   2   3
  1   2   3   0   0   1 0.08 0.09 0.15 0.17   0   0   1   1   2   4   2   3   1
  1   2   1   0   0   1 0.11 0.12 0.11 0.13   1   1   1   1   2   2   1   3   4
  1   2   1  -2   1   1 0.07 0.08 0.07 0.09   0   0   0   0   2   3   4   1   2
  1   2   6   4   1   2 0.11 0.12 0.12 0.17   0   0   0   0   2   2   1   4   3
  1   2   6   0   0   2 0.14 0.15 0.15 0.20   1   1   1   1   2   3   4   2   1
  1   2   2   0   0   2 0.10 0.11 0.11 0.16   0   0   0   0   2   1   3   2   4
  1   2   6   6   1   2 0.10 0.11 0.11 0.16   0   0   0   0   2   3   4   2   1
  1   2   2   0   0   2 0.13 0.14 0.14 0.19   1   1   1   1   2   1   4   2   3
  1   2   1  -1   1   1 0.07 0.08 0.07 0.09   0   0   0   0   2   2   3   4   1
  1   2   1   0   0   1 0.10 0.11 0.10 0.12   1   1   0   0   2   4   3   1   2
  1   2   5  -2   1   1 0.06 0.07 0.10 0.12   0   0   0   0   2   3   4   2   1
  1   2   2  -1   1   2 0.09 0.10 0.10 0.15   0   0   0   0   2   1   4   2   3
  1   2   5  -3   1   1 0.06 0.07 0.13 0.15   0   0   0   0   3   3   2   1   4
  1   2   3   5   1   1 0.09 0.10 0.13 0.15   0   0   0   0   3   3   2   4   1
  1   2   1   0   0   1 0.09 0.10 0.16 0.18   0   0   1   0   3   1   2   3   4
  1   2   6   0   0   2 0.09 0.10 0.10 0.15   0   0   1   0   3   1   3   4   2
  1   2   2   0   0   2 0.12 0.13 0.06 0.18   1   1   0   1   3   2   3   1   4
  1   2   2  -1   1   2 0.08 0.09 0.06 0.14   0   0   0   0   3   4   3   1   2
  1   2   1   0   0   1 0.12 0.13 0.12 0.18   1   1   1   1   3   2   3   4   1
  1   2   1  -1   1   1 0.08 0.09 0.08 0.14   0   0   0   0   4   1   4   3   2
  1   2   6   0   0   2 0.08 0.09 0.09 0.14   0   0   0   1   4   3   1   2   4
  1   2   2  -2   1   2 0.11 0.12 0.09 0.10   0   0   0   0   4   4   1   3   2
  1   2   1   0   0   1 0.08 0.09 0.08 0.14   1   0   0   0   4   3   4   1   2
  1   2   6   0   0   2 0.11 0.12 0.12 0.10   1   0   1   0   5   2   4   1   3
  1   2   1   0   0   1 0.04 0.12 0.11 0.17   0   1   1   1   5   3   4   1   2
  1   2   6   0   0   2 0.07 0.15 0.08 0.13   0   1   0   0   6   1   4   2   3
  1   2   1  -1   1   1 0.04 0.08 0.07 0.13   0   0   0   0   6   1   4   2   3
  1   2   6   6   1   2 0.07 0.11 0.08 0.13   0   0   0   0   7   4   2   1   3
