  1   3   3   2   1   1 0.50 1.00 0.50 1.00   0   0   0   0   1   1   2   4   3
  1   3   5   0   0   1 0.50 1.00 0.50 1.00   1   1   1   1   1   3   4   1   2
  1   3   3   0   0   1 0.46 0.96 0.46 0.96   1   1   1   1   1   2   4   1   3
  1   3   2   1   0   2 0.10 0.50 0.10 0.50   0   1   0   1   1   1   3   2   4
  1   3   6   0   0   2 0.10 0.46 0.10 0.46   0   1   0   1   1   2   4   3   1
  1   3   3   0   0   1 0.42 0.92 0.42 0.92   0   1   1   1   1   4   3   2   1
  1   3   3   0   0   1 0.42 0.88 0.38 0.88   0   1   0   1   1   2   3   4   1
  0   3   1  -3   1   1 0.00 0.00 0.00 0.00   0   0   0   0   1   4   2   1   3
  1   3   5   0   0   1 0.45 0.84 0.38 0.84   1   1   0   1   1   4   1   2   3
  1   3   1   0   0   1 0.41 0.80 0.41 0.80   1   1   1   1   1   4   3   1   2
  1   3   1   0   0   1 0.37 0.76 0.37 0.76   0   1   0   1   1   2   4   1   3
  1   3   1   0   0   1 0.37 0.72 0.37 0.72   0   1   0   1   1   4   2   1   3
  0   3   7  -2   1   1 0.00 0.00 0.00 0.00   0   0   0   0   1   1   2   4   3
  1   3   4   0   0   2 0.13 0.42 0.13 0.42   0   1   0   1   1   3   4   1   2
  0   3   8  -1   1   1 0.00 0.00 0.00 0.00   0   0   0   0   1   4   2   1   3
  1   3   3   0   0   1 0.40 0.68 0.40 0.68   1   1   0   1   1   4   2   1   3
  1   3   5   0   0   1 0.36 0.64 0.40 0.64   1   1   1   1   1   2   3   4   1
  1   3   5   0   0   1 0.32 0.60 0.36 0.60   1   1   1   1   1   4   3   1   2
  0   3  10   3   1   1 0.00 0.00 0.00 0.00   0   0   0   0   1   4   1   3   2
  1   3   2   0   0   2 0.13 0.38 0.13 0.38   0   1   0   1   1   3   2   4   1
  0   3   5   2   1   1 0.00 0.00 0.00 0.00   0   0   0   0   1   1   4   3   2
  1   3   4   0   0   2 0.16 0.34 0.16 0.34   0   1   0   1   1   2   1   3   4
  1   3   4   0   0   2 0.16 0.30 0.16 0.30   0   1   0   1   1   2   3   1   4
  0   3   4   2   1   1 0.00 0.00 0.00 0.00   0   0   0   0   1   3   4   1   2
  1   3   5   0   0   1 0.28 0.56 0.32 0.56   0   1   1   1   1   3   2   1   4
  1   3   6   0   0   2 0.19 0.26 0.19 0.26   0   1   0   1   1   2   4   3   1
  1   3   4   0   0   2 0.19 0.22 0.19 0.22   0   1   0   1   1   3   2   1   4
  1   3   4   0   0   2 0.22 0.18 0.22 0.18   0   1   0   0   1   2   4   1   3
  1   3   5   0   0   1 0.28 0.52 0.28 0.52   0   1   1   1   1   3   4   1   2
  0   3   6  -4   1   1 0.00 0.00 0.00 0.00   0   0   0   0   1   3   1   2   4
  1   3   4   0   0   2 0.22 0.14 0.22 0.18   1   0   1   1   1   1   3   4   2
  1   3   6   0   0   2 0.18 0.14 0.18 0.14   0   0   0   1   1   1   4   2   3
  0   3   9   2   1   1 0.00 0.00 0.00 0.00   0   0   0   0   1   4   1   2   3
  1   3   2   0   0   2 0.18 0.17 0.18 0.10   0   1   1   0   1   3   2   1   4
  1   3   6   0   0   2 0.21 0.13 0.14 0.10   1   0   0   0   1   3   4   1   2
  1   3   1   0   0   1 0.31 0.48 0.24 0.48   0   1   0   1   1   1   2   3   4
  1   3   3   0   0   1 0.31 0.44 0.24 0.44   0   1   0   1   1   2   3   1   4
  1   3   1   0   0   1 0.34 0.40 0.27 0.40   1   1   0   1   1   4   3   1   2
  1   3   6   1   1   2 0.17 0.13 0.14 0.13   0   0   0   0   1   1   3   4   2
  1   3   2  -2   1   2 0.17 0.16 0.17 0.13   0   0   0   0   1   4   2   3   1
  1   3   6   0   0   2 0.20 0.16 0.17 0.16   0   0   0   1   1   4   3   2   1
  1   3   2   0   0   2 0.20 0.19 0.20 0.12   0   1   0   1   1   2   1   4   3
  1   3   1   0   0   1 0.30 0.36 0.27 0.36   0   1   0   1   1   4   2   1   3
  0   3   3   0   1   1 0.00 0.00 0.00 0.00   0   0   0   0   1   2   1   3   4
  1   3   2   0   1   2 0.23 0.15 0.20 0.08   0   0   0   0   1   4   3   2   1
  0   3   2   0   1   1 0.00 0.00 0.00 0.00   0   0   0   0   1   2   1   4   3
  1   3   5   0   0   1 0.30 0.32 0.30 0.32   1   1   0   1   2   2   4   3   1
  1   3   3   0   0   1 0.26 0.28 0.30 0.28   0   1   0   1   2   3   2   4   1
  1   3   2  -1   0   2 0.23 0.15 0.23 0.08   1   0   1   0   2   2   1   4   3
  1   3   6   2   1   2 0.19 0.18 0.19 0.11   0   0   0   0   2   1   4   2   3
  1   3   3   0   0   1 0.26 0.24 0.33 0.24   0   1   0   1   2   2   3   1   4
  1   3   3   0   0   1 0.29 0.20 0.33 0.20   0   1   0   0   2   3   4   1   2
  1   3   5   0   0   1 0.29 0.16 0.36 0.20   1   1   1   1   2   3   4   2   1
  1   3   1   0   0   1 0.25 0.12 0.32 0.16   1   1   0   1   2   1   4   2   3
  1   3   1   0   0   1 0.21 0.08 0.32 0.12   0   0   1   1   2   4   2   1   3
  1   3   1   0   0   1 0.21 0.08 0.28 0.08   1   0   1   0   2   2   4   1   3
  1   3   4   0   0   2 0.19 0.18 0.19 0.11   0   1   0   1   2   1   3   4   2
  1   3   3   2   1   1 0.17 0.11 0.24 0.08   0   0   0   0   2   1   3   2   4
  1   3   5  -1   0   1 0.17 0.11 0.24 0.11   0   1   0   0   2   1   4   2   3
  1   3   5   0   0   1 0.20 0.07 0.27 0.11   1   0   1   1   2   2   3   4   1
  1   3   2   0   0   2 0.22 0.14 0.22 0.07   1   1   0   0   2   1   2   3   4
  1   3   4  -2   1   2 0.18 0.10 0.22 0.07   0   0   0   0   2   2   3   4   1
  1   3   4   0   0   2 0.18 0.10 0.25 0.10   1   0   0   0   2   4   3   1   2
  1   3   5   0   1   1 0.16 0.07 0.23 0.07   0   0   0   0   2   3   1   4   2
  1   3   6   3   1   2 0.14 0.13 0.25 0.10   0   0   0   0   2   1   4   3   2
  1   3   4   0   0   2 0.14 0.13 0.28 0.13   0   1   0   0   2   4   3   1   2
  1   3   4   0   0   2 0.17 0.09 0.28 0.13   1   1   0   0   2   4   2   1   3
  1   3   5  -2   1   1 0.16 0.10 0.23 0.07   0   0   0   0   2   2   4   1   3
  1   3   4   0   0   2 0.13 0.05 0.31 0.16   0   1   0   0   2   3   4   1   2
  1   3   6   2   1   2 0.13 0.02 0.31 0.16   0   0   0   0   2   4   3   1   2
  1   3   2   1   1   2 0.16 0.02 0.34 0.19   0   0   0   0   2   3   1   4   2
  1   3   6   2   1   2 0.16 0.05 0.34 0.19   0   0   0   0   2   4   1   2   3
  1   3   1   0   0   1 0.19 0.10 0.26 0.10   0   1   0   0   2   1   4   2   3
  1   3   3   2   1   1 0.19 0.06 0.26 0.10   0   0   0   0   2   2   4   3   1
  1   3   1   0   0   1 0.22 0.06 0.29 0.13   1   0   0   1   2   4   2   3   1
  1   3   6   0   0   2 0.19 0.05 0.37 0.22   0   0   0   0   2   2   3   1   4
  1   3   2   0   0   2 0.19 0.08 0.37 0.22   1   0   1   1   2   3   1   2   4
  1   3   1   1   1   1 0.18 0.09 0.29 0.09   0   0   0   0   2   1   4   3   2
  1   3   5   0   0   1 0.18 0.09 0.32 0.09   1   1   1   0   3   3   2   1   4
  1   3   3   0   0   1 0.14 0.05 0.28 0.12   0   1   1   1   3   1   4   2   3
  1   3   2   0   0   2 0.15 0.08 0.33 0.18   0   0   0   0   3   2   4   1   3
  1   3   3   0   1   1 0.14 0.02 0.24 0.08   0   0   0   0   3   1   2   4   3
  1   3   3   2   1   1 0.17 0.02 0.24 0.08   0   0   0   0   3   1   4   2   3
  1   3   5   0   0   1 0.17 0.05 0.27 0.11   1   0   1   1   3   1   2   4   3
  1   3   1   0   0   1 0.13 0.05 0.23 0.07   1   0   1   0   3   4   3   1   2
  1   3   1   0   0   1 0.09 0.08 0.19 0.07   0   0   1   1   3   4   3   2   1
  1   3   1  -2   1   1 0.09 0.08 0.15 0.03   0   0   0   0   3   4   1   3   2
  1   3   4  -1   1   2 0.15 0.11 0.33 0.18   0   0   0   0   3   2   1   3   4
  1   3   5   0   0   1 0.12 0.11 0.15 0.03   1   1   0   0   3   2   3   1   4
  1   3   5   0   0   1 0.08 0.07 0.18 0.06   1   0   1   0   3   2   4   1   3
  1   3   2   0   0   2 0.18 0.11 0.36 0.21   0   1   1   1   3   4   3   2   1
  1   3   4   0   0   2 0.18 0.07 0.32 0.17   0   0   0   1   3   4   2   3   1
  1   3   4  -3   1   2 0.21 0.07 0.32 0.13   0   0   0   0   3   1   4   3   2
  1   3   4  -2   1   2 0.21 0.10 0.35 0.13   0   0   0   0   3   4   2   3   1
  1   3   4  -1   1   2 0.24 0.10 0.35 0.16   0   0   0   0   3   4   2   1   3
  1   3   1   0   1   1 0.04 0.07 0.14 0.06   0   0   0   0   3   3   1   4   2
  1   3   1   0   0   1 0.04 0.10 0.14 0.09   0   0   0   0   3   3   1   4   2
  1   3   6   3   1   2 0.24 0.13 0.38 0.16   0   0   0   0   3   3   1   4   2
  1   3   2   0   0   2 0.27 0.13 0.38 0.19   1   1   1   1   3   4   3   1   2
  1   3   5  -1   1   1 0.07 0.10 0.17 0.09   0   0   0   0   4   1   4   3   2
  1   3   3   0   0   1 0.07 0.13 0.17 0.12   0   1   0   1   4   3   4   1   2
  1   3   2   0   0   2 0.23 0.09 0.34 0.15   1   1   1   1   4   1   4   2   3
  1   3   5   0   1   1 0.10 0.09 0.20 0.08   0   0   0   0   4   1   3   4   2
  1   3   1  -3   1   1 0.10 0.09 0.20 0.08   0   0   0   0   4   4   1   2   3
  1   3   1   1   1   1 0.13 0.12 0.23 0.11   0   0   0   0   4   4   3   2   1
  1   3   5  -1   1   1 0.13 0.12 0.23 0.11   0   0   0   0   4   4   3   1   2
  1   3   5   0   0   1 0.16 0.15 0.26 0.14   0   1   0   1   4   3   4   2   1
  1   3   2  -2   1   2 0.19 0.05 0.30 0.11   0   0   0   0   4   2   4   3   1
  1   3   4   0   1   2 0.19 0.05 0.30 0.11   0   0   0   0   4   1   2   4   3
  1   3   1   0   0   1 0.16 0.11 0.26 0.10   0   1   0   1   4   1   2   4   3
  1   3   2   0   0   2 0.22 0.08 0.33 0.14   1   0   0   1   4   2   1   3   4
  1   3   3   2   1   1 0.19 0.07 0.29 0.06   0   0   0   0   5   3   1   2   4
  1   3   2  -2   1   2 0.18 0.08 0.33 0.10   0   0   0   0   5   1   2   3   4
  1   3   5  -2   1   1 0.19 0.07 0.29 0.06   0   0   0   0   5   2   3   4   1
  1   3   1   0   0   1 0.22 0.10 0.32 0.09   1   0   0   0   5   2   1   4   3
  1   3   2   0   0   2 0.18 0.11 0.36 0.10   1   1   1   1   5   1   2   4   3
  1   3   1   0   0   1 0.18 0.10 0.32 0.09   1   1   0   1   6   1   2   3   4
  1   3   2   0   0   2 0.14 0.07 0.32 0.06   0   0   1   0   6   2   3   1   4
  1   3   1  -1   1   1 0.14 0.06 0.35 0.05   0   0   0   0   7   2   3   4   1
  1   3   2   0   0   2 0.14 0.07 0.28 0.06   1   0   0   0   7   4   1   3   2
  1   3   2   0   0   2 0.10 0.10 0.28 0.09   1   0   0   0   8   2   3   1   4
  1   3   2   0   0   2 0.06 0.10 0.31 0.09   0   0   1   0   9   3   2   1   4
  1   3   2  -1   1   2 0.06 0.13 0.27 0.12   0   0   0   0  10   2   1   3   4
  1   1   4   0   0   2 0.09 0.13 0.27 0.12   0   1   0   1   1   3   1   4   2
  1   1   1   0   0   1 0.14 0.06 0.35 0.05   0   0   1   0   1   1   4   2   3
  1   1   2   0   0   2 0.09 0.09 0.30 0.08   0   0   1   0   1   3   1   4   2
  1   1   1   0   1   1 0.17 0.09 0.31 0.08   0   0   0   0   1   4   2   3   1
  1   1   3   2   1   1 0.17 0.09 0.31 0.08   0   0   0   0   1   3   1   4   2
  1   1   3   0   0   1 0.20 0.12 0.34 0.11   1   0   1   0   1   4   3   1   2
  0   1   5   3   1   1 0.00 0.00 0.00 0.00   0   0   0   0   1   3   4   2   1
  0   1   8  -1   1   1 0.00 0.00 0.00 0.00   0   0   0   0   1   4   2   1   3
  1   1   1  -1   1   1 0.16 0.12 0.30 0.11   0   0   0   0   1   3   4   2   1
  1   1   2   0   0   2 0.12 0.09 0.26 0.08   0   1   0   1   1   1   4   2   3
  1   1   4   0   0   2 0.12 0.05 0.26 0.04   0   0   0   0   1   4   1   2   3
  1   1   5   0   0   1 0.16 0.15 0.30 0.14   0   1   0   1   1   4   3   1   2
  1   1   2  -2   1   2 0.15 0.05 0.29 0.04   0   0   0   0   1   3   1   4   2
  1   1   1  -4   1   1 0.19 0.11 0.33 0.10   0   0   0   0   1   3   1   4   2
  1   1   5   0   0   1 0.19 0.11 0.33 0.10   0   1   1   1   1   3   1   2   4
  1   1   6   2   1   2 0.15 0.08 0.29 0.07   0   0   0   0   1   2   4   3   1
  1   1   4   0   0   2 0.18 0.08 0.32 0.07   0   0   1   0   1   2   4   1   3
  1   1   3   4   1   1 0.22 0.07 0.29 0.06   0   0   0   0   1   1   4   2   3
  1   1   2   0   0   2 0.18 0.11 0.28 0.10   0   0   1   0   1   2   4   1   3
  1   1   4   0   0   2 0.21 0.11 0.24 0.10   0   0   1   1   1   1   4   2   3
  0   1   4   2   1   1 0.00 0.00 0.00 0.00   0   0   0   0   1   2   4   3   1
  1   1   1   1   1   1 0.22 0.07 0.29 0.06   0   0   0   0   1   3   2   1   4
  1   1   5  -2   1   1 0.25 0.10 0.32 0.09   0   0   0   0   1   2   1   4   3
  1   1   5   0   1   1 0.25 0.10 0.32 0.09   0   0   0   0   1   2   4   1   3
  0   1   9   3   1   1 0.00 0.00 0.00 0.00   0   0   0   0   1   1   2   3   4
  1   1   4  -2   1   2 0.21 0.14 0.20 0.06   0   0   0   0   1   3   2   4   1
  0   1   1   2   1   1 0.00 0.00 0.00 0.00   0   0   0   0   1   3   4   2   1
  1   1   2  -1   1   2 0.24 0.14 0.20 0.06   0   0   0   0   1   1   4   2   3
  1   1   6   0   0   2 0.24 0.17 0.23 0.09   1   1   1   1   1   4   2   1   3
  1   1   4  -3   1   2 0.20 0.13 0.19 0.05   0   0   0   0   1   3   4   1   2
  1   1   3   0   0   1 0.28 0.13 0.35 0.12   1   0   0   0   1   1   2   3   4
  1   1   6   0   0   2 0.20 0.13 0.19 0.05   0   0   1   1   1   3   1   4   2
  0   1  10   3   1   1 0.00 0.00 0.00 0.00   0   0   0   0   1   4   1   2   3
  1   1   5  -1   0   1 0.24 0.13 0.35 0.12   1   1   0   1   1   1   2   3   4
  1   1   3   2   1   1 0.20 0.09 0.38 0.08   0   0   0   0   1   3   1   2   4
  0   1   2  -1   1   1 0.00 0.00 0.00 0.00   0   0   0   0   1   1   2   3   4
  1   1   1   0   1   1 0.20 0.09 0.38 0.08   0   0   0   0   1   1   4   3   2
  1   1   5   0   0   1 0.23 0.12 0.41 0.11   1   1   0   1   1   1   3   2   4
  1   1   3   0   1   1 0.19 0.08 0.41 0.07   0   0   0   0   1   1   2   3   4
  0   1   3  -1   1   1 0.00 0.00 0.00 0.00   0   0   0   0   1   4   3   2   1
  1   1   6   0   0   2 0.23 0.16 0.15 0.02   0   1   0   0   1   2   4   3   1
  1   1   6   4   1   2 0.23 0.12 0.15 0.02   0   0   0   0   1   3   4   1   2
  1   1   6   0   1   2 0.26 0.12 0.18 0.05   0   0   0   0   1   4   2   1   3
  0   1   6  -3   1   1 0.00 0.00 0.00 0.00   0   0   0   0   1   2   1   3   4
  0   1   7   0   1   1 0.00 0.00 0.00 0.00   0   0   0   0   1   1   2   4   3
  1   1   2   0   0   2 0.26 0.15 0.18 0.05   1   1   1   0   1   4   2   3   1
  1   1   4   0   0   2 0.22 0.11 0.14 0.08   1   1   0   0   2   4   1   3   2
  1   1   1  -2   1   1 0.19 0.08 0.44 0.07   0   0   0   0   2   2   3   1   4
  1   1   2  -5   1   2 0.18 0.07 0.14 0.08   0   0   0   0   2   3   2   1   4
  1   1   3   2   1   1 0.22 0.11 0.44 0.10   0   0   0   0   2   3   2   4   1
  1   1   2   1   1   2 0.18 0.07 0.17 0.11   0   0   0   0   2   2   4   1   3
  1   1   4  -2   0   2 0.21 0.10 0.17 0.11   0   0   0   0   2   1   2   3   4
  1   1   5   0   1   1 0.22 0.11 0.47 0.10   0   0   0   0   2   1   3   4   2
  1   1   5   2   1   1 0.25 0.14 0.47 0.13   0   0   0   0   2   2   1   4   3
  1   1   4  -4   1   2 0.21 0.10 0.20 0.14   0   0   0   0   2   2   4   3   1
  1   1   2  -2   1   2 0.24 0.13 0.20 0.14   0   0   0   0   2   1   2   4   3
  1   1   4   0   0   2 0.24 0.13 0.23 0.17   0   1   0   1   2   1   2   3   4
  1   1   6   5   1   2 0.27 0.09 0.23 0.13   0   0   0   0   2   2   3   1   4
  1   1   3   3   1   1 0.25 0.14 0.50 0.13   0   0   0   0   2   1   4   3   2
  1   1   6   2   1   2 0.27 0.09 0.26 0.13   0   0   0   0   2   2   3   1   4
  1   1   5  -1   1   1 0.28 0.17 0.50 0.16   0   0   0   0   2   2   4   3   1
  1   1   5  -2   0   1 0.28 0.17 0.53 0.16   0   0   1   1   2   1   4   2   3
  1   1   6   0   0   2 0.30 0.12 0.26 0.16   0   1   0   0   2   1   2   4   3
  1   1   2   2   1   2 0.30 0.08 0.29 0.16   0   0   0   0   2   4   2   3   1
  1   1   4   0   0   2 0.33 0.08 0.29 0.19   0   0   0   1   3   4   3   1   2
  1   1   4   0   1   2 0.33 0.11 0.32 0.15   0   0   0   0   3   2   4   3   1
  1   1   4  -4   1   2 0.36 0.11 0.32 0.15   0   0   0   0   3   4   1   2   3
  1   1   5   0   0   1 0.31 0.20 0.49 0.12   1   1   1   1   3   1   3   4   2
  1   1   6   3   1   2 0.36 0.14 0.35 0.18   0   0   0   0   3   1   2   3   4
  1   1   4   0   0   2 0.39 0.14 0.35 0.18   1   1   0   1   4   1   3   2   4
  1   1   5  -3   1   1 0.27 0.16 0.45 0.08   0   0   0   0   4   4   2   3   1
  1   1   4  -5   1   2 0.35 0.10 0.38 0.14   0   0   0   0   5   4   2   3   1
  1   5   3   0   0   1 0.27 0.16 0.45 0.08   0   1   0   0   1   1   4   3   2
  1   5   2   0   0   2 0.35 0.10 0.38 0.14   1   0   0   1   1   4   1   3   2
  1   5   4   0   0   2 0.31 0.13 0.41 0.10   1   1   1   0   1   1   2   3   4
  1   5   5   0   0   1 0.30 0.12 0.48 0.11   1   1   0   1   1   4   2   3   1
  1   5   3   3   1   1 0.26 0.08 0.48 0.07   0   0   0   0   1   2   1   4   3
  1   5   5  -1   1   1 0.26 0.08 0.51 0.07   0   0   0   0   1   1   2   4   3
  0   5   6  -4   1   1 0.00 0.00 0.00 0.00   0   0   0   0   1   2   1   4   3
  0   5   5   4   1   1 0.00 0.00 0.00 0.00   0   0   0   0   1   3   4   1   2
  1   5   1  -2   1   1 0.29 0.11 0.51 0.10   0   0   0   0   1   1   4   2   3
  1   5   1   0   0   1 0.29 0.11 0.54 0.10   1   0   1   0   1   2   4   3   1
  1   5   4  -2   1   2 0.27 0.09 0.37 0.10   0   0   0   0   1   3   2   4   1
  1   5   5  -1   0   1 0.25 0.14 0.50 0.13   1   0   1   0   1   3   4   2   1
  1   5   2  -1   1   2 0.27 0.09 0.37 0.13   0   0   0   0   1   3   4   1   2
  1   5   6   3   1   2 0.30 0.12 0.40 0.13   0   0   0   0   1   1   2   4   3
  1   5   1   0   0   1 0.21 0.14 0.46 0.13   1   0   1   0   1   2   3   4   1
  1   5   4   0   0   2 0.30 0.12 0.40 0.16   0   0   1   1   1   1   2   3   4
  1   5   1  -1   1   1 0.17 0.17 0.42 0.16   0   0   0   0   1   4   2   1   3
  1   5   1  -3   1   1 0.17 0.17 0.42 0.16   0   0   0   0   1   4   2   3   1
  1   5   6   0   1   2 0.33 0.15 0.36 0.12   0   0   0   0   1   4   2   3   1
  1   5   5  -1   1   1 0.20 0.20 0.45 0.19   0   0   0   0   1   1   3   4   2
  0   5  10   3   1   1 0.00 0.00 0.00 0.00   0   0   0   0   1   1   4   2   3
  1   5   3   0   0   1 0.20 0.20 0.45 0.19   1   1   0   1   1   3   2   4   1
  1   5   3   0   0   1 0.16 0.16 0.48 0.15   0   1   0   1   1   3   2   4   1
  1   5   2  -2   1   2 0.33 0.15 0.36 0.12   0   0   0   0   1   1   4   3   2
  1   5   3   1   1   1 0.16 0.12 0.48 0.11   0   0   0   0   1   3   2   4   1
  1   5   6   3   1   2 0.36 0.18 0.39 0.15   0   0   0   0   1   4   3   2   1
  1   5   5   1   1   1 0.19 0.12 0.51 0.11   0   0   0   0   1   1   2   4   3
  1   5   6   4   1   2 0.36 0.18 0.39 0.15   0   0   0   0   1   1   4   3   2
  0   5   9   3   1   1 0.00 0.00 0.00 0.00   0   0   0   0   1   2   3   4   1
  0   5   4   3   1   1 0.00 0.00 0.00 0.00   0   0   0   0   1   2   4   3   1
  1   5   4   0   0   2 0.39 0.21 0.42 0.18   0   1   0   0   1   3   1   2   4
  0   5   3   0   0   1 0.00 0.00 0.00 0.00   0   0   0   0   1   3   4   1   2
  1   5   2   0   0   2 0.39 0.17 0.42 0.18   0   0   1   0   1   1   2   3   4
  0   5   7  -5   1   1 0.00 0.00 0.00 0.00   0   0   0   0   1   3   1   2   4
  1   5   4  -5   1   2 0.42 0.17 0.38 0.21   0   0   0   0   1   3   2   4   1
  1   5   5   3   1   1 0.19 0.15 0.51 0.14   0   0   0   0   1   4   2   3   1
  0   5   2  -1   1   1 0.00 0.00 0.00 0.00   0   0   0   0   1   3   4   2   1
  1   5   6   0   0   2 0.42 0.20 0.38 0.21   0   1   0   1   1   2   1   4   3
  0   5   8  -1   1   1 0.00 0.00 0.00 0.00   0   0   0   0   1   2   3   1   4
  1   5   2   0   0   2 0.45 0.16 0.41 0.17   1   1   1   1   1   2   1   4   3
  1   5   4   0   0   2 0.41 0.12 0.37 0.13   0   1   0   1   1   2   4   3   1
  1   5   6   0   0   2 0.41 0.08 0.37 0.09   1   0   0   0   1   1   2   4   3
  1   5   2  -2   1   2 0.37 0.08 0.40 0.09   0   0   0   0   1   4   3   1   2
  1   5   1  -3   1   1 0.22 0.15 0.54 0.14   0   0   0   0   1   3   1   4   2
  1   5   3   0   0   1 0.22 0.18 0.54 0.17   1   1   1   1   1   2   3   4   1
  0   5   1  -2   1   1 0.00 0.00 0.00 0.00   0   0   0   0   1   1   3   2   4
  1   5   3   0   0   1 0.18 0.14 0.50 0.13   0   1   0   0   2   1   4   2   3
  1   5   2   0   0   2 0.37 0.11 0.40 0.12   0   0   0   1   2   3   1   2   4
  1   5   4   0   0   2 0.40 0.11 0.43 0.08   1   0   1   0   2   3   1   4   2
  1   5   5   0   0   1 0.18 0.10 0.50 0.13   0   0   0   0   2   4   1   3   2
  1   5   1  -2   1   1 0.21 0.10 0.53 0.16   0   0   0   0   2   2   4   3   1
  1   5   5   0   0   1 0.21 0.13 0.53 0.16   1   1   1   1   2   1   4   3   2
  1   5   1  -2   1   1 0.17 0.09 0.49 0.12   0   0   0   0   2   2   1   3   4
  1   5   4  -3   1   2 0.36 0.14 0.39 0.08   0   0   0   0   2   3   4   2   1
  1   5   3   0   1   1 0.17 0.09 0.49 0.12   0   0   0   0   2   3   4   1   2
  1   5   3   0   1   1 0.20 0.12 0.52 0.15   0   0   0   0   2   1   4   2   3
  1   5   4   0   0   2 0.36 0.14 0.39 0.11   0   1   0   1   2   2   1   4   3
  0   5   3   1   1   1 0.00 0.00 0.00 0.00   0   0   0   0   2   1   4   3   2
  1   5   2  -1   1   2 0.39 0.10 0.42 0.07   0   0   0   0   2   3   2   1   4
  1   5   6   3   1   2 0.39 0.10 0.42 0.07   0   0   0   0   2   4   3   1   2
  1   5   2   0   0   2 0.42 0.13 0.45 0.10   0   1   0   0   2   3   2   4   1
  1   5   4  -3   1   2 0.42 0.09 0.45 0.10   0   0   0   0   2   2   1   4   3
  1   5   6   3   1   2 0.45 0.09 0.48 0.13   0   0   0   0   2   1   3   2   4
  1   5   3   2   1   1 0.20 0.12 0.52 0.15   0   0   0   0   2   1   2   3   4
  1   5   3   0   0   1 0.23 0.15 0.55 0.18   0   0   0   0   3   2   4   1   3
  1   5   2  -2   1   2 0.45 0.12 0.48 0.13   0   0   0   0   3   4   1   3   2
  1   5   4   0   0   2 0.48 0.12 0.51 0.16   1   1   0   1   3   4   2   1   3
  1   5   5   0   0   1 0.23 0.15 0.55 0.18   0   1   0   1   3   1   3   2   4
  1   5   5   0   1   1 0.26 0.11 0.58 0.14   0   0   0   0   3   4   1   3   2
  1   5   4  -2   1   2 0.44 0.08 0.51 0.12   0   0   0   0   3   4   2   3   1
  1   5   2  -1   1   2 0.44 0.08 0.54 0.12   0   0   0   0   3   3   4   1   2
  1   5   3   2   1   1 0.26 0.11 0.58 0.14   0   0   0   0   4   2   3   4   1
  1   5   4  -3   1   2 0.47 0.11 0.54 0.15   0   0   0   0   4   2   4   1   3
  1   5   5  -2   1   1 0.29 0.14 0.61 0.17   0   0   0   0   4   4   3   1   2
  1   4   6   0   0   2 0.47 0.11 0.57 0.15   1   1   1   1   1   1   2   3   4
  1   4   6   0   0   2 0.43 0.07 0.53 0.11   1   0   0   0   1   1   4   2   3
  1   4   2  -1   1   2 0.39 0.07 0.53 0.11   0   0   0   0   1   2   3   1   4
  1   4   3  -1   1   1 0.29 0.14 0.61 0.17   0   0   0   0   1   1   4   2   3
  1   4   5   0   0   1 0.32 0.17 0.64 0.20   0   0   1   1   1   4   1   2   3
  1   4   4  -1   1   2 0.39 0.10 0.56 0.14   0   0   0   0   1   2   4   3   1
  1   4   6   0   0   2 0.42 0.10 0.56 0.14   0   1   0   1   1   1   4   3   2
  1   4   2   0   1   2 0.42 0.06 0.59 0.10   0   0   0   0   1   3   1   2   4
  1   4   4   0   1   2 0.45 0.06 0.59 0.10   0   0   0   0   1   4   3   1   2
  1   4   5  -1   1   1 0.32 0.17 0.60 0.16   0   0   0   0   1   1   2   3   4
  0   4   2  -2   1   1 0.00 0.00 0.00 0.00   0   0   0   0   1   1   3   4   2
  1   4   6   3   1   2 0.45 0.09 0.62 0.13   0   0   0   0   1   2   4   3   1
  0   4   5  -2   1   1 0.00 0.00 0.00 0.00   0   0   0   0   1   1   3   4   2
  1   4   2   0   1   2 0.48 0.09 0.62 0.13   0   0   0   0   1   4   1   3   2
  1   4   6   0   0   2 0.48 0.12 0.65 0.16   0   1   0   0   1   4   2   1   3
  1   4   5   0   0   1 0.35 0.20 0.60 0.16   0   0   0   0   1   2   3   1   4
  1   4   4  -2   1   2 0.51 0.08 0.65 0.16   0   0   0   0   1   4   2   1   3
  1   4   4  -2   1   2 0.51 0.08 0.68 0.19   0   0   0   0   1   2   4   3   1
  1   4   4   0   0   2 0.54 0.11 0.68 0.19   0   1   0   1   1   1   3   2   4
  1   4   2   0   0   2 0.54 0.07 0.71 0.15   0   0   0   0   1   1   3   2   4
  1   4   5   0   0   1 0.35 0.20 0.63 0.19   0   0   1   0   1   2   4   3   1
  1   4   2  -1   1   2 0.57 0.07 0.71 0.15   0   0   0   0   1   3   1   4   2
  1   4   3   0   0   1 0.38 0.23 0.59 0.19   0   1   0   1   1   2   1   4   3
  1   4   1  -2   1   1 0.38 0.19 0.59 0.15   0   0   0   0   1   3   1   4   2
  1   4   1  -1   1   1 0.41 0.19 0.62 0.15   0   0   0   0   1   4   1   3   2
  0   4   7   0   1   1 0.00 0.00 0.00 0.00   0   0   0   0   1   2   1   3   4
  1   4   5   0   0   1 0.41 0.22 0.62 0.18   0   1   0   0   1   2   3   4   1
  1   4   1   2   1   1 0.44 0.18 0.65 0.18   0   0   0   0   1   4   3   2   1
  0   4   4   3   1   1 0.00 0.00 0.00 0.00   0   0   0   0   1   1   3   2   4
  0   4  10   4   1   1 0.00 0.00 0.00 0.00   0   0   0   0   1   1   4   3   2
  1   4   3   0   0   1 0.44 0.18 0.65 0.21   0   0   1   0   1   2   3   1   4
  1   4   3  -3   1   1 0.47 0.21 0.61 0.21   0   0   0   0   1   1   2   3   4
  1   4   6   5   1   2 0.57 0.10 0.74 0.18   0   0   0   0   1   2   4   3   1
  1   4   1  -1   1   1 0.47 0.21 0.61 0.24   0   0   0   0   1   4   1   2   3
  0   4   9   4   1   1 0.00 0.00 0.00 0.00   0   0   0   0   1   3   2   4   1
  1   4   3  -3   1   1 0.50 0.24 0.64 0.24   0   0   0   0   1   1   2   4   3
  0   4   8  -1   1   1 0.00 0.00 0.00 0.00   0   0   0   0   1   4   1   2   3
  1   4   5   3   1   1 0.50 0.24 0.64 0.27   0   0   0   0   1   4   2   3   1
  1   4   2   0   0   2 0.60 0.10 0.74 0.18   1   0   1   0   1   4   3   1   2
  0   4   1  -2   1   1 0.00 0.00 0.00 0.00   0   0   0   0   1   1   2   3   4
  1   4   4   0   0   2 0.56 0.13 0.70 0.21   1   0   1   1   1   2   4   3   1
  1   4   1   0   0   1 0.53 0.27 0.67 0.27   1   0   1   0   1   2   4   1   3
  0   4   6  -5   1   1 0.00 0.00 0.00 0.00   0   0   0   0   1   2   1   4   3
  1   4   3   0   0   1 0.49 0.27 0.63 0.30   1   1   1   1   1   4   3   2   1
  0   4   3  -2   1   1 0.00 0.00 0.00 0.00   0   0   0   0   1   1   2   3   4
  1   4   1  -1   1   1 0.45 0.23 0.59 0.26   0   0   0   0   1   3   4   2   1
  1   4   6   4   1   2 0.52 0.13 0.66 0.17   0   0   0   0   2   1   4   3   2
  1   4   6   0   0   2 0.52 0.16 0.66 0.17   1   0   1   0   2   4   3   2   1
  1   4   5   0   1   1 0.45 0.23 0.59 0.26   0   0   0   0   2   3   2   1   4
  1   4   6   3   1   2 0.48 0.16 0.62 0.20   0   0   0   0   2   3   2   1   4
  1   4   6   3   1   2 0.48 0.19 0.62 0.20   0   0   0   0   2   2   4   3   1
  1   4   5   0   0   1 0.48 0.26 0.62 0.29   0   1   0   0   2   2   3   1   4
  1   4   4   0   0   2 0.51 0.19 0.65 0.23   0   0   0   1   2   4   1   2   3
  1   4   2   0   0   2 0.51 0.22 0.65 0.19   0   1   0   1   2   2   4   3   1
  1   4   5  -1   1   1 0.48 0.22 0.62 0.29   0   0   0   0   2   2   3   4   1
  1   4   3   0   1   1 0.51 0.22 0.65 0.32   0   0   0   0   2   4   2   3   1
  1   4   5  -1   1   1 0.51 0.25 0.65 0.32   0   0   0   0   2   1   2   3   4
  1   4   3   0   0   1 0.54 0.25 0.68 0.35   0   1   0   1   2   4   1   3   2
  1   4   2  -1   1   2 0.54 0.18 0.68 0.15   0   0   0   0   2   4   1   2   3
  1   4   4  -2   1   2 0.54 0.18 0.68 0.15   0   0   0   0   2   4   2   1   3
  1   4   1   0   0   1 0.54 0.21 0.68 0.31   0   1   0   0   2   1   3   4   2
  1   4   3   0   0   1 0.57 0.17 0.71 0.31   1   0   1   1   2   3   4   2   1
  1   4   6   0   0   2 0.57 0.21 0.71 0.18   1   0   1   0   3   3   2   1   4
  1   4   5   0   0   1 0.53 0.17 0.67 0.27   1   0   1   1   3   1   4   2   3
  1   4   4   0   0   2 0.53 0.21 0.67 0.18   1   0   1   1   3   4   3   2   1
  1   4   2  -2   1   2 0.49 0.24 0.63 0.14   0   0   0   0   3   3   4   2   1
  1   4   3   3   1   1 0.49 0.20 0.63 0.23   0   0   0   0   3   1   4   3   2
  1   4   1   0   0   1 0.49 0.20 0.63 0.23   1   1   0   0   3   3   4   1   2
  1   4   3   0   0   1 0.45 0.16 0.66 0.26   0   1   0   1   3   2   4   3   1
  1   4   6   4   1   2 0.49 0.24 0.63 0.14   0   0   0   0   4   2   1   4   3
  1   4   5   0   0   1 0.45 0.12 0.66 0.22   1   0   1   1   4   1   3   2   4
  1   4   4   0   0   2 0.52 0.27 0.66 0.17   0   1   0   1   4   2   4   3   1
  1   4   1   0   0   1 0.41 0.12 0.62 0.18   0   1   0   1   4   1   3   2   4
  1   4   3   2   1   1 0.41 0.08 0.62 0.14   0   0   0   0   4   1   4   2   3
  1   4   5  -2   1   1 0.44 0.08 0.65 0.14   0   0   0   0   5   4   1   3   2
  1   4   4   0   0   2 0.52 0.23 0.66 0.13   1   1   0   0   5   1   3   4   2
  1   4   1  -1   1   1 0.44 0.11 0.65 0.17   0   0   0   0   5   1   4   2   3
  1   4   4   0   0   2 0.48 0.19 0.69 0.13   1   1   1   1   6   1   4   2   3
  1   4   4  -2   1   2 0.44 0.15 0.65 0.09   0   0   0   0   7   3   4   1   2
  1   2   5   0   0   1 0.47 0.11 0.68 0.17   1   0   1   1   1   3   2   1   4
  0   2   6  -5   1   1 0.00 0.00 0.00 0.00   0   0   0   0   1   1   2   4   3
  0   2   4   3   1   1 0.00 0.00 0.00 0.00   0   0   0   0   1   3   4   1   2
  0   2   5   3   1   1 0.00 0.00 0.00 0.00   0   0   0   0   1   3   2   4   1
  1   2   1   0   0   1 0.43 0.14 0.64 0.13   1   1   1   0   1   4   3   1   2
  1   2   2   0   0   2 0.44 0.15 0.65 0.09   1   0   1   1   1   3   2   4   1
  1   2   2   0   0   2 0.40 0.18 0.61 0.05   1   1   1   0   1   2   4   1   3
  1   2   3   0   0   1 0.39 0.10 0.60 0.13   1   1   1   0   1   1   3   4   2
  1   2   5   0   0   1 0.35 0.06 0.56 0.16   1   0   1   0   1   1   3   4   2
  1   2   4   0   0   2 0.36 0.14 0.57 0.05   1   0   1   0   1   3   1   4   2
  1   2   1   0   0   1 0.31 0.06 0.52 0.16   1   0   1   1   1   4   3   2   1
  1   2   6   3   1   2 0.32 0.14 0.53 0.08   0   0   0   0   1   4   2   3   1
  1   2   2   0   0   2 0.32 0.17 0.53 0.08   1   1   1   0   1   3   2   1   4
  1   2   3   3   1   1 0.27 0.09 0.48 0.12   0   0   0   0   1   2   4   1   3
  1   2   4   0   0   2 0.28 0.13 0.49 0.11   1   0   1   0   1   1   3   2   4
  1   2   6   3   1   2 0.24 0.13 0.45 0.11   0   0   0   0   1   3   1   4   2
  0   2   1  -3   1   1 0.00 0.00 0.00 0.00   0   0   0   0   1   4   3   1   2
  0   2   8  -1   1   1 0.00 0.00 0.00 0.00   0   0   0   0   1   3   4   1   2
  1   2   6   3   1   2 0.24 0.16 0.45 0.14   0   0   0   0   1   1   3   2   4
  1   2   5   0   0   1 0.27 0.09 0.48 0.12   1   0   1   0   1   2   4   3   1
  0   2   7  -2   1   1 0.00 0.00 0.00 0.00   0   0   0   0   1   4   1   2   3
  1   2   1  -1   1   1 0.23 0.12 0.44 0.15   0   0   0   0   1   1   2   4   3
  1   2   4  -1   1   2 0.27 0.16 0.48 0.14   0   0   0   0   1   1   4   2   3
  1   2   2   0   0   2 0.27 0.19 0.48 0.17   1   0   0   0   1   1   3   4   2
  1   2   3   2   1   1 0.23 0.12 0.44 0.15   0   0   0   0   1   2   4   1   3
  1   2   5   0   0   1 0.26 0.15 0.47 0.18   1   1   1   1   1   3   4   1   2
  0   2   2  -2   1   1 0.00 0.00 0.00 0.00   0   0   0   0   1   3   2   4   1
  1   2   4  -3   1   2 0.23 0.19 0.51 0.17   0   0   0   0   1   2   1   3   4
  0   2   9   3   1   1 0.00 0.00 0.00 0.00   0   0   0   0   1   4   2   3   1
  1   2   6   0   0   2 0.23 0.22 0.51 0.20   1   1   1   1   1   4   1   2   3
  1   2   4   0   0   2 0.19 0.18 0.47 0.16   1   1   1   1   1   1   2   4   3
  1   2   1  -2   1   1 0.22 0.11 0.43 0.14   0   0   0   0   1   2   1   3   4
  1   2   6   3   1   2 0.15 0.14 0.43 0.12   0   0   0   0   1   2   4   1   3
  1   2   3   3   1   1 0.22 0.11 0.43 0.14   0   0   0   0   1   2   1   3   4
  1   2   4   0   0   2 0.15 0.14 0.43 0.12   0   0   1   0   1   4   1   3   2
  1   2   6   3   1   2 0.18 0.17 0.39 0.15   0   0   0   0   1   2   3   4   1
  1   2   5  -1   1   1 0.25 0.14 0.46 0.17   0   0   0   0   1   2   1   3   4
  1   2   3   3   1   1 0.25 0.14 0.46 0.17   0   0   0   0   1   4   2   3   1
  0   2  10   2   1   1 0.00 0.00 0.00 0.00   0   0   0   0   1   1   4   3   2
  1   2   2   0   0   2 0.18 0.17 0.39 0.15   0   0   1   1   1   3   1   4   2
  1   2   1   0   0   1 0.28 0.17 0.49 0.20   1   1   1   1   1   2   3   1   4
  1   2   2  -3   1   2 0.21 0.20 0.35 0.11   0   0   0   0   1   2   4   3   1
  0   2   3   0   0   1 0.00 0.00 0.00 0.00   0   0   1   0   1   2   3   4   1
  1   2   1  -2   1   1 0.24 0.13 0.45 0.16   0   0   0   0   1   2   1   4   3
  1   2   3   3   1   1 0.24 0.13 0.45 0.16   0   0   0   0   1   3   1   4   2
  1   2   5  -1   1   1 0.27 0.16 0.48 0.19   0   0   0   0   1   3   4   2   1
  1   2   5   0   1   1 0.27 0.16 0.48 0.19   0   0   0   0   2   2   1   3   4
  1   2   1   0   0   1 0.30 0.19 0.51 0.22   1   1   1   1   2   1   3   4   2
  1   2   2   0   0   2 0.21 0.20 0.35 0.11   1   1   1   1   2   4   2   1   3
  1   2   2   0   0   2 0.17 0.16 0.31 0.07   0   1   1   0   2   3   1   4   2
  1   2   3   3   1   1 0.26 0.15 0.47 0.18   0   0   0   0   2   2   1   4   3
  1   2   5  -1   0   1 0.26 0.15 0.47 0.18   1   1   1   1   2   2   4   1   3
  1   2   4  -4   1   2 0.17 0.12 0.27 0.07   0   0   0   0   2   3   2   4   1
  1   2   1   0   0   1 0.22 0.11 0.43 0.14   1   1   1   1   2   4   3   1   2
  1   2   2  -2   1   2 0.20 0.12 0.27 0.10   0   0   0   0   2   3   4   1   2
  1   2   4  -4   1   2 0.20 0.15 0.30 0.10   0   0   0   0   2   2   3   4   1
  1   2   5   0   0   1 0.18 0.07 0.39 0.10   1   0   1   0   2   4   2   3   1
  1   2   2  -2   1   2 0.23 0.15 0.30 0.13   0   0   0   0   2   4   3   1   2
  1   2   5   0   0   1 0.14 0.07 0.35 0.10   0   1   1   0   2   3   1   2   4
  1   2   6   3   1   2 0.23 0.18 0.33 0.13   0   0   0   0   2   4   1   3   2
  1   2   4   0   0   2 0.26 0.18 0.33 0.16   1   1   1   1   2   1   3   4   2
  1   2   4   0   0   2 0.22 0.14 0.29 0.12   1   1   1   1   2   1   4   3   2
  1   2   2  -1   1   2 0.18 0.10 0.25 0.08   0   0   0   0   2   1   4   2   3
  1   2   1   0   0   1 0.14 0.03 0.31 0.13   0   0   0   0   2   1   2   4   3
  0   2   3   0   1   1 0.00 0.00 0.00 0.00   0   0   0   0   2   1   3   4   2
  1   2   1   0   0   1 0.17 0.03 0.31 0.13   1   0   1   1   3   4   3   2   1
  1   2   2  -1   1   2 0.18 0.10 0.25 0.08   0   0   0   0   3   2   4   3   1
  1   2   2   0   0   2 0.21 0.13 0.28 0.11   1   1   1   0   3   1   3   2   4
  1   2   5   0   0   1 0.13 0.06 0.27 0.09   1   0   1   1   3   1   2   3   4
  1   2   1   0   0   1 0.09 0.06 0.23 0.05   0   0   1   0   3   4   2   1   3
  1   2   5   0   0   1 0.09 0.09 0.19 0.05   0   0   1   0   3   4   3   2   1
  1   2   5  -1   1   1 0.12 0.09 0.15 0.08   0   0   0   0   3   3   2   1   4
  1   2   4   0   0   2 0.17 0.09 0.24 0.11   1   1   1   1   3   3   2   4   1
  1   2   4  -2   1   2 0.13 0.05 0.20 0.07   0   0   0   0   3   4   1   2   3
  1   2   1  -1   1   1 0.12 0.12 0.15 0.08   0   0   0   0   3   1   4   3   2
  1   2   1  -2   1   1 0.15 0.12 0.18 0.11   0   0   0   0   4   1   3   4   2
  1   2   2   0   1   2 0.13 0.05 0.20 0.07   0   0   0   0   4   3   2   1   4
  1   2   5   0   0   1 0.15 0.15 0.18 0.11   0   1   1   0   4   2   3   4   1
  1   2   1   0   0   1 0.18 0.11 0.14 0.14   0   0   0   1   4   2   3   1   4
  1   2   5  -1   1   1 0.18 0.11 0.14 0.10   0   0   0   0   4   3   4   2   1
  1   2   4   0   0   2 0.16 0.08 0.23 0.10   0   1   0   0   4   2   1   4   3
  1   2   5   0   0   1 0.21 0.14 0.17 0.10   1   1   1   0   5   3   4   1   2
  1   2   1  -1   1   1 0.17 0.10 0.13 0.13   0   0   0   0   5   3   1   2   4
  1   2   4   0   0   2 0.16 0.04 0.23 0.10   1   0   1   1   5   4   2   3   1
  1   2   5   0   0   1 0.17 0.10 0.13 0.13   0   0   1   0   6   3   1   4   2
  1   2   4  -4   1   2 0.12 0.04 0.19 0.06   0   0   0   0   6   1   2   4   3
  1   2   5   0   0   1 0.20 0.13 0.09 0.16   1   1   0   1   7   1   3   4   2
  1   2   5   0   0   1 0.16 0.09 0.09 0.12   1   0   0   0   8   3   4   1   2
  1   2   5   0   0   1 0.12 0.09 0.12 0.12   0   0   0   1   9   2   3   1   4
  1   2   5  -1   1   1 0.12 0.12 0.12 0.08   0   0   0   0  10   4   3   1   2
