  1   1   5   0   0   1 0.90 0.90 0.90 0.90   0   1   0   1   1   3   2   4   1
  1   1   1   0   0   1 0.90 0.86 0.90 0.86   0   1   0   1   1   4   3   2   1
  1   1   6   0   0   2 0.50 0.50 0.50 0.50   1   1   1   1   1   2   4   3   1
  0   1   7  -4   1   1 0.00 0.00 0.00 0.00   0   0   0   0   1   1   2   3   4
  1   1   4   0   0   2 0.46 0.46 0.46 0.46   0   1   0   1   1   2   1   3   4
  1   1   3   0   0   1 0.92 0.82 0.92 0.82   0   1   0   1   1   4   3   1   2
  1   1   6   0   0   2 0.46 0.42 0.46 0.42   0   1   0   1   1   2   3   4   1
  1   1   3   0   0   1 0.92 0.78 0.92 0.78   0   1   0   1   1   3   4   2   1
  0   1   9   7   1   1 0.00 0.00 0.00 0.00   0   0   0   0   1   3   2   4   1
  0   1   3   0   0   1 0.00 0.00 0.00 0.00   0   1   0   1   1   3   2   4   1
  1   1   3   0   0   1 0.94 0.74 0.94 0.74   0   1   0   1   1   3   1   4   2
  1   1   5   0   0   1 0.94 0.70 0.94 0.70   0   1   0   1   1   2   3   4   1
  1   1   1   0   0   1 0.96 0.66 0.96 0.66   1   1   0   1   1   4   2   3   1
  1   1   1   0   0   1 0.92 0.62 0.96 0.62   1   1   1   1   1   1   4   3   2
  1   1   3   0   0   1 0.88 0.58 0.92 0.58   0   1   0   1   1   1   3   2   4
  0   1   8   0   0   1 0.00 0.00 0.00 0.00   0   1   0   1   1   2   4   3   1
  1   1   2   0   0   2 0.48 0.38 0.48 0.38   0   1   0   1   1   4   2   3   1
  1   1   2   0   0   2 0.48 0.34 0.48 0.34   1   1   0   1   1   2   3   4   1
  1   1   4   0   0   2 0.44 0.30 0.50 0.30   1   1   0   1   1   1   2   3   4
  1   1   1   0   0   1 0.88 0.54 0.92 0.54   1   1   0   1   1   2   3   1   4
  1   1   2   0   0   2 0.40 0.26 0.50 0.26   0   1   0   1   1   2   1   4   3
  1   1   4   0   0   2 0.40 0.22 0.52 0.22   1   1   0   1   1   4   2   1   3
  1   1   4   0   0   2 0.36 0.18 0.52 0.18   0   1   0   1   1   4   3   1   2
  0   1   1   0   0   1 0.00 0.00 0.00 0.00   0   1   0   1   1   4   3   1   2
  1   1   5   0   0   1 0.84 0.50 0.94 0.50   0   1   0   1   1   3   2   4   1
  0   1   4   0   0   1 0.00 0.00 0.00 0.00   0   1   0   1   1   3   1   4   2
  1   1   1   0   0   1 0.84 0.46 0.94 0.46   1   1   1   1   1   4   3   1   2
  1   1   5   0   0   1 0.80 0.42 0.90 0.42   1   1   1   1   1   1   2   3   4
  1   1   3   0   0   1 0.76 0.38 0.86 0.38   1   1   1   1   1   1   2   4   3
  1   1   6   0   0   2 0.36 0.14 0.54 0.14   1   1   1   1   1   3   1   4   2
  1   1   2   0   0   2 0.32 0.10 0.50 0.10   1   1   0   1   1   3   1   2   4
  0   1   2   0   0   1 0.00 0.00 0.00 0.00   1   1   0   1   1   4   1   2   3
  0   1  10   8   1   1 0.00 0.00 0.00 0.00   0   0   0   0   1   4   3   2   1
  1   1   4  -5   1   2 0.28 0.06 0.50 0.06   0   0   0   0   1   4   3   1   2
  1   1   2   0   0   2 0.28 0.06 0.52 0.06   0   1   0   1   1   4   2   3   1
  1   1   2   0   0   2 0.30 0.02 0.52 0.02   1   0   1   0   1   4   1   2   3
  1   1   6   7   1   2 0.26 0.02 0.48 0.02   0   0   0   0   1   4   3   1   2
  1   1   5   0   0   1 0.72 0.34 0.82 0.34   0   1   0   1   1   1   2   4   3
  1   1   5   0   0   1 0.72 0.30 0.82 0.30   1   1   1   0   1   2   4   3   1
  0   1   5   0   0   1 0.00 0.00 0.00 0.00   1   1   0   1   1   2   3   4   1
  1   1   1   0   0   1 0.68 0.26 0.78 0.30   0   1   0   1   1   2   4   3   1
  1   1   3   0   0   1 0.68 0.22 0.78 0.26   1   1   1   1   1   3   2   1   4
  0   1   6   0   0   1 0.00 0.00 0.00 0.00   1   1   0   1   1   1   3   4   2
  1   1   4   0   0   2 0.26 0.04 0.48 0.04   1   0   1   1   1   1   2   3   4
  1   1   6   0   0   2 0.22 0.04 0.44 0.02   1   0   1   1   1   1   2   4   3
  1   1   6   6   1   2 0.18 0.06 0.40 0.02   0   0   0   0   1   4   1   2   3
  1   1   5   0   0   1 0.64 0.18 0.74 0.22   1   0   0   1   2   4   1   2   3
  1   1   1   0   0   1 0.60 0.18 0.74 0.18   1   0   0   1   2   2   1   4   3
  1   1   6   0   0   2 0.18 0.06 0.40 0.02   1   1   0   1   2   4   2   1   3
  1   1   4  -5   1   2 0.14 0.02 0.42 0.02   0   0   0   0   2   4   2   1   3
  1   1   3   0   0   1 0.56 0.20 0.76 0.14   1   1   1   1   2   3   1   4   2
  1   1   6   0   0   2 0.14 0.02 0.42 0.02   1   1   1   1   2   2   3   1   4
  1   1   3   0   0   1 0.52 0.16 0.72 0.10   1   0   1   1   2   1   2   3   4
  0   1   3   0   0   1 0.00 0.00 0.00 0.00   1   0   0   1   2   3   4   1   2
  1   1   3   7   1   1 0.48 0.16 0.68 0.06   0   0   0   0   2   2   3   1   4
  1   1   5   0   0   1 0.48 0.18 0.68 0.06   1   0   0   1   2   2   3   4   1
  1   1   1   0   0   1 0.44 0.18 0.70 0.02   0   1   0   1   2   3   4   1   2
  1   1   1   0   0   1 0.44 0.14 0.70 0.02   1   1   0   1   2   3   1   4   2
  1   1   3   6   1   1 0.40 0.10 0.72 0.02   0   0   0   0   2   4   2   3   1
  0   1   8  -2   1   1 0.00 0.00 0.00 0.00   0   0   0   0   2   2   4   3   1
  1   1   2   4   1   2 0.10 0.02 0.38 0.02   0   0   0   0   2   1   2   4   3
  1   1   2  -4   1   2 0.10 0.02 0.38 0.02   0   0   0   0   2   2   3   4   1
  1   1   4  -6   1   2 0.12 0.04 0.40 0.04   0   0   0   0   2   2   4   3   1
  1   1   1  -6   1   1 0.40 0.10 0.72 0.02   0   0   0   0   2   3   1   2   4
  1   1   2  -5   1   2 0.12 0.04 0.40 0.04   0   0   0   0   2   4   2   3   1
  1   1   4   0   0   2 0.14 0.06 0.42 0.06   1   0   0   1   2   4   2   3   1
  1   1   4   0   0   2 0.10 0.06 0.42 0.02   1   0   1   1   2   2   4   1   3
  0   1   1   0   0   1 0.00 0.00 0.00 0.00   1   0   0   1   2   4   1   3   2
  1   1   5   0   0   1 0.42 0.12 0.74 0.04   1   0   0   1   2   4   1   3   2
  0   1   4   0   0   1 0.00 0.00 0.00 0.00   1   0   0   1   2   2   1   4   3
  1   1   1  -5   1   1 0.38 0.12 0.74 0.02   0   0   0   0   2   3   1   4   2
  1   1   5  -4   1   1 0.38 0.14 0.76 0.02   0   0   0   0   2   1   2   3   4
  1   1   3   0   0   1 0.40 0.14 0.76 0.04   1   0   1   0   2   2   4   1   3
  1   1   6   6   1   2 0.06 0.08 0.38 0.02   0   0   0   0   2   4   3   2   1
  1   1   2   4   1   2 0.06 0.08 0.38 0.02   0   0   0   0   2   2   1   3   4
  0   1   2  -5   1   1 0.00 0.00 0.00 0.00   0   0   0   0   2   3   1   2   4
  1   1   2  -6   1   2 0.08 0.10 0.40 0.04   0   0   0   0   2   2   3   4   1
  1   1   2   3   1   2 0.08 0.10 0.40 0.04   0   0   0   0   2   4   3   2   1
  1   1   5   0   0   1 0.36 0.16 0.72 0.04   1   1   0   0   2   1   4   2   3
  1   1   5   5   1   1 0.32 0.12 0.72 0.06   0   0   0   0   2   1   4   3   2
  0   1   5   9   0   1 0.00 0.00 0.00 0.00   1   0   0   1   2   1   2   4   3
  1   1   1   0   0   1 0.32 0.12 0.74 0.06   1   0   1   0   2   1   3   4   2
  1   1   3   8   1   1 0.28 0.14 0.70 0.08   0   0   0   0   2   4   1   2   3
  0   1   6   7   1   1 0.00 0.00 0.00 0.00   0   0   0   0   2   2   1   3   4
  1   1   4   5   1   2 0.10 0.12 0.42 0.06   0   0   0   0   2   4   1   3   2
  1   1   6   9   1   2 0.10 0.12 0.42 0.06   0   0   0   0   2   4   2   1   3
  1   1   5  -5   1   1 0.28 0.14 0.70 0.08   0   0   0   0   3   4   2   3   1
  1   1   1  -4   1   1 0.30 0.16 0.72 0.10   0   0   0   0   3   4   1   3   2
  1   1   6   5   1   2 0.12 0.14 0.44 0.08   0   0   0   0   3   2   3   4   1
  1   1   3   0   0   1 0.30 0.16 0.72 0.10   1   0   1   0   3   2   3   1   4
  1   1   6   6   1   2 0.12 0.14 0.44 0.08   0   0   0   0   3   3   4   2   1
  1   1   3   0   0   1 0.26 0.18 0.68 0.12   1   1   0   1   3   2   4   1   3
  0   1   3   3   1   1 0.00 0.00 0.00 0.00   0   0   0   0   3   3   2   1   4
  1   1   5  -3   1   1 0.22 0.14 0.68 0.08   0   0   0   0   3   2   3   1   4
  1   1   1   0   0   1 0.22 0.14 0.70 0.08   1   1   0   1   3   4   2   1   3
  1   1   1   0   0   1 0.18 0.10 0.70 0.04   1   1   0   1   3   1   4   3   2
  1   1   4   4   1   2 0.14 0.16 0.46 0.10   0   0   0   0   3   3   1   2   4
  1   1   4   3   1   2 0.14 0.16 0.46 0.10   0   0   0   0   3   4   1   2   3
  0   1   1   5   1   1 0.00 0.00 0.00 0.00   0   0   0   0   3   1   3   4   2
  1   1   5  -2   1   1 0.14 0.06 0.72 0.02   0   0   0   0   3   1   2   4   3
  0   1   4   6   1   1 0.00 0.00 0.00 0.00   0   0   0   0   3   4   2   3   1
  1   1   3   6   1   1 0.14 0.06 0.72 0.02   0   0   0   0   3   4   2   1   3
  1   1   5   3   1   1 0.16 0.08 0.74 0.04   0   0   0   0   3   1   4   2   3
  0   1   5   7   1   1 0.00 0.00 0.00 0.00   0   0   0   0   3   4   2   3   1
  1   1   1  -3   1   1 0.16 0.08 0.74 0.04   0   0   0   0   3   1   4   3   2
  1   1   3   0   0   1 0.18 0.10 0.76 0.06   1   0   1   0   4   4   3   1   2
  1   1   3   5   1   1 0.14 0.10 0.72 0.06   0   0   0   0   4   2   1   3   4
  1   1   1  -3   1   1 0.14 0.12 0.72 0.08   0   0   0   0   4   1   2   3   4
  1   1   1  -2   1   1 0.16 0.12 0.74 0.08   0   0   0   0   4   4   3   2   1
  1   1   3   5   1   1 0.16 0.14 0.74 0.10   0   0   0   0   5   2   1   3   4
  0   4   5   7   1   1 0.00 0.00 0.00 0.00   0   0   0   0   1   1   3   4   2
  1   4   2  -5   1   2 0.16 0.18 0.48 0.12   0   0   0   0   1   3   2   1   4
  1   4   3   6   1   1 0.18 0.14 0.76 0.10   0   0   0   0   1   2   4   1   3
  1   4   4   0   0   2 0.16 0.18 0.48 0.12   1   0   1   0   1   3   1   2   4
  1   4   2   0   0   2 0.12 0.20 0.44 0.14   1   0   0   1   1   2   4   1   3
  1   4   4  -4   1   2 0.08 0.20 0.44 0.10   0   0   0   0   1   4   3   2   1
  1   4   1   0   0   1 0.18 0.16 0.76 0.12   0   1   0   1   1   1   3   2   4
  0   4   1   0   0   1 0.00 0.00 0.00 0.00   0   1   0   1   1   4   1   3   2
  1   4   3   3   1   1 0.20 0.12 0.78 0.08   0   0   0   0   1   3   2   4   1
  1   4   3   5   1   1 0.20 0.12 0.78 0.08   0   0   0   0   1   2   1   4   3
  1   4   5  -3   1   1 0.22 0.14 0.80 0.10   0   0   0   0   1   4   2   1   3
  1   4   4  -5   1   2 0.08 0.22 0.46 0.10   0   0   0   0   1   2   1   4   3
  1   4   6   0   0   2 0.10 0.22 0.46 0.12   0   1   0   1   1   3   1   4   2
  1   4   1   0   0   1 0.22 0.14 0.80 0.10   0   1   0   1   1   1   4   3   2
  1   4   6   0   0   2 0.10 0.18 0.48 0.08   0   1   0   1   1   4   1   3   2
  1   4   2  -3   1   2 0.12 0.14 0.48 0.04   0   0   0   0   1   4   1   2   3
  0   4   4   0   0   1 0.00 0.00 0.00 0.00   0   1   0   1   1   1   3   2   4
  1   4   5  -4   1   1 0.24 0.10 0.82 0.06   0   0   0   0   1   1   2   3   4
  1   4   1  -2   1   1 0.24 0.10 0.82 0.06   0   0   0   0   1   3   4   1   2
  0   4   6  -3   1   1 0.00 0.00 0.00 0.00   0   0   0   0   1   1   3   2   4
  1   4   5  -5   1   1 0.26 0.12 0.84 0.08   0   0   0   0   1   3   2   4   1
  1   4   1   0   0   1 0.26 0.12 0.84 0.08   0   1   0   1   1   2   1   4   3
  1   4   5  -6   1   1 0.28 0.08 0.86 0.04   0   0   0   0   1   4   3   1   2
  1   4   2   0   0   2 0.12 0.14 0.50 0.04   0   1   0   1   1   1   4   3   2
  1   4   4   4   1   2 0.14 0.10 0.50 0.02   0   0   0   0   1   4   1   2   3
  0   4   8   2   1   1 0.00 0.00 0.00 0.00   0   0   0   0   1   2   3   4   1
  1   4   3   6   1   1 0.28 0.08 0.86 0.04   0   0   0   0   1   2   1   3   4
  0   4   3   0   0   1 0.00 0.00 0.00 0.00   0   1   0   1   1   1   3   4   2
  1   4   6   8   1   2 0.14 0.10 0.52 0.02   0   0   0   0   1   3   2   4   1
  1   4   1   0   0   1 0.30 0.10 0.88 0.06   1   1   0   1   1   4   2   3   1
  0   4   9   4   1   1 0.00 0.00 0.00 0.00   0   0   0   0   1   4   2   3   1
  0   4  10   5   1   1 0.00 0.00 0.00 0.00   0   0   0   0   1   3   1   4   2
  0   4   2  -4   1   1 0.00 0.00 0.00 0.00   0   0   0   0   1   4   1   3   2
  1   4   3   0   0   1 0.26 0.06 0.88 0.02   0   1   0   1   1   2   4   3   1
  1   4   4   0   0   2 0.16 0.12 0.52 0.04   0   1   0   1   1   3   1   2   4
  1   4   5  -3   1   1 0.26 0.02 0.90 0.02   0   0   0   0   1   2   4   3   1
  1   4   4  -3   1   2 0.16 0.08 0.54 0.02   0   0   0   0   1   4   2   3   1
  1   4   3   5   1   1 0.28 0.02 0.90 0.02   0   0   0   0   1   2   3   4   1
  1   4   5  -5   1   1 0.28 0.04 0.92 0.04   0   0   0   0   1   1   2   3   4
  1   4   6   8   1   2 0.18 0.08 0.54 0.02   0   0   0   0   1   4   3   2   1
  1   4   2  -5   1   2 0.18 0.10 0.56 0.04   0   0   0   0   1   1   3   4   2
  1   4   1   0   0   1 0.30 0.04 0.92 0.04   0   1   0   1   1   1   2   4   3
  1   4   2  -5   1   2 0.20 0.10 0.56 0.04   0   0   0   0   1   2   1   4   3
  1   4   6   7   1   2 0.20 0.12 0.58 0.06   0   0   0   0   1   1   3   2   4
  1   4   6   8   1   2 0.22 0.12 0.58 0.06   0   0   0   0   1   1   4   2   3
  0   4   7  -6   1   1 0.00 0.00 0.00 0.00   0   0   0   0   1   2   3   4   1
  1   4   4   0   0   2 0.22 0.14 0.60 0.08   0   1   0   1   2   1   3   2   4
  1   4   2   6   1   2 0.24 0.10 0.60 0.04   0   0   0   0   2   4   2   3   1
  1   4   1  -5   1   1 0.30 0.02 0.94 0.02   0   0   0   0   2   3   2   4   1
  0   4   1  -6   1   1 0.00 0.00 0.00 0.00   0   0   0   0   2   3   2   1   4
  1   4   6   7   1   2 0.24 0.10 0.62 0.04   0   0   0   0   2   3   2   4   1
  1   4   1  -4   1   1 0.32 0.02 0.94 0.02   0   0   0   0   2   3   4   2   1
  1   4   6   6   1   2 0.26 0.12 0.62 0.06   0   0   0   0   2   1   4   3   2
  0   4   4   7   1   1 0.00 0.00 0.00 0.00   0   0   0   0   2   3   2   1   4
  1   4   1  -5   1   1 0.32 0.04 0.96 0.04   0   0   0   0   2   1   3   4   2
  1   4   2  -6   1   2 0.26 0.12 0.64 0.06   0   0   0   0   2   4   3   1   2
  0   4   3  -4   1   1 0.00 0.00 0.00 0.00   0   0   0   0   2   1   4   3   2
  1   4   1  -5   1   1 0.34 0.04 0.96 0.04   0   0   0   0   2   1   3   2   4
  1   4   3   6   1   1 0.34 0.06 0.98 0.06   0   0   0   0   2   1   3   4   2
  1   4   4   5   1   2 0.28 0.14 0.64 0.08   0   0   0   0   2   1   2   4   3
  1   4   1   4   1   1 0.36 0.06 0.98 0.06   0   0   0   0   2   3   1   2   4
  1   4   4  -5   1   2 0.28 0.14 0.66 0.08   0   0   0   0   3   4   1   2   3
  1   2   4  -4   1   2 0.30 0.16 0.66 0.10   0   0   0   0   1   1   4   2   3
  0   2   7  -5   1   1 0.00 0.00 0.00 0.00   0   0   0   0   1   3   1   4   2
  1   2   4   0   0   2 0.30 0.16 0.68 0.10   1   0   1   0   1   2   1   3   4
  1   2   3   0   0   1 0.36 0.08 1.00 0.08   1   1   0   1   1   2   1   4   3
  0   2   6  -4   1   1 0.00 0.00 0.00 0.00   0   0   0   0   1   4   1   3   2
  0   2   5   7   1   1 0.00 0.00 0.00 0.00   0   0   0   0   1   4   3   2   1
  1   2   1   0   0   1 0.32 0.04 1.00 0.04   1   1   1   0   1   4   2   1   3
  1   2   1   0   0   1 0.28 0.02 0.96 0.04   1   0   1   0   1   4   1   3   2
  1   2   2  -4   1   2 0.26 0.18 0.64 0.12   0   0   0   0   1   1   4   2   3
  1   2   1   0   0   1 0.24 0.02 0.92 0.06   1   1   0   1   1   2   3   1   4
  1   2   2   0   0   2 0.26 0.18 0.64 0.12   1   1   0   1   1   2   1   4   3
  1   2   6   0   0   2 0.22 0.14 0.66 0.08   1   1   0   1   1   4   3   1   2
  1   2   6   0   0   2 0.18 0.10 0.66 0.04   0   1   0   1   1   2   4   1   3
  0   2   9   7   1   1 0.00 0.00 0.00 0.00   0   0   0   0   1   1   2   4   3
  0   2  10   0   0   1 0.00 0.00 0.00 0.00   1   0   1   0   1   3   2   4   1
  0   2   4   7   1   1 0.00 0.00 0.00 0.00   0   0   0   0   1   4   2   1   3
  1   2   1  -5   1   1 0.20 0.02 0.92 0.02   0   0   0   0   1   4   3   2   1
  1   2   1  -5   1   1 0.20 0.02 0.94 0.02   0   0   0   0   1   3   4   2   1
  1   2   6   0   0   2 0.18 0.06 0.68 0.02   0   1   0   1   1   1   3   4   2
  1   2   5   0   0   1 0.22 0.04 0.94 0.04   1   1   0   1   1   4   1   3   2
  0   2   3   0   0   1 0.00 0.00 0.00 0.00   1   0   0   1   1   2   1   4   3
  1   2   5  -5   1   1 0.18 0.02 0.96 0.02   0   0   0   0   1   4   3   1   2
  1   2   3   0   0   1 0.18 0.02 0.96 0.02   1   0   1   0   1   3   2   4   1
  1   2   3   0   0   1 0.14 0.04 0.92 0.04   0   1   0   1   1   3   4   1   2
  1   2   2   0   0   2 0.20 0.02 0.68 0.02   0   1   0   1   1   2   1   3   4
  1   2   3   0   0   1 0.14 0.02 0.92 0.02   0   1   0   1   1   1   3   2   4
  0   2   2  -5   1   1 0.00 0.00 0.00 0.00   0   0   0   0   1   1   4   2   3
  1   2   4  -5   1   2 0.20 0.02 0.70 0.02   0   0   0   0   1   4   1   2   3
  1   2   5   0   0   1 0.16 0.02 0.94 0.02   1   0   1   0   1   2   4   3   1
  1   2   1  -4   1   1 0.12 0.02 0.90 0.02   0   0   0   0   1   4   2   3   1
  1   2   6   7   1   2 0.22 0.02 0.70 0.02   0   0   0   0   1   4   1   2   3
  1   2   3   0   0   1 0.12 0.04 0.90 0.04   1   0   1   1   1   1   2   3   4
  1   2   4   0   0   2 0.22 0.04 0.72 0.04   1   0   0   1   1   1   4   2   3
  1   2   4   0   0   2 0.18 0.04 0.72 0.02   1   0   0   1   1   4   2   3   1
  1   2   3   7   1   1 0.08 0.04 0.86 0.02   0   0   0   0   1   1   4   2   3
  1   2   2   4   1   2 0.14 0.06 0.74 0.02   0   0   0   0   1   3   4   2   1
  1   2   5  -5   1   1 0.08 0.06 0.86 0.02   0   0   0   0   1   4   2   1   3
  0   2   1   6   1   1 0.00 0.00 0.00 0.00   0   0   0   0   1   1   3   2   4
  0   2   8   5   1   1 0.00 0.00 0.00 0.00   0   0   0   0   1   1   3   4   2
  1   2   5   2   1   1 0.10 0.06 0.88 0.04   0   0   0   0   1   1   3   4   2
  1   2   6   5   1   2 0.14 0.06 0.74 0.02   0   0   0   0   1   1   3   4   2
  1   2   5   2   1   1 0.10 0.08 0.88 0.04   0   0   0   0   1   4   3   1   2
  1   2   6   6   1   2 0.16 0.08 0.76 0.04   0   0   0   0   1   3   4   1   2
  1   2   2   4   1   2 0.16 0.08 0.76 0.04   0   0   0   0   1   2   1   3   4
  1   2   2  -4   1   2 0.18 0.10 0.78 0.06   0   0   0   0   1   3   1   4   2
  1   2   4  -6   1   2 0.18 0.10 0.78 0.06   0   0   0   0   1   2   4   3   1
  1   2   4  -5   1   2 0.20 0.12 0.80 0.08   0   0   0   0   2   1   4   2   3
  1   2   3   6   1   1 0.12 0.08 0.90 0.06   0   0   0   0   2   2   4   3   1
  1   2   1  -5   1   1 0.12 0.10 0.90 0.06   0   0   0   0   2   1   3   2   4
  1   2   1  -5   1   1 0.14 0.10 0.92 0.08   0   0   0   0   2   3   1   4   2
  1   2   1  -4   1   1 0.14 0.12 0.92 0.08   0   0   0   0   2   3   1   4   2
  1   2   2  -4   1   2 0.20 0.12 0.80 0.08   0   0   0   0   2   4   1   2   3
  1   2   6   5   1   2 0.22 0.14 0.82 0.10   0   0   0   0   2   4   2   1   3
  1   2   6   7   1   2 0.22 0.14 0.82 0.10   0   0   0   0   2   2   3   4   1
  0   2  10   6   1   1 0.00 0.00 0.00 0.00   0   0   0   0   2   1   4   3   2
  1   2   6   7   1   2 0.24 0.16 0.84 0.12   0   0   0   0   2   1   2   3   4
  1   2   5   5   1   1 0.16 0.12 0.94 0.10   0   0   0   0   2   2   1   4   3
  0   2   3   5   1   1 0.00 0.00 0.00 0.00   0   0   0   0   2   1   4   2   3
  1   2   3   7   1   1 0.16 0.14 0.94 0.10   0   0   0   0   2   1   4   2   3
  1   2   3   7   1   1 0.18 0.14 0.96 0.12   0   0   0   0   2   2   3   1   4
  1   2   2   5   1   2 0.24 0.16 0.84 0.12   0   0   0   0   2   3   4   2   1
  1   2   3   5   1   1 0.18 0.16 0.96 0.12   0   0   0   0   2   1   2   3   4
  1   2   5  -5   1   1 0.20 0.16 0.98 0.14   0   0   0   0   2   2   1   4   3
  1   2   3   7   1   1 0.20 0.18 0.98 0.14   0   0   0   0   2   2   4   1   3
  1   2   4  -4   1   2 0.26 0.18 0.86 0.14   0   0   0   0   2   3   1   2   4
  1   2   4   5   1   2 0.26 0.18 0.86 0.14   0   0   0   0   2   4   2   3   1
  0   3   6   4   1   1 0.00 0.00 0.00 0.00   0   0   0   0   1   3   1   4   2
  1   3   4  -4   1   2 0.28 0.20 0.88 0.16   0   0   0   0   1   1   3   2   4
  0   3   4   6   1   1 0.00 0.00 0.00 0.00   0   0   0   0   1   3   2   4   1
  1   3   5   3   1   1 0.22 0.18 1.00 0.16   0   0   0   0   1   1   2   4   3
  1   3   4   4   1   2 0.28 0.20 0.88 0.16   0   0   0   0   1   2   3   4   1
  1   3   3   7   1   1 0.22 0.20 1.00 0.16   0   0   0   0   1   1   2   3   4
  1   3   6   7   1   2 0.30 0.22 0.90 0.18   0   0   0   0   1   3   4   1   2
  1   3   3   0   0   1 0.24 0.20 1.00 0.18   0   1   0   1   1   3   4   2   1
  0   3   9   7   1   1 0.00 0.00 0.00 0.00   0   0   0   0   1   1   4   2   3
  1   3   3   7   0   1 0.24 0.16 1.00 0.14   0   1   0   1   1   4   2   3   1
  1   3   3   6   1   1 0.26 0.12 1.00 0.10   0   0   0   0   1   4   3   2   1
  0   3   7   4   1   1 0.00 0.00 0.00 0.00   0   0   0   0   1   4   3   1   2
  1   3   2   0   0   2 0.30 0.22 0.90 0.18   1   0   1   0   1   2   1   3   4
  1   3   4   4   1   2 0.26 0.24 0.86 0.20   0   0   0   0   1   3   2   4   1
  1   3   5   6   1   1 0.26 0.12 1.00 0.10   0   0   0   0   1   1   4   2   3
  1   3   2   0   0   2 0.26 0.24 0.86 0.20   0   1   0   0   1   2   4   3   1
  1   3   1  -4   1   1 0.28 0.14 1.00 0.12   0   0   0   0   1   2   3   1   4
  0   3   8  -4   1   1 0.00 0.00 0.00 0.00   0   0   0   0   1   3   4   1   2
  1   3   6   0   0   2 0.28 0.20 0.88 0.22   1   1   0   1   1   3   4   1   2
  0   3   3   0   0   1 0.00 0.00 0.00 0.00   0   1   0   1   1   3   1   4   2
  0   3   1   0   0   1 0.00 0.00 0.00 0.00   0   1   0   1   1   1   3   2   4
  1   3   6   0   0   2 0.24 0.16 0.88 0.18   1   1   0   1   1   1   3   4   2
  1   3   2   0   0   2 0.20 0.12 0.90 0.14   0   1   0   1   1   1   3   4   2
  1   3   6   7   1   2 0.20 0.08 0.90 0.10   0   0   0   0   1   3   2   4   1
  1   3   3   0   0   1 0.28 0.14 1.00 0.12   0   1   0   1   1   1   3   4   2
  1   3   5   0   0   1 0.30 0.10 1.00 0.08   0   1   0   1   1   4   1   2   3
  1   3   2  -3   1   2 0.22 0.08 0.92 0.10   0   0   0   0   1   1   2   4   3
  1   3   4   0   0   2 0.22 0.10 0.92 0.12   0   1   0   1   1   4   3   1   2
  1   3   6   7   1   2 0.24 0.06 0.94 0.08   0   0   0   0   1   3   1   2   4
  1   3   2   0   0   2 0.24 0.06 0.94 0.08   0   1   0   1   1   2   3   1   4
  0   3   5   8   1   1 0.00 0.00 0.00 0.00   0   0   0   0   1   4   1   2   3
  1   3   5  -6   1   1 0.30 0.06 1.00 0.04   0   0   0   0   1   1   4   3   2
  1   3   1  -4   1   1 0.32 0.06 1.00 0.04   0   0   0   0   1   1   3   2   4
  1   3   4   0   0   2 0.26 0.02 0.96 0.04   0   1   0   1   1   3   1   2   4
  1   3   4  -4   1   2 0.26 0.02 0.96 0.02   0   0   0   0   1   4   2   3   1
  0   3  10   7   1   1 0.00 0.00 0.00 0.00   0   0   0   0   1   3   1   4   2
  1   3   1  -4   1   1 0.32 0.08 1.00 0.06   0   0   0   0   1   3   1   4   2
  1   3   1  -4   1   1 0.34 0.08 1.00 0.06   0   0   0   0   1   4   1   2   3
  1   3   5  -4   1   1 0.34 0.10 1.00 0.08   0   0   0   0   1   4   1   2   3
  1   3   5  -3   1   1 0.36 0.10 1.00 0.08   0   0   0   0   1   2   1   3   4
  1   3   2  -3   1   2 0.28 0.02 0.98 0.02   0   0   0   0   1   4   1   3   2
  1   3   6   0   0   2 0.28 0.04 0.98 0.04   1   1   0   0   1   1   4   2   3
  1   3   1  -5   1   1 0.36 0.12 1.00 0.10   0   0   0   0   1   2   4   3   1
  0   3   2   0   0   1 0.00 0.00 0.00 0.00   1   1   0   0   1   1   3   2   4
  1   3   1  -5   1   1 0.38 0.12 1.00 0.10   0   0   0   0   1   3   1   2   4
  1   3   3   7   1   1 0.38 0.14 1.00 0.12   0   0   0   0   1   4   3   1   2
  1   3   3   0   0   1 0.40 0.14 1.00 0.12   0   1   0   1   2   3   4   2   1
  1   3   3   0   0   1 0.40 0.10 1.00 0.08   1   1   0   1   2   3   1   2   4
  1   3   2  -5   1   2 0.24 0.02 1.00 0.04   0   0   0   0   2   4   3   2   1
  1   3   2  -4   1   2 0.24 0.02 1.00 0.06   0   0   0   0   2   4   3   2   1
  1   3   6   7   1   2 0.26 0.04 1.00 0.06   0   0   0   0   2   3   4   2   1
  0   3   3  -5   1   1 0.00 0.00 0.00 0.00   0   0   0   0   2   3   2   1   4
  0   3   1   5   1   1 0.00 0.00 0.00 0.00   0   0   0   0   2   3   2   1   4
  1   3   6   7   1   2 0.26 0.04 1.00 0.08   0   0   0   0   2   3   4   2   1
  1   3   2   4   1   2 0.28 0.06 1.00 0.08   0   0   0   0   2   2   3   4   1
  1   3   3   7   1   1 0.36 0.06 1.00 0.04   0   0   0   0   2   1   3   4   2
  1   3   5  -5   1   1 0.36 0.06 1.00 0.04   0   0   0   0   2   3   2   1   4
  1   3   4  -4   1   2 0.28 0.06 1.00 0.10   0   0   0   0   2   3   1   4   2
  1   3   2  -4   1   2 0.30 0.08 1.00 0.10   0   0   0   0   2   1   4   3   2
  1   3   4  -4   1   2 0.30 0.08 1.00 0.12   0   0   0   0   2   2   4   3   1
  1   3   6   7   1   2 0.32 0.10 1.00 0.12   0   0   0   0   2   3   1   2   4
  0   3   2  -4   1   1 0.00 0.00 0.00 0.00   0   0   0   0   2   2   4   3   1
  1   3   3   8   1   1 0.38 0.08 1.00 0.06   0   0   0   0   3   4   2   3   1
  1   3   3   6   1   1 0.38 0.08 1.00 0.06   0   0   0   0   3   1   2   4   3
  1   5   5  -5   1   1 0.40 0.10 1.00 0.08   0   0   0   0   1   1   3   4   2
  1   5   1  -4   1   1 0.40 0.10 1.00 0.08   0   0   0   0   1   1   4   3   2
  0   5   5   7   1   1 0.00 0.00 0.00 0.00   0   0   0   0   1   1   3   4   2
  1   5   3   7   1   1 0.42 0.12 1.00 0.10   0   0   0   0   1   3   1   2   4
  0   5   1   5   1   1 0.00 0.00 0.00 0.00   0   0   0   0   1   4   2   3   1
  1   5   4   3   1   2 0.32 0.10 1.00 0.14   0   0   0   0   1   4   1   3   2
  0   5   2  -4   1   1 0.00 0.00 0.00 0.00   0   0   0   0   1   4   3   1   2
  1   5   2  -4   1   2 0.34 0.12 1.00 0.14   0   0   0   0   1   1   2   3   4
  1   5   6   7   1   2 0.34 0.12 1.00 0.16   0   0   0   0   1   4   3   1   2
  1   5   3   8   1   1 0.42 0.12 1.00 0.10   0   0   0   0   1   3   1   4   2
  1   5   6   0   0   2 0.36 0.14 1.00 0.16   1   0   0   0   1   3   1   2   4
  0   5   6  -4   1   1 0.00 0.00 0.00 0.00   0   0   0   0   1   4   1   3   2
  1   5   4  -4   1   2 0.32 0.14 1.00 0.18   0   0   0   0   1   2   1   4   3
  0   5   8  -5   1   1 0.00 0.00 0.00 0.00   0   0   0   0   1   1   4   3   2
  1   5   2  -3   1   2 0.32 0.16 1.00 0.18   0   0   0   0   1   2   4   3   1
  0   5   4   7   1   1 0.00 0.00 0.00 0.00   0   0   0   0   1   4   3   2   1
  1   5   3   6   1   1 0.44 0.14 1.00 0.12   0   0   0   0   1   2   3   4   1
  1   5   4   0   0   2 0.34 0.16 1.00 0.20   1   0   0   0   1   1   2   3   4
  1   5   6   7   1   2 0.30 0.18 1.00 0.20   0   0   0   0   1   4   2   1   3
  1   5   1   3   1   1 0.44 0.14 1.00 0.12   0   0   0   0   1   3   1   2   4
  1   5   6   6   1   2 0.30 0.18 1.00 0.22   0   0   0   0   1   1   4   2   3
  1   5   1   2   0   1 0.46 0.16 1.00 0.14   1   0   0   0   1   4   1   2   3
  1   5   5  -4   1   1 0.42 0.16 1.00 0.14   0   0   0   0   1   2   1   3   4
  1   5   2  -4   1   2 0.32 0.20 1.00 0.22   0   0   0   0   1   4   1   2   3
  1   5   2  -3   1   2 0.32 0.20 1.00 0.24   0   0   0   0   1   4   1   3   2
  0   5   7  -3   1   1 0.00 0.00 0.00 0.00   0   0   0   0   1   3   4   1   2
  1   5   6   7   1   2 0.34 0.22 1.00 0.24   0   0   0   0   1   2   3   4   1
  1   5   5   3   1   1 0.42 0.18 1.00 0.16   0   0   0   0   1   4   2   1   3
  0   5   9   8   1   1 0.00 0.00 0.00 0.00   0   0   0   0   1   1   3   4   2
  0   5  10   8   1   1 0.00 0.00 0.00 0.00   0   0   0   0   1   4   1   2   3
  1   5   3   0   0   1 0.44 0.18 1.00 0.16   1   0   0   0   1   3   2   1   4
  1   5   3   6   1   1 0.40 0.20 1.00 0.18   0   0   0   0   1   2   3   4   1
  1   5   2   0   0   2 0.34 0.22 1.00 0.26   0   1   0   1   1   4   1   3   2
  1   5   4   0   0   2 0.36 0.18 1.00 0.22   1   0   1   0   1   2   1   3   4
  1   5   6   0   0   2 0.32 0.18 0.96 0.22   1   1   0   0   1   4   1   2   3
  0   5   3   4   1   1 0.00 0.00 0.00 0.00   0   0   0   0   1   1   4   3   2
  1   5   5   0   0   1 0.40 0.20 1.00 0.18   0   1   0   1   1   3   4   2   1
  1   5   5   0   0   1 0.42 0.16 1.00 0.14   1   1   0   0   1   3   4   1   2
  1   5   1   0   0   1 0.38 0.12 1.00 0.14   1   1   0   0   1   2   3   4   1
  1   5   4   0   0   2 0.28 0.14 0.96 0.24   1   1   0   0   1   3   1   4   2
  1   5   1  -4   1   1 0.34 0.08 1.00 0.16   0   0   0   0   1   2   1   3   4
  1   5   5   0   0   1 0.34 0.08 1.00 0.16   1   1   0   0   1   2   3   1   4
  1   5   3   5   1   1 0.30 0.04 1.00 0.18   0   0   0   0   1   1   3   2   4
  1   5   1   0   0   1 0.30 0.04 1.00 0.18   1   0   0   0   1   2   4   1   3
  1   5   2  -5   1   2 0.24 0.10 0.98 0.24   0   0   0   0   1   2   1   4   3
  1   5   4  -3   1   2 0.24 0.10 0.98 0.26   0   0   0   0   1   1   4   3   2
  1   5   6   6   1   2 0.26 0.12 1.00 0.26   0   0   0   0   2   1   2   3   4
  1   5   4   0   0   2 0.26 0.12 1.00 0.28   1   0   0   0   2   4   1   3   2
  1   5   1  -5   1   1 0.26 0.06 1.00 0.20   0   0   0   0   2   3   1   4   2
  1   5   3   5   1   1 0.26 0.06 1.00 0.20   0   0   0   0   2   4   2   3   1
  1   5   2   3   1   2 0.22 0.14 1.00 0.28   0   0   0   0   2   2   3   1   4
  1   5   4  -4   1   2 0.22 0.14 1.00 0.30   0   0   0   0   2   2   1   3   4
  1   5   6   0   0   2 0.24 0.16 1.00 0.30   1   0   0   0   2   4   2   3   1
  1   5   5  -4   1   1 0.28 0.08 1.00 0.22   0   0   0   0   2   1   4   3   2
  1   5   5  -4   1   1 0.28 0.08 1.00 0.22   0   0   0   0   2   2   4   1   3
  1   5   1   0   0   1 0.30 0.10 1.00 0.24   1   0   0   0   2   1   3   2   4
  1   5   4   0   0   2 0.20 0.16 1.00 0.32   1   1   0   0   2   2   3   4   1
  1   5   5  -3   1   1 0.26 0.10 1.00 0.24   0   0   0   0   2   1   2   3   4
  1   5   1  -3   1   1 0.26 0.12 1.00 0.26   0   0   0   0   2   3   2   4   1
  1   5   4  -4   1   2 0.16 0.12 1.00 0.32   0   0   0   0   3   4   1   3   2
  1   5   6   6   1   2 0.16 0.12 1.00 0.34   0   0   0   0   3   2   3   4   1
  1   5   1  -4   1   1 0.28 0.12 1.00 0.26   0   0   0   0   3   2   4   1   3
  1   5   4   0   0   2 0.18 0.14 1.00 0.34   1   1   0   0   3   2   3   1   4
  1   5   4  -3   1   2 0.14 0.10 1.00 0.36   0   0   0   0   4   2   4   3   1
