0.12 0.02 0.02 0.06   2 
0.50 0.46 0.46 0.46   1 
0.42 0.48 0.38 0.42   1 
0.42 0.48 0.38 0.42   1 
0.12 0.02 0.02 0.06   2 
0.42 0.48 0.34 0.38   1 
0.14 0.04 0.04 0.08   2 
0.42 0.48 0.34 0.38   1 
0.44 0.50 0.34 0.38   1 
0.44 0.50 0.34 0.38   1 
0.44 0.50 0.36 0.40   1 
0.46 0.52 0.36 0.40   1 
0.14 0.04 0.04 0.08   2 
0.16 0.06 0.06 0.10   2 
0.16 0.06 0.06 0.10   2 
0.18 0.08 0.08 0.12   2 
0.18 0.08 0.08 0.12   2 
0.42 0.48 0.38 0.42   1 
0.20 0.10 0.10 0.14   2 
0.34 0.40 0.34 0.44   1 
0.34 0.40 0.34 0.44   1 
0.20 0.10 0.10 0.14   2 
0.22 0.12 0.12 0.16   2 
0.22 0.12 0.12 0.16   2 
0.36 0.38 0.32 0.42   1 
0.38 0.34 0.34 0.38   1 
0.38 0.34 0.34 0.38   1 
0.24 0.14 0.14 0.18   2 
0.40 0.34 0.34 0.38   1 
0.24 0.14 0.14 0.18   2 
0.40 0.34 0.34 0.38   1 
0.26 0.16 0.16 0.20   2 
0.36 0.32 0.32 0.36   1 
0.26 0.16 0.16 0.20   2 
0.30 0.12 0.18 0.16   1 
0.26 0.14 0.14 0.12   1 
0.26 0.16 0.14 0.12   1 
0.28 0.16 0.16 0.14   1 
0.24 0.10 0.14 0.14   2 
0.26 0.10 0.16 0.14   2 
0.28 0.18 0.16 0.14   1 
0.30 0.18 0.18 0.16   1 
0.30 0.20 0.18 0.16   1 
0.32 0.20 0.20 0.18   1 
0.32 0.22 0.20 0.18   1 
0.34 0.22 0.22 0.20   1 
0.26 0.12 0.16 0.16   2 
0.34 0.24 0.22 0.20   1 
0.28 0.12 0.18 0.16   2 
0.36 0.24 0.24 0.22   1 
0.36 0.26 0.24 0.22   1 
0.38 0.26 0.26 0.24   1 
0.28 0.14 0.18 0.18   2 
0.30 0.14 0.20 0.18   2 
0.38 0.28 0.26 0.24   1 
0.38 0.28 0.26 0.24   1 
0.40 0.28 0.28 0.26   1 
0.30 0.16 0.20 0.20   2 
0.40 0.30 0.28 0.26   1 
0.40 0.30 0.28 0.26   1 
0.42 0.30 0.30 0.28   1 
0.42 0.30 0.30 0.28   1 
0.32 0.16 0.22 0.20   2 
0.32 0.18 0.22 0.22   2 
0.34 0.18 0.24 0.22   2 
0.42 0.30 0.30 0.28   1 
0.42 0.32 0.30 0.28   1 
0.44 0.32 0.32 0.30   1 
0.44 0.32 0.32 0.30   1 
0.34 0.20 0.24 0.24   2 
0.44 0.34 0.32 0.30   1 
0.46 0.34 0.34 0.32   1 
0.36 0.20 0.26 0.24   2 
0.46 0.34 0.34 0.32   1 
0.48 0.36 0.30 0.34   1 
0.48 0.36 0.30 0.34   1 
0.48 0.36 0.30 0.34   1 
0.36 0.22 0.26 0.26   2 
0.38 0.22 0.28 0.26   2 
0.48 0.38 0.30 0.34   1 
0.44 0.34 0.26 0.36   1 
0.44 0.34 0.26 0.36   1 
0.34 0.20 0.30 0.28   2 
0.34 0.20 0.30 0.30   2 
0.28 0.18 0.28 0.28   2 
0.28 0.20 0.28 0.28   2 
0.42 0.22 0.14 0.30   1 
0.30 0.20 0.30 0.30   2 
0.44 0.22 0.14 0.30   1 
0.30 0.22 0.30 0.30   2 
0.44 0.24 0.16 0.32   1 
0.46 0.24 0.16 0.32   1 
0.24 0.16 0.20 0.24   2 
0.22 0.14 0.12 0.16   2 
0.32 0.02 0.02 0.14   1 
0.24 0.14 0.12 0.16   2 
0.26 0.12 0.10 0.14   2 
0.20 0.04 0.02 0.02   1 
0.16 0.06 0.02 0.02   1 
0.16 0.08 0.02 0.02   1 
0.22 0.14 0.06 0.10   2 
0.16 0.08 0.02 0.02   1 
0.18 0.08 0.04 0.04   1 
0.18 0.10 0.04 0.04   1 
0.22 0.14 0.06 0.10   2 
0.20 0.10 0.06 0.06   1 
0.24 0.16 0.08 0.12   2 
0.20 0.10 0.06 0.06   1 
0.20 0.10 0.06 0.06   1 
0.24 0.16 0.08 0.12   2 
0.26 0.18 0.10 0.14   2 
0.20 0.10 0.06 0.06   1 
0.20 0.10 0.06 0.06   1 
0.20 0.12 0.06 0.06   1 
0.22 0.12 0.08 0.08   1 
0.26 0.18 0.10 0.14   2 
0.28 0.20 0.12 0.16   2 
0.28 0.20 0.12 0.16   2 
0.24 0.10 0.04 0.10   1 
0.20 0.12 0.02 0.06   1 
0.22 0.24 0.06 0.20   2 
0.22 0.24 0.06 0.20   2 
0.20 0.12 0.02 0.06   1 
0.20 0.12 0.02 0.06   1 
0.20 0.12 0.02 0.06   1 
0.22 0.14 0.04 0.08   1 
0.18 0.10 0.02 0.08   1 
0.24 0.26 0.08 0.22   2 
0.06 0.02 0.04 0.12   1 
0.06 0.02 0.04 0.12   1 
0.04 0.02 0.02 0.14   1 
0.04 0.02 0.02 0.16   1 
0.06 0.04 0.04 0.16   1 
0.12 0.18 0.02 0.26   2 
0.02 0.02 0.02 0.18   1 
0.12 0.20 0.02 0.26   2 
0.02 0.02 0.02 0.12   1 
0.02 0.02 0.02 0.14   2 
0.02 0.04 0.02 0.12   1 
0.04 0.04 0.04 0.14   1 
0.04 0.04 0.04 0.14   1 
0.04 0.06 0.04 0.14   1 
0.02 0.02 0.02 0.16   2 
0.06 0.06 0.06 0.16   1 
0.02 0.04 0.02 0.12   1 
0.02 0.04 0.02 0.12   1 
0.02 0.04 0.02 0.12   1 
0.02 0.04 0.02 0.12   1 
0.02 0.02 0.02 0.12   2 
0.02 0.06 0.02 0.10   1 
0.02 0.02 0.02 0.12   2 
0.04 0.04 0.04 0.14   2 
0.02 0.06 0.02 0.10   1 
0.04 0.04 0.04 0.14   2 
0.02 0.08 0.02 0.10   1 
0.06 0.06 0.06 0.16   2 
0.02 0.04 0.02 0.12   1 
0.02 0.06 0.04 0.14   1 
0.02 0.04 0.02 0.18   2 
0.02 0.04 0.02 0.20   2 
0.04 0.06 0.04 0.20   2 
0.02 0.08 0.02 0.12   1 
0.02 0.08 0.02 0.12   1 
0.04 0.10 0.04 0.14   1 
0.04 0.10 0.04 0.14   1 
0.04 0.10 0.04 0.14   1 
0.02 0.06 0.02 0.06   1 
0.02 0.06 0.02 0.06   1 
0.02 0.06 0.02 0.06   1 
0.02 0.08 0.02 0.06   1 
0.02 0.02 0.02 0.24   2 
0.02 0.04 0.02 0.24   2 
0.02 0.04 0.02 0.08   1 
0.02 0.02 0.02 0.26   2 
0.02 0.04 0.02 0.08   1 
0.02 0.04 0.02 0.08   1 
0.02 0.02 0.02 0.26   2 
0.02 0.02 0.02 0.10   1 
0.02 0.04 0.02 0.14   2 
0.02 0.02 0.02 0.12   1 
0.02 0.02 0.02 0.08   2 
0.02 0.02 0.02 0.02   2 
0.02 0.02 0.02 0.04   2 
0.02 0.04 0.02 0.04   2 
0.04 0.04 0.04 0.06   2 
0.04 0.06 0.04 0.06   2 
0.06 0.06 0.06 0.08   2 
0.04 0.02 0.04 0.08   1 
0.04 0.02 0.04 0.08   1 
0.04 0.02 0.04 0.08   1 
0.06 0.02 0.02 0.04   1 
0.06 0.08 0.06 0.08   2 
0.06 0.04 0.02 0.04   1 
0.08 0.08 0.08 0.10   2 
0.08 0.10 0.08 0.10   2 
0.08 0.04 0.04 0.06   1 
0.08 0.04 0.04 0.06   1 
0.04 0.06 0.02 0.06   1 
0.06 0.08 0.02 0.04   1 
0.06 0.08 0.02 0.04   1 
0.08 0.10 0.04 0.06   1 
0.02 0.02 0.02 0.10   2 
0.08 0.10 0.04 0.06   1 
0.04 0.12 0.02 0.08   1 
0.02 0.04 0.02 0.06   2 
0.02 0.04 0.02 0.06   2 
0.02 0.10 0.02 0.02   1 
0.02 0.10 0.02 0.02   1 
0.02 0.02 0.02 0.02   2 
0.02 0.06 0.02 0.04   1 
0.02 0.06 0.02 0.04   1 
0.02 0.06 0.02 0.04   1 
0.04 0.08 0.04 0.06   1 
0.02 0.04 0.04 0.04   2 
0.04 0.04 0.04 0.04   2 
0.04 0.08 0.04 0.06   1 
0.06 0.10 0.06 0.08   1 
0.06 0.10 0.06 0.08   1 
0.02 0.02 0.02 0.06   2 
0.02 0.06 0.02 0.04   1 
0.02 0.06 0.02 0.04   1 
0.02 0.06 0.02 0.04   1 
0.02 0.02 0.02 0.08   2 
0.04 0.04 0.04 0.08   2 
0.04 0.08 0.04 0.06   1 
0.04 0.04 0.04 0.10   2 
0.06 0.06 0.06 0.10   2 
0.04 0.08 0.04 0.06   1 
0.06 0.06 0.06 0.12   2 
0.06 0.10 0.06 0.08   1 
