  1   4   6   0   0   2 0.40 0.40 0.40 0.40   0   1   0   1   1   3   4   2   1
  1   4   2  -2   1   2 0.40 0.36 0.40 0.36   0   0   0   0   1   3   1   4   2
  0   4   2  -1   1   1 0.00 0.00 0.00 0.00   0   0   0   0   1   3   1   4   2
  1   4   3   0   0   1 1.00 1.00 1.00 1.00   0   1   0   1   1   1   2   3   4
  1   4   3   0   0   1 1.00 0.96 1.00 0.96   1   1   1   0   1   4   2   1   3
  1   4   3   0   0   1 0.96 0.92 0.96 0.96   0   1   1   1   1   1   4   3   2
  1   4   5   0   0   1 0.96 0.88 0.92 0.92   0   1   1   1   1   2   3   4   1
  1   4   5   0   0   1 0.99 0.84 0.88 0.88   0   1   1   1   1   4   1   2   3
  1   4   6   0   0   2 0.43 0.36 0.43 0.36   0   1   1   1   1   1   2   4   3
  1   4   2   0   0   2 0.43 0.32 0.39 0.32   0   1   0   1   1   3   1   4   2
  1   4   1   0   0   1 0.99 0.80 0.84 0.84   0   1   1   1   1   1   2   4   3
  0   4   1  -2   1   1 0.00 0.00 0.00 0.00   0   0   0   0   1   4   2   3   1
  1   4   4   0   0   2 0.46 0.28 0.39 0.28   0   1   0   1   1   3   2   4   1
  1   4   1   0   0   1 1.00 0.76 0.80 0.80   0   1   0   0   1   1   2   4   3
  1   4   4   0   1   2 0.46 0.24 0.42 0.24   0   0   0   0   1   1   4   2   3
  0   4   9   3   1   1 0.00 0.00 0.00 0.00   0   0   0   0   1   1   3   2   4
  1   4   6   0   0   2 0.49 0.24 0.42 0.24   0   1   0   1   1   2   3   1   4
  1   4   2   0   0   2 0.49 0.20 0.45 0.20   1   0   1   0   1   1   2   3   4
  1   4   6   0   0   2 0.45 0.20 0.41 0.20   1   0   1   0   1   1   3   4   2
  1   4   3   0   0   1 1.00 0.72 0.80 0.80   0   1   0   0   1   2   3   4   1
  0   4   8  -1   1   1 0.00 0.00 0.00 0.00   0   0   0   0   1   4   3   2   1
  1   4   4   0   0   2 0.41 0.23 0.37 0.23   0   1   1   1   1   2   1   3   4
  0   4  10   4   1   1 0.00 0.00 0.00 0.00   0   0   0   0   1   1   3   2   4
  1   4   4  -2   1   2 0.41 0.19 0.33 0.19   0   0   0   0   1   4   3   1   2
  1   4   5   0   0   1 1.00 0.68 0.83 0.83   0   1   1   1   1   4   2   3   1
  1   4   5   0   0   1 1.00 0.64 0.79 0.79   0   1   0   0   1   1   4   2   3
  0   4   5   4   1   1 0.00 0.00 0.00 0.00   0   0   0   0   1   1   2   4   3
  0   4   7  -3   1   1 0.00 0.00 0.00 0.00   0   0   0   0   1   4   2   1   3
  1   4   2   0   0   2 0.44 0.19 0.33 0.19   1   0   1   0   1   4   1   3   2
  1   4   3   0   0   1 1.00 0.60 0.79 0.79   0   1   1   1   1   1   4   2   3
  0   4   4   2   1   1 0.00 0.00 0.00 0.00   0   0   0   0   1   3   4   2   1
  1   4   3   0   0   1 1.00 0.56 0.75 0.75   1   1   1   1   1   4   3   1   2
  1   4   1   0   0   1 0.96 0.52 0.71 0.71   0   1   0   1   1   4   3   2   1
  1   4   6   0   0   2 0.40 0.22 0.29 0.22   1   0   1   1   1   1   4   2   3
  1   4   5   0   0   1 0.96 0.48 0.71 0.67   0   1   0   1   1   2   3   1   4
  1   4   1   0   0   1 0.99 0.44 0.74 0.63   0   1   1   0   1   2   3   1   4
  1   4   1   0   0   1 0.99 0.40 0.70 0.63   1   1   1   1   1   1   4   3   2
  1   4   5   0   0   1 0.95 0.36 0.66 0.59   1   1   1   1   1   4   1   2   3
  1   4   4   0   0   2 0.36 0.22 0.25 0.18   1   0   0   0   1   3   4   1   2
  1   4   4  -2   1   2 0.32 0.25 0.25 0.18   0   0   0   0   1   3   2   4   1
  1   4   6   2   1   2 0.32 0.25 0.28 0.21   0   0   0   0   1   1   3   2   4
  0   4   3   1   1   1 0.00 0.00 0.00 0.00   0   0   0   0   1   1   3   4   2
  0   4   6  -5   1   1 0.00 0.00 0.00 0.00   0   0   0   0   1   3   2   1   4
  1   4   1   0   0   1 0.91 0.32 0.62 0.55   0   0   1   1   1   4   2   1   3
  1   4   2   0   1   2 0.35 0.28 0.28 0.21   0   0   0   0   1   4   3   2   1
  1   4   2   0   0   2 0.35 0.28 0.31 0.24   0   1   0   1   1   2   3   1   4
  1   4   6   0   0   2 0.38 0.24 0.31 0.20   1   0   1   0   2   4   3   2   1
  1   4   3   2   1   1 0.91 0.32 0.58 0.51   0   0   0   0   2   4   1   3   2
  1   4   3   0   0   1 0.94 0.35 0.58 0.51   0   1   1   1   2   4   2   1   3
  1   4   3   2   1   1 0.94 0.31 0.54 0.47   0   0   0   0   2   4   2   1   3
  1   4   5  -1   1   1 0.97 0.31 0.54 0.47   0   0   0   0   2   3   1   4   2
  1   4   5   0   0   1 0.97 0.34 0.57 0.50   0   1   1   1   2   2   1   3   4
  1   4   6  -1   1   2 0.34 0.24 0.27 0.20   0   0   0   0   2   3   2   1   4
  1   4   2   0   0   2 0.34 0.27 0.27 0.23   0   1   1   1   2   2   1   3   4
  1   4   1   0   0   1 1.00 0.30 0.53 0.46   1   1   1   1   2   3   4   1   2
  1   4   4   0   0   2 0.37 0.23 0.23 0.19   0   1   0   0   2   4   1   2   3
  1   4   1   0   0   1 0.96 0.26 0.49 0.42   0   1   0   1   2   2   1   4   3
  1   4   6   0   0   2 0.37 0.19 0.23 0.19   0   1   0   0   2   1   3   4   2
  1   4   2   0   1   2 0.40 0.15 0.26 0.22   0   0   0   0   2   2   3   1   4
  1   4   6   3   1   2 0.40 0.15 0.26 0.22   0   0   0   0   2   2   4   3   1
  1   4   3   1   1   1 0.96 0.22 0.49 0.38   0   0   0   0   2   3   1   4   2
  1   4   4   0   0   2 0.43 0.18 0.29 0.25   0   1   1   0   2   2   4   1   3
  1   4   5   0   0   1 0.99 0.22 0.52 0.38   0   1   0   1   2   2   3   4   1
  1   4   5   0   0   1 0.99 0.18 0.52 0.34   0   0   1   1   2   3   2   1   4
  1   4   2   0   0   2 0.43 0.14 0.25 0.25   1   0   0   1   2   4   3   2   1
  1   4   3   2   1   1 1.00 0.18 0.48 0.30   0   0   0   0   2   1   3   2   4
  1   4   3   0   0   1 1.00 0.21 0.48 0.30   0   1   1   1   2   2   3   1   4
  1   4   1  -2   1   1 1.00 0.17 0.44 0.26   0   0   0   0   2   1   3   4   2
  1   4   6   2   1   2 0.39 0.14 0.25 0.21   0   0   0   0   2   3   4   2   1
  1   4   5   0   1   1 1.00 0.17 0.44 0.26   0   0   0   0   2   4   3   2   1
  1   4   1   0   0   1 1.00 0.20 0.47 0.29   0   0   1   1   2   3   1   4   2
  1   4   1   0   0   1 1.00 0.20 0.43 0.25   0   1   1   1   2   3   2   1   4
  1   4   5   0   1   1 1.00 0.16 0.39 0.21   0   0   0   0   2   3   4   1   2
  1   4   4   0   0   2 0.39 0.17 0.28 0.21   1   1   0   0   2   3   2   4   1
  1   4   1  -2   1   1 1.00 0.16 0.39 0.21   0   0   0   0   2   4   1   2   3
  1   4   2   0   1   2 0.35 0.13 0.28 0.24   0   0   0   0   2   4   3   1   2
  1   4   6   2   1   2 0.35 0.13 0.31 0.24   0   0   0   0   3   3   2   4   1
  1   4   3   3   1   1 1.00 0.19 0.42 0.24   0   0   0   0   3   3   1   2   4
  1   4   5  -2   1   1 1.00 0.19 0.42 0.24   0   0   0   0   3   4   3   2   1
  1   4   2   0   1   2 0.38 0.16 0.31 0.27   0   0   0   0   3   3   4   1   2
  1   4   1   0   0   1 1.00 0.22 0.45 0.27   1   0   1   0   3   1   2   4   3
  1   4   4   0   0   2 0.38 0.16 0.34 0.27   0   0   1   1   3   4   3   1   2
  1   4   1  -1   1   1 0.96 0.22 0.41 0.27   0   0   0   0   3   1   2   4   3
  1   4   6   0   0   2 0.41 0.19 0.30 0.23   0   1   0   0   3   3   2   1   4
  1   4   4  -4   1   2 0.41 0.15 0.30 0.23   0   0   0   0   3   2   4   3   1
  1   4   5  -1   1   1 0.96 0.25 0.41 0.30   0   0   0   0   3   2   4   3   1
  1   4   5   0   0   1 0.99 0.25 0.44 0.30   1   0   0   0   3   1   2   3   4
  1   4   2   0   0   2 0.44 0.15 0.33 0.26   0   0   1   0   3   3   4   2   1
  1   4   3   0   0   1 0.95 0.28 0.44 0.33   0   1   0   1   3   2   4   1   3
  1   4   1   0   0   1 0.95 0.24 0.47 0.29   0   0   1   0   3   3   1   4   2
  1   4   1   0   0   1 0.98 0.24 0.43 0.29   1   0   0   0   3   3   2   1   4
  1   4   4   0   0   2 0.44 0.18 0.29 0.26   1   0   0   0   3   1   2   3   4
  1   4   1  -1   1   1 0.94 0.27 0.43 0.32   0   0   0   0   4   3   2   4   1
  1   4   4  -3   1   2 0.40 0.18 0.29 0.29   0   0   0   0   4   3   4   2   1
  1   4   6   3   1   2 0.40 0.21 0.32 0.29   0   0   0   0   4   4   1   2   3
  1   4   5  -1   1   1 0.94 0.27 0.46 0.32   0   0   0   0   4   1   3   4   2
  1   4   2   0   0   2 0.43 0.21 0.32 0.32   1   0   0   0   4   1   2   4   3
  1   4   3   0   0   1 0.97 0.30 0.46 0.35   0   1   0   1   4   4   3   2   1
  1   4   1  -1   1   1 0.97 0.26 0.49 0.31   0   0   0   0   4   3   4   1   2
  1   4   1   0   0   1 1.00 0.26 0.49 0.31   1   1   0   0   4   3   4   2   1
  1   4   4  -3   1   2 0.39 0.24 0.35 0.32   0   0   0   0   4   1   4   2   3
  1   4   2   0   0   2 0.39 0.24 0.35 0.35   1   0   0   1   5   4   3   1   2
  1   4   3   0   0   1 0.96 0.22 0.52 0.34   1   1   0   1   5   2   4   3   1
  1   4   1   0   0   1 0.92 0.18 0.52 0.30   1   0   0   0   5   4   3   2   1
  1   4   2   0   0   2 0.35 0.27 0.38 0.31   1   1   0   1   6   2   3   1   4
  1   4   3   0   0   1 0.88 0.18 0.55 0.30   1   0   0   1   6   1   2   4   3
  1   4   1  -1   1   1 0.84 0.21 0.55 0.26   0   0   0   0   6   4   2   1   3
  1   4   2   0   0   2 0.31 0.23 0.38 0.27   1   1   0   0   7   2   4   3   1
  1   4   3   0   0   1 0.84 0.21 0.58 0.26   0   0   0   1   7   3   1   4   2
  1   4   2   0   1   2 0.27 0.19 0.41 0.27   0   0   0   0   8   1   3   2   4
  1   4   3   0   0   1 0.87 0.24 0.58 0.22   0   1   0   1   8   1   4   2   3
  1   4   3   0   0   1 0.87 0.20 0.61 0.18   0   1   1   1   9   1   2   3   4
  1   4   3   0   0   1 0.90 0.16 0.57 0.14   0   0   1   1  10   3   1   4   2
  1   4   3   0   0   1 0.90 0.16 0.53 0.10   1   0   1   0  11   3   2   4   1
  1   4   3   2   1   1 0.86 0.19 0.49 0.10   0   0   0   0  12   3   4   1   2
  1   3   2  -1   1   2 0.27 0.19 0.41 0.30   0   0   0   0   1   4   3   1   2
  1   3   3   0   0   1 0.86 0.19 0.49 0.13   1   0   1   0   1   3   4   1   2
  0   3   9   3   1   1 0.00 0.00 0.00 0.00   0   0   0   0   1   2   3   4   1
  1   3   3   2   1   1 0.82 0.22 0.45 0.13   0   0   0   0   1   2   3   4   1
  0   3   6  -7   1   1 0.00 0.00 0.00 0.00   0   0   0   0   1   2   4   3   1
  1   3   5   0   0   1 0.82 0.22 0.45 0.16   1   0   1   0   1   2   3   1   4
  1   3   4  -5   1   2 0.30 0.22 0.44 0.30   0   0   0   0   1   1   4   2   3
  1   3   1  -1   1   1 0.78 0.25 0.41 0.16   0   0   0   0   1   2   4   1   3
  1   3   3   0   0   1 0.78 0.25 0.41 0.19   1   0   1   0   1   2   3   4   1
  1   3   3   0   0   1 0.74 0.28 0.37 0.19   1   0   1   0   1   4   3   2   1
  1   3   1   0   0   1 0.70 0.28 0.33 0.22   1   0   1   0   1   2   1   4   3
  1   3   2   0   0   2 0.30 0.22 0.44 0.33   0   0   1   0   1   1   2   4   3
  0   3  10   5   1   1 0.00 0.00 0.00 0.00   0   0   0   0   1   1   4   3   2
  1   3   6   0   0   2 0.33 0.25 0.40 0.33   1   0   0   0   1   4   1   3   2
  1   3   4   0   0   2 0.29 0.25 0.40 0.36   0   0   1   0   1   2   3   4   1
  0   3   8  -3   1   1 0.00 0.00 0.00 0.00   0   0   0   0   1   1   3   4   2
  0   3   3   1   1   1 0.00 0.00 0.00 0.00   0   0   0   0   1   3   2   1   4
  1   3   1   0   0   1 0.66 0.31 0.29 0.22   1   0   0   0   1   2   1   3   4
  1   3   6   0   0   2 0.29 0.28 0.36 0.36   0   0   1   0   1   3   4   1   2
  1   3   4  -4   1   2 0.32 0.28 0.32 0.39   0   0   0   0   1   2   3   4   1
  1   3   6   0   0   2 0.32 0.31 0.32 0.39   0   0   1   1   1   3   2   1   4
  1   3   1   0   0   1 0.62 0.31 0.29 0.25   0   1   1   0   1   2   4   3   1
  0   3   7  -5   1   1 0.00 0.00 0.00 0.00   0   0   0   0   1   3   1   2   4
  1   3   2   1   1   2 0.35 0.31 0.28 0.35   0   0   0   0   1   4   1   2   3
  1   3   6   0   0   2 0.35 0.34 0.28 0.35   1   0   0   1   1   1   4   2   3
  1   3   1   0   1   1 0.62 0.27 0.25 0.25   0   0   0   0   1   1   2   4   3
  1   3   1   0   0   1 0.65 0.27 0.25 0.28   1   1   0   0   1   1   3   4   2
  1   3   4   0   0   2 0.31 0.34 0.31 0.31   1   1   0   1   1   1   3   2   4
  1   3   2   0   0   2 0.27 0.30 0.31 0.27   0   1   1   1   1   3   2   1   4
  1   3   5   0   0   1 0.61 0.23 0.28 0.28   0   1   1   1   1   3   2   1   4
  0   3   1  -4   1   1 0.00 0.00 0.00 0.00   0   0   0   0   1   1   3   4   2
  1   3   5   0   0   1 0.61 0.19 0.24 0.24   1   1   0   0   1   4   1   2   3
  1   3   6   0   0   2 0.27 0.26 0.27 0.23   0   0   1   0   1   1   3   4   2
  0   3   5   5   1   1 0.00 0.00 0.00 0.00   0   0   0   0   1   3   1   4   2
  1   3   5  -3   1   1 0.57 0.15 0.24 0.24   0   0   0   0   1   2   3   4   1
  0   3   2  -1   1   1 0.00 0.00 0.00 0.00   0   0   0   0   1   3   2   1   4
  1   3   4   0   0   2 0.30 0.26 0.23 0.23   1   1   0   0   1   4   1   2   3
  1   3   5   0   0   1 0.57 0.15 0.27 0.27   1   0   1   1   1   4   1   2   3
  1   3   5   0   0   1 0.53 0.18 0.23 0.23   0   0   1   1   1   3   4   2   1
  1   3   2   0   0   2 0.26 0.22 0.23 0.26   1   0   1   0   1   1   4   2   3
  1   3   3   0   0   1 0.53 0.18 0.19 0.19   1   0   1   0   1   3   1   4   2
  0   3   4   3   1   1 0.00 0.00 0.00 0.00   0   0   0   0   1   3   2   1   4
  1   3   6   0   0   2 0.22 0.22 0.19 0.26   0   0   1   1   1   3   2   4   1
  1   3   3   0   0   1 0.49 0.21 0.15 0.19   1   0   0   0   1   1   3   4   2
  1   3   4  -3   1   2 0.22 0.25 0.15 0.22   0   0   0   0   1   3   2   4   1
  1   3   2   0   0   2 0.25 0.25 0.15 0.22   1   1   0   0   1   2   1   4   3
  1   3   3   2   1   1 0.45 0.21 0.15 0.22   0   0   0   0   2   4   3   2   1
  1   3   5   0   0   1 0.45 0.24 0.18 0.22   1   0   1   0   2   1   4   3   2
  1   3   3   2   1   1 0.41 0.24 0.14 0.25   0   0   0   0   2   3   2   4   1
  1   3   3   0   0   1 0.41 0.27 0.14 0.25   1   1   1   0   2   3   2   4   1
  1   3   1   0   0   1 0.37 0.23 0.10 0.28   1   1   0   1   2   2   1   4   3
  1   3   2  -1   1   2 0.21 0.21 0.18 0.25   0   0   0   0   2   3   1   2   4
  1   3   6   0   0   2 0.21 0.21 0.18 0.25   1   0   1   1   2   1   4   2   3
  1   3   4  -2   1   2 0.17 0.24 0.14 0.21   0   0   0   0   2   3   4   2   1
  1   3   1  -2   1   1 0.33 0.19 0.10 0.24   0   0   0   0   2   1   3   4   2
  1   3   6   0   0   2 0.17 0.24 0.14 0.21   1   1   0   1   2   2   1   4   3
  1   3   6   3   1   2 0.13 0.20 0.17 0.17   0   0   0   0   2   1   2   4   3
  1   3   1   0   0   1 0.33 0.19 0.13 0.24   1   1   0   1   2   1   2   4   3
  1   3   6   3   1   2 0.13 0.20 0.17 0.17   0   0   0   0   2   3   4   1   2
  1   3   1  -1   1   1 0.29 0.15 0.13 0.20   0   0   0   0   2   3   1   2   4
  1   3   4   0   0   2 0.16 0.23 0.20 0.20   0   1   1   0   2   1   3   4   2
  1   3   2   0   0   2 0.16 0.19 0.16 0.20   0   1   0   1   2   1   3   4   2
  1   3   5  -2   1   1 0.29 0.15 0.16 0.20   0   0   0   0   2   1   4   2   3
  1   3   5  -2   1   1 0.32 0.18 0.16 0.23   0   0   0   0   2   1   4   2   3
  1   3   6   2   1   2 0.19 0.15 0.16 0.16   0   0   0   0   2   1   2   4   3
  1   3   4  -4   1   2 0.19 0.15 0.19 0.16   0   0   0   0   2   3   1   4   2
  1   3   5  -2   1   1 0.32 0.18 0.19 0.23   0   0   0   0   2   1   3   2   4
  1   3   5   0   0   1 0.35 0.21 0.19 0.26   1   1   0   0   2   2   4   1   3
  1   3   2   0   0   2 0.22 0.18 0.19 0.19   1   1   0   0   2   1   2   3   4
  1   3   3   0   0   1 0.31 0.17 0.22 0.26   0   1   0   1   2   3   1   4   2
  1   3   6   3   1   2 0.18 0.14 0.22 0.19   0   0   0   0   2   3   2   4   1
  1   3   3   2   1   1 0.31 0.13 0.22 0.22   0   0   0   0   2   1   2   4   3
  1   3   2   1   1   2 0.18 0.14 0.22 0.22   0   0   0   0   2   2   3   1   4
  1   3   5  -2   1   1 0.34 0.13 0.25 0.22   0   0   0   0   3   1   2   4   3
  1   3   3   3   1   1 0.34 0.16 0.25 0.25   0   0   0   0   3   4   2   3   1
  1   3   1  -1   1   1 0.37 0.16 0.28 0.25   0   0   0   0   3   3   2   4   1
  1   3   6   3   1   2 0.21 0.17 0.25 0.22   0   0   0   0   3   1   3   2   4
  1   3   6   0   0   2 0.21 0.17 0.25 0.25   0   0   1   1   3   1   4   3   2
  1   3   1   0   0   1 0.37 0.19 0.28 0.28   1   0   1   0   3   2   3   4   1
  1   3   4   0   0   2 0.24 0.20 0.21 0.21   0   1   0   1   3   2   3   4   1
  1   3   2  -1   1   2 0.24 0.16 0.21 0.17   0   0   0   0   3   4   3   2   1
  1   3   5   0   0   1 0.33 0.19 0.24 0.28   0   0   1   1   3   2   3   4   1
  1   3   2  -1   1   2 0.27 0.16 0.24 0.17   0   0   0   0   3   4   3   1   2
  1   3   3   0   0   1 0.33 0.22 0.20 0.24   0   1   1   1   3   4   2   3   1
  1   3   6   0   0   2 0.27 0.19 0.24 0.20   1   0   0   1   4   3   4   1   2
  1   3   1  -1   1   1 0.36 0.18 0.16 0.20   0   0   0   0   4   3   1   4   2
  1   3   4   0   0   2 0.23 0.19 0.27 0.16   1   1   0   0   4   2   4   3   1
  1   3   5  -3   1   1 0.36 0.18 0.16 0.20   0   0   0   0   4   2   3   4   1
  1   3   3   0   0   1 0.39 0.21 0.19 0.23   1   0   0   1   4   3   4   2   1
  1   3   6   5   1   2 0.19 0.15 0.27 0.16   0   0   0   0   5   2   4   1   3
  1   3   4  -6   1   2 0.19 0.15 0.30 0.19   0   0   0   0   5   2   3   1   4
  1   3   3   0   0   1 0.35 0.21 0.19 0.19   1   1   0   0   5   1   2   4   3
  1   3   3   3   1   1 0.31 0.17 0.22 0.19   0   0   0   0   6   2   3   4   1
  1   1   1  -1   1   1 0.31 0.17 0.22 0.22   0   0   0   0   1   4   1   2   3
  0   1   2  -2   1   1 0.00 0.00 0.00 0.00   0   0   0   0   1   4   1   2   3
  1   1   6   0   0   2 0.22 0.18 0.30 0.19   0   0   1   1   1   3   4   1   2
  1   1   4  -4   1   2 0.22 0.18 0.26 0.15   0   0   0   0   1   4   1   2   3
  1   1   4  -4   1   2 0.25 0.21 0.26 0.15   0   0   0   0   1   1   3   2   4
  0   1   1  -5   1   1 0.00 0.00 0.00 0.00   0   0   0   0   1   3   1   4   2
  0   1   3   1   1   1 0.00 0.00 0.00 0.00   0   0   0   0   1   4   3   1   2
  1   1   2  -1   1   2 0.25 0.21 0.29 0.18   0   0   0   0   1   2   4   1   3
  1   1   3   3   1   1 0.34 0.20 0.25 0.22   0   0   0   0   1   3   4   2   1
  1   1   3   0   0   1 0.34 0.20 0.25 0.25   1   1   0   0   1   1   3   4   2
  1   1   4   0   0   2 0.28 0.24 0.29 0.18   0   1   1   0   1   3   2   1   4
  1   1   2  -1   1   2 0.28 0.20 0.25 0.21   0   0   0   0   1   3   4   2   1
  1   1   5   0   0   1 0.30 0.16 0.28 0.25   1   0   0   1   1   1   3   4   2
  0   1   8  -2   1   1 0.00 0.00 0.00 0.00   0   0   0   0   1   3   1   2   4
  1   1   1  -1   1   1 0.26 0.16 0.28 0.21   0   0   0   0   1   3   2   4   1
  1   1   4   0   0   2 0.31 0.20 0.25 0.21   0   1   0   0   1   3   1   2   4
  1   1   1   0   0   1 0.26 0.19 0.31 0.21   0   0   0   1   1   2   1   4   3
  1   1   3   0   0   1 0.29 0.19 0.31 0.17   0   1   1   0   1   2   3   1   4
  0   1   7  -7   1   1 0.00 0.00 0.00 0.00   0   0   0   0   1   3   4   1   2
  1   1   5  -1   1   1 0.29 0.15 0.27 0.17   0   0   0   0   1   3   2   1   4
  0   1   9   4   1   1 0.00 0.00 0.00 0.00   0   0   0   0   1   4   2   1   3
  1   1   4  -4   1   2 0.31 0.16 0.28 0.24   0   0   0   0   1   4   2   3   1
  1   1   1   0   0   1 0.32 0.15 0.27 0.20   1   0   1   0   1   3   2   1   4
  1   1   6   0   0   2 0.34 0.16 0.28 0.24   1   1   0   1   1   2   3   1   4
  1   1   2   0   0   2 0.30 0.12 0.31 0.20   0   0   1   0   1   2   4   3   1
  1   1   3   0   0   1 0.28 0.18 0.23 0.20   0   0   1   1   1   3   4   2   1
  1   1   3   4   1   1 0.28 0.18 0.19 0.16   0   0   0   0   1   1   4   3   2
  1   1   6   0   0   2 0.30 0.12 0.27 0.20   1   0   0   0   1   3   4   1   2
  1   1   5   0   0   1 0.31 0.21 0.19 0.16   1   1   0   0   1   2   1   3   4
  0   1   5   6   1   1 0.00 0.00 0.00 0.00   0   0   0   0   1   2   1   3   4
  1   1   6   5   1   2 0.26 0.15 0.27 0.23   0   0   0   0   1   2   4   1   3
  1   1   5  -2   1   1 0.27 0.17 0.22 0.19   0   0   0   0   1   3   4   1   2
  1   1   2   0   0   2 0.26 0.15 0.30 0.23   0   1   1   0   1   1   2   4   3
  1   1   6   0   0   2 0.29 0.11 0.26 0.26   1   1   1   0   1   3   4   2   1
  1   1   2   0   0   2 0.25 0.07 0.22 0.26   1   0   0   1   1   3   4   2   1
  1   1   1  -1   1   1 0.27 0.17 0.22 0.19   0   0   0   0   1   4   1   3   2
  1   1   4   0   0   2 0.21 0.07 0.22 0.22   0   0   1   1   1   1   4   2   3
  0   1   4   2   1   1 0.00 0.00 0.00 0.00   0   0   0   0   1   2   3   1   4
  1   1   6   4   1   2 0.21 0.10 0.18 0.18   0   0   0   0   1   4   3   2   1
  0   1  10   5   1   1 0.00 0.00 0.00 0.00   0   0   0   0   1   1   3   4   2
  1   1   2   0   1   2 0.24 0.10 0.18 0.18   0   0   0   0   1   1   2   4   3
  1   1   1  -2   1   1 0.30 0.20 0.25 0.22   0   0   0   0   1   1   4   2   3
  1   1   5   0   0   1 0.30 0.20 0.25 0.22   0   1   0   0   1   4   1   3   2
  1   1   3   0   0   1 0.33 0.16 0.28 0.25   1   1   1   1   1   1   3   4   2
  1   1   5   0   0   1 0.29 0.12 0.24 0.21   1   0   1   1   1   4   3   1   2
  0   1   6  -7   1   1 0.00 0.00 0.00 0.00   0   0   0   0   1   4   2   3   1
  1   1   6   0   0   2 0.24 0.13 0.21 0.21   0   0   1   1   2   3   2   1   4
  1   1   3   2   1   1 0.25 0.12 0.20 0.17   0   0   0   0   2   2   3   1   4
  1   1   4  -4   1   2 0.27 0.13 0.17 0.17   0   0   0   0   2   1   4   2   3
  1   1   5  -2   1   1 0.25 0.15 0.20 0.17   0   0   0   0   2   4   2   3   1
  1   1   4  -2   1   2 0.27 0.16 0.17 0.17   0   0   0   0   2   1   4   3   2
  1   1   1   0   0   1 0.28 0.15 0.23 0.20   0   1   0   1   2   2   1   4   3
  1   1   3   0   0   1 0.28 0.11 0.23 0.16   1   0   1   1   2   4   2   3   1
  1   1   1  -1   1   1 0.24 0.11 0.19 0.12   0   0   0   0   2   3   1   4   2
  1   1   6   0   0   2 0.30 0.16 0.20 0.20   1   0   0   1   2   1   2   3   4
  1   1   2   0   0   2 0.26 0.19 0.20 0.16   1   0   0   1   2   3   1   2   4
  1   1   3   0   0   1 0.24 0.14 0.19 0.12   1   1   0   1   2   2   3   1   4
  1   1   6   3   1   2 0.22 0.19 0.23 0.12   0   0   0   0   2   2   4   3   1
  1   1   5  -2   1   1 0.20 0.10 0.22 0.08   0   0   0   0   2   4   1   3   2
  1   1   2   0   0   2 0.22 0.22 0.23 0.12   1   1   1   0   2   3   4   2   1
  1   1   6   3   1   2 0.18 0.18 0.19 0.15   0   0   0   0   2   2   3   4   1
  1   1   2  -1   1   2 0.18 0.18 0.19 0.15   0   0   0   0   2   4   3   2   1
  1   1   4  -3   1   2 0.21 0.21 0.22 0.18   0   0   0   0   2   3   2   4   1
  1   1   5  -1   1   1 0.20 0.10 0.22 0.08   0   0   0   0   2   1   3   4   2
  1   1   3   0   0   1 0.23 0.13 0.25 0.11   1   0   1   0   2   2   3   1   4
  1   1   5   0   0   1 0.19 0.13 0.21 0.11   1   0   1   0   2   2   4   1   3
  1   1   6   0   0   2 0.21 0.21 0.22 0.18   0   1   1   0   3   3   4   1   2
  1   1   1  -1   1   1 0.15 0.16 0.17 0.14   0   0   0   0   3   2   1   3   4
  1   1   3   0   0   1 0.15 0.16 0.17 0.14   0   1   1   1   3   3   1   4   2
  1   1   6   0   0   2 0.24 0.17 0.18 0.21   1   1   1   0   3   4   2   3   1
  1   1   2   0   0   2 0.20 0.13 0.14 0.21   0   0   1   1   3   1   3   4   2
  1   1   3   3   1   1 0.18 0.12 0.13 0.10   0   0   0   0   3   2   4   1   3
  1   1   2  -1   1   2 0.20 0.13 0.10 0.17   0   0   0   0   3   4   3   1   2
  1   1   3   1   1   1 0.18 0.12 0.13 0.10   0   0   0   0   3   3   2   4   1
  1   1   5   0   1   1 0.21 0.15 0.16 0.13   0   0   0   0   3   2   3   4   1
  1   1   6   2   1   2 0.23 0.16 0.10 0.17   0   0   0   0   4   3   1   4   2
  1   1   3   3   1   1 0.21 0.15 0.16 0.13   0   0   0   0   4   4   3   2   1
  1   1   6   0   0   2 0.23 0.16 0.13 0.20   1   1   0   1   4   4   1   2   3
  1   1   2   0   1   2 0.19 0.12 0.13 0.16   0   0   0   0   4   1   2   4   3
  1   1   6   3   1   2 0.19 0.12 0.16 0.16   0   0   0   0   5   4   3   2   1
  1   5   1   0   1   1 0.24 0.18 0.19 0.16   0   0   0   0   1   4   1   3   2
  1   5   2  -1   1   2 0.22 0.15 0.16 0.19   0   0   0   0   1   4   3   1   2
  1   5   2   0   1   2 0.22 0.15 0.19 0.19   0   0   0   0   1   2   4   3   1
  1   5   5   0   1   1 0.24 0.18 0.19 0.16   0   0   0   0   1   1   2   4   3
  1   5   5   1   1   1 0.27 0.21 0.22 0.19   0   0   0   0   1   4   1   3   2
  1   5   6   2   1   2 0.25 0.18 0.19 0.22   0   0   0   0   1   4   2   1   3
  1   5   6   3   1   2 0.25 0.18 0.22 0.22   0   0   0   0   1   1   3   4   2
  1   5   1  -2   1   1 0.27 0.21 0.22 0.19   0   0   0   0   1   3   1   4   2
  1   5   4  -4   1   2 0.28 0.21 0.22 0.25   0   0   0   0   1   1   4   2   3
  1   5   4  -5   1   2 0.28 0.21 0.25 0.25   0   0   0   0   1   4   2   3   1
  1   5   4  -6   1   2 0.31 0.24 0.25 0.28   0   0   0   0   1   4   2   3   1
  1   5   2  -1   1   2 0.31 0.24 0.28 0.28   0   0   0   0   1   1   3   2   4
  1   5   3   2   1   1 0.30 0.24 0.25 0.22   0   0   0   0   1   2   3   1   4
  1   5   6   3   1   2 0.34 0.27 0.28 0.31   0   0   0   0   1   2   4   3   1
  1   5   2   0   1   2 0.34 0.27 0.31 0.31   0   0   0   0   1   4   3   1   2
  1   5   5   0   1   1 0.30 0.24 0.25 0.22   0   0   0   0   1   4   2   1   3
  1   5   6   2   1   2 0.37 0.30 0.31 0.34   0   0   0   0   1   2   4   3   1
  1   5   3   2   1   1 0.33 0.27 0.28 0.25   0   0   0   0   1   4   3   2   1
  1   5   1   0   0   1 0.33 0.27 0.28 0.25   0   1   1   1   1   1   4   2   3
  1   5   3   0   0   1 0.36 0.23 0.24 0.21   1   1   0   0   1   1   4   3   2
  1   5   4  -3   1   2 0.37 0.30 0.34 0.34   0   0   0   0   1   4   1   3   2
  0   5   7  -5   1   1 0.00 0.00 0.00 0.00   0   0   0   0   1   2   4   1   3
  0   5   1  -6   1   1 0.00 0.00 0.00 0.00   0   0   0   0   1   4   1   3   2
  1   5   1  -1   1   1 0.32 0.19 0.24 0.21   0   0   0   0   1   2   1   3   4
  1   5   4  -6   1   2 0.40 0.33 0.34 0.37   0   0   0   0   1   3   4   1   2
  1   5   2   0   0   2 0.40 0.33 0.37 0.37   1   1   1   1   1   1   4   2   3
  1   5   5   0   0   1 0.32 0.19 0.27 0.24   1   1   1   1   1   1   2   3   4
  0   5   4   4   1   1 0.00 0.00 0.00 0.00   0   0   0   0   1   3   2   1   4
  0   5   3   1   1   1 0.00 0.00 0.00 0.00   0   0   0   0   1   3   2   4   1
  0   5   5   5   1   1 0.00 0.00 0.00 0.00   0   0   0   0   1   2   1   4   3
  0   5  10   6   1   1 0.00 0.00 0.00 0.00   0   0   0   0   1   4   1   2   3
  1   5   6   0   0   2 0.36 0.29 0.33 0.33   0   1   1   1   1   4   2   3   1
  1   5   4   0   0   2 0.36 0.25 0.29 0.29   1   1   1   0   1   4   3   2   1
  0   5   9   5   1   1 0.00 0.00 0.00 0.00   0   0   0   0   1   3   1   4   2
  1   5   5  -1   1   1 0.28 0.15 0.23 0.20   0   0   0   0   1   1   2   4   3
  1   5   6   5   1   2 0.32 0.21 0.25 0.29   0   0   0   0   1   1   3   4   2
  1   5   3   0   0   1 0.28 0.15 0.23 0.20   1   0   1   0   1   1   4   2   3
  0   5   6  -7   1   1 0.00 0.00 0.00 0.00   0   0   0   0   1   2   1   4   3
  1   5   3   5   1   1 0.24 0.18 0.19 0.23   0   0   0   0   1   3   4   2   1
  1   5   1  -1   1   1 0.24 0.18 0.19 0.23   0   0   0   0   1   1   3   4   2
  0   5   2  -2   1   1 0.00 0.00 0.00 0.00   0   0   0   0   1   2   1   3   4
  1   5   2   0   0   2 0.32 0.21 0.25 0.32   1   1   1   0   1   4   3   1   2
  1   5   3   2   1   1 0.27 0.21 0.22 0.26   0   0   0   0   1   1   2   4   3
  1   5   1  -1   1   1 0.27 0.21 0.22 0.26   0   0   0   0   1   4   3   1   2
  1   5   5  -2   1   1 0.30 0.24 0.25 0.29   0   0   0   0   1   4   1   2   3
  0   5   8  -2   1   1 0.00 0.00 0.00 0.00   0   0   0   0   1   1   3   2   4
  1   5   1  -1   1   1 0.30 0.24 0.25 0.29   0   0   0   0   2   1   4   3   2
  1   5   3   3   1   1 0.33 0.27 0.28 0.32   0   0   0   0   2   4   3   1   2
  1   5   2   0   1   2 0.28 0.17 0.21 0.32   0   0   0   0   2   1   3   2   4
  1   5   5   0   0   1 0.33 0.27 0.28 0.32   1   1   0   0   2   1   2   4   3
  1   5   6   4   1   2 0.28 0.17 0.21 0.35   0   0   0   0   2   2   4   1   3
  1   5   4  -3   1   2 0.31 0.20 0.24 0.35   0   0   0   0   2   1   4   2   3
  1   5   3   2   1   1 0.29 0.23 0.31 0.35   0   0   0   0   2   1   3   4   2
  1   5   2   0   1   2 0.31 0.20 0.24 0.38   0   0   0   0   2   3   2   4   1
  1   5   5  -1   1   1 0.29 0.23 0.31 0.35   0   0   0   0   3   4   3   2   1
  1   2   4   0   0   2 0.34 0.23 0.27 0.38   0   1   0   1   1   4   2   1   3
  1   2   3   0   0   1 0.32 0.26 0.34 0.38   1   1   0   1   1   1   3   4   2
  1   2   5   0   0   1 0.28 0.22 0.34 0.34   0   1   0   1   1   4   3   2   1
  1   2   3   0   0   1 0.28 0.18 0.37 0.30   1   1   0   1   1   4   3   1   2
  1   2   3   3   1   1 0.24 0.14 0.37 0.26   0   0   0   0   1   2   1   3   4
  0   2   1  -3   1   1 0.00 0.00 0.00 0.00   0   0   0   0   1   4   3   1   2
  1   2   6   0   0   2 0.34 0.19 0.27 0.34   0   1   1   1   1   1   4   3   2
  1   2   1   0   0   1 0.24 0.14 0.40 0.26   1   1   1   1   1   4   1   3   2
  1   2   2   0   0   2 0.37 0.15 0.23 0.30   1   1   1   1   1   2   3   4   1
  1   2   4   0   0   2 0.33 0.11 0.19 0.26   0   0   1   1   1   4   3   2   1
  1   2   4   0   0   2 0.33 0.11 0.15 0.22   1   1   0   0   1   3   1   2   4
  1   2   5   0   0   1 0.20 0.10 0.36 0.22   0   0   1   1   1   3   4   2   1
  1   2   3   0   0   1 0.20 0.10 0.32 0.18   0   0   0   1   1   4   2   1   3
  0   2   6  -5   1   1 0.00 0.00 0.00 0.00   0   0   0   0   1   3   2   1   4
  1   2   2  -1   1   2 0.29 0.07 0.15 0.22   0   0   0   0   1   2   3   1   4
  1   2   2   0   0   2 0.29 0.07 0.18 0.25   0   1   1   1   1   2   3   4   1
  0   2   3  -1   1   1 0.00 0.00 0.00 0.00   0   0   0   0   1   1   4   2   3
  1   2   1   0   0   1 0.23 0.13 0.32 0.14   0   0   1   1   1   3   2   1   4
  0   2   9   4   1   1 0.00 0.00 0.00 0.00   0   0   0   0   1   3   2   4   1
  0   2   8   0   1   1 0.00 0.00 0.00 0.00   0   0   0   0   1   4   3   2   1
  1   2   1   0   0   1 0.23 0.13 0.28 0.10   0   0   1   1   1   4   1   2   3
  1   2   5   0   0   1 0.26 0.16 0.24 0.06   1   1   0   0   1   4   1   2   3
  1   2   2   0   0   2 0.32 0.03 0.14 0.21   0   1   1   1   1   3   1   4   2
  1   2   5   0   1   1 0.22 0.12 0.24 0.06   0   0   0   0   1   2   1   4   3
  1   2   4   0   0   2 0.32 0.02 0.10 0.17   1   1   0   1   1   1   3   4   2
  1   2   2   0   0   2 0.28 0.02 0.10 0.13   1   0   0   1   1   3   1   4   2
  1   2   5   0   1   1 0.22 0.12 0.27 0.09   0   0   0   0   1   1   2   4   3
  1   2   1   0   0   1 0.25 0.15 0.27 0.09   0   1   1   1   1   1   3   4   2
  1   2   6   3   1   2 0.24 0.02 0.13 0.09   0   0   0   0   1   4   1   2   3
  0   2  10   5   1   1 0.00 0.00 0.00 0.00   0   0   0   0   1   3   1   2   4
  1   2   1  -2   1   1 0.25 0.11 0.23 0.05   0   0   0   0   1   4   3   1   2
  1   2   5   0   1   1 0.28 0.11 0.23 0.05   0   0   0   0   1   1   4   2   3
  1   2   4   0   1   2 0.24 0.05 0.13 0.09   0   0   0   0   1   3   2   1   4
  0   2   5   4   1   1 0.00 0.00 0.00 0.00   0   0   0   0   1   1   3   4   2
  1   2   6   2   1   2 0.27 0.05 0.16 0.12   0   0   0   0   1   4   3   1   2
  1   2   3   0   0   1 0.28 0.14 0.26 0.08   1   1   0   0   1   1   4   2   3
  1   2   6   4   1   2 0.27 0.08 0.16 0.12   0   0   0   0   1   3   1   2   4
  1   2   4  -1   1   2 0.30 0.08 0.19 0.15   0   0   0   0   1   4   3   2   1
  1   2   6   2   1   2 0.30 0.11 0.19 0.15   0   0   0   0   1   1   2   3   4
  0   2   4   2   1   1 0.00 0.00 0.00 0.00   0   0   0   0   1   3   4   1   2
  1   2   1   0   0   1 0.24 0.10 0.26 0.08   1   1   0   0   1   4   2   1   3
  0   2   2  -2   1   1 0.00 0.00 0.00 0.00   0   0   0   0   1   3   4   2   1
  1   2   3   2   1   1 0.20 0.06 0.29 0.11   0   0   0   0   1   3   2   4   1
  0   2   7  -3   1   1 0.00 0.00 0.00 0.00   0   0   0   0   1   2   4   3   1
  1   2   2   0   0   2 0.33 0.11 0.22 0.18   1   1   0   0   1   1   2   4   3
  1   2   6   0   0   2 0.29 0.07 0.22 0.18   1   0   0   1   1   2   1   4   3
  1   2   4  -4   1   2 0.25 0.07 0.25 0.14   0   0   0   0   2   2   4   1   3
  1   2   3   4   1   1 0.20 0.06 0.29 0.11   0   0   0   0   2   3   1   4   2
  1   2   5  -2   1   1 0.23 0.09 0.32 0.14   0   0   0   0   2   1   4   3   2
  1   2   3   3   1   1 0.23 0.09 0.32 0.14   0   0   0   0   2   4   2   1   3
  1   2   6   3   1   2 0.25 0.10 0.25 0.14   0   0   0   0   2   4   3   1   2
  1   2   1   0   1   1 0.26 0.12 0.35 0.17   0   0   0   0   2   1   3   4   2
  1   2   2   1   1   2 0.28 0.10 0.28 0.17   0   0   0   0   2   1   2   4   3
  1   2   4  -3   1   2 0.28 0.13 0.28 0.17   0   0   0   0   2   4   3   2   1
  1   2   4  -2   1   2 0.31 0.13 0.31 0.20   0   0   0   0   2   2   3   4   1
  1   2   5   0   1   1 0.26 0.12 0.35 0.17   0   0   0   0   2   4   1   3   2
  1   2   3   2   1   1 0.29 0.15 0.38 0.20   0   0   0   0   2   3   1   4   2
  1   2   2   0   0   2 0.31 0.16 0.31 0.20   0   0   1   1   2   2   4   1   3
  1   2   1  -1   1   1 0.29 0.15 0.38 0.20   0   0   0   0   2   1   4   2   3
  1   2   1   0   0   1 0.32 0.18 0.41 0.23   0   0   1   1   2   4   3   2   1
  1   2   5  -2   1   1 0.32 0.18 0.37 0.19   0   0   0   0   2   4   2   3   1
  1   2   2   0   0   2 0.34 0.16 0.27 0.16   0   1   1   1   2   3   1   4   2
  1   2   4  -3   1   2 0.34 0.12 0.23 0.12   0   0   0   0   2   4   2   1   3
  1   2   2  -1   1   2 0.37 0.12 0.23 0.12   0   0   0   0   2   2   1   3   4
  1   2   1  -2   1   1 0.35 0.21 0.37 0.19   0   0   0   0   2   2   1   3   4
  1   2   3   0   0   1 0.35 0.21 0.40 0.22   0   0   1   1   2   4   2   1   3
  1   2   1   0   0   1 0.38 0.24 0.36 0.18   1   1   0   0   2   2   1   3   4
  1   2   2  -1   1   2 0.37 0.15 0.26 0.15   0   0   0   0   2   3   4   1   2
  1   2   6   0   0   2 0.40 0.15 0.26 0.15   1   0   1   1   2   2   3   4   1
  1   2   2   0   0   2 0.36 0.18 0.22 0.11   1   1   0   0   3   3   1   2   4
  1   2   1   0   0   1 0.34 0.20 0.36 0.18   0   1   1   1   3   3   1   4   2
  1   2   2   0   1   2 0.32 0.14 0.22 0.11   0   0   0   0   3   1   2   3   4
  1   2   3   3   1   1 0.34 0.16 0.32 0.14   0   0   0   0   3   2   3   4   1
  1   2   1   0   0   1 0.37 0.16 0.32 0.14   1   1   0   0   3   1   2   4   3
  1   2   6   0   0   2 0.32 0.14 0.25 0.14   1   1   0   1   3   3   4   2   1
  1   2   2   0   0   2 0.28 0.10 0.25 0.10   1   0   0   0   4   1   2   3   4
  1   2   1   0   0   1 0.33 0.12 0.35 0.17   1   0   0   0   4   1   2   3   4
  1   2   1   0   0   1 0.29 0.12 0.35 0.17   1   0   1   1   4   4   1   3   2
  1   2   6   4   1   2 0.24 0.10 0.28 0.10   0   0   0   0   4   1   4   2   3
  1   2   2   0   1   2 0.24 0.13 0.28 0.13   0   0   0   0   5   4   2   1   3
  1   2   1   0   0   1 0.25 0.15 0.31 0.13   0   0   1   1   5   1   4   3   2
  1   2   1   0   1   1 0.25 0.15 0.27 0.09   0   0   0   0   5   3   1   2   4
  1   2   1   0   0   1 0.28 0.18 0.27 0.09   0   0   1   1   6   4   3   2   1
  1   2   1  -1   1   1 0.28 0.18 0.23 0.05   0   0   0   0   7   2   3   1   4
