  1   2   2   0   0   2 0.40 0.40 0.40 0.40   1   1   0   0   1   4   1   2   3
  0   2   6  -7   1   1 0.00 0.00 0.00 0.00   0   0   0   0   1   3   4   1   2
  1   2   4   0   0   2 0.36 0.36 0.40 0.40   1   1   1   0   1   1   4   3   2
  1   2   4   0   0   2 0.32 0.32 0.36 0.43   1   1   0   0   1   2   1   4   3
  0   2   7  -6   1   1 0.00 0.00 0.00 0.00   0   0   0   0   1   2   1   3   4
  1   2   2   0   0   2 0.28 0.28 0.36 0.43   1   1   1   0   1   2   3   1   4
  1   2   6   0   0   2 0.24 0.24 0.32 0.46   0   1   1   0   1   2   3   1   4
  1   2   2   0   0   2 0.24 0.20 0.28 0.46   1   0   1   1   1   4   3   1   2
  1   2   5   0   0   1 0.80 0.80 0.80 0.80   1   1   1   1   1   4   3   2   1
  1   2   6   0   0   2 0.20 0.20 0.24 0.42   0   0   1   1   1   1   4   3   2
  0   2  10   7   1   1 0.00 0.00 0.00 0.00   0   0   0   0   1   1   3   2   4
  1   2   6   0   0   2 0.20 0.23 0.20 0.38   0   0   1   1   1   4   3   2   1
  1   2   1   0   0   1 0.76 0.76 0.76 0.76   1   0   1   0   1   4   3   1   2
  1   2   3   0   0   1 0.72 0.76 0.72 0.76   1   1   1   1   1   1   2   4   3
  1   2   4   0   0   2 0.23 0.23 0.16 0.34   1   1   1   1   1   2   4   3   1
  0   2   4   6   1   1 0.00 0.00 0.00 0.00   0   0   0   0   1   4   2   3   1
  0   2   3  -5   1   1 0.00 0.00 0.00 0.00   0   0   0   0   1   3   1   4   2
  1   2   5   0   0   1 0.68 0.72 0.68 0.72   1   1   1   1   1   2   3   4   1
  1   2   1   0   0   1 0.64 0.68 0.64 0.68   1   1   1   0   1   2   3   4   1
  1   2   3   0   0   1 0.60 0.64 0.60 0.68   1   1   1   0   1   2   1   3   4
  0   2   2  -4   1   1 0.00 0.00 0.00 0.00   0   0   0   0   1   3   1   2   4
  0   2   1  -8   1   1 0.00 0.00 0.00 0.00   0   0   0   0   1   3   4   2   1
  1   2   4   0   0   2 0.19 0.19 0.12 0.30   0   0   0   1   1   4   2   3   1
  1   2   2   0   0   2 0.19 0.19 0.12 0.26   0   0   1   1   1   3   2   4   1
  0   2   5   8   1   1 0.00 0.00 0.00 0.00   0   0   0   0   1   2   3   1   4
  1   2   5   0   0   1 0.56 0.60 0.56 0.71   1   0   1   0   1   4   1   3   2
  1   2   5   0   0   1 0.52 0.60 0.52 0.71   1   1   1   1   1   4   3   2   1
  1   2   3   0   0   1 0.48 0.56 0.48 0.67   1   1   1   0   1   3   1   2   4
  1   2   6   0   0   2 0.22 0.22 0.08 0.22   1   1   0   0   1   2   4   1   3
  0   2   9   6   1   1 0.00 0.00 0.00 0.00   0   0   0   0   1   1   3   4   2
  1   2   3   0   0   1 0.44 0.52 0.44 0.67   1   1   1   1   1   2   4   1   3
  1   2   2  -4   1   2 0.18 0.18 0.08 0.22   0   0   0   0   1   1   3   4   2
  1   2   5   0   0   1 0.40 0.48 0.40 0.63   1   1   1   1   1   2   4   3   1
  1   2   5   0   0   1 0.36 0.44 0.36 0.59   1   0   0   1   1   4   1   3   2
  1   2   4   0   0   2 0.18 0.18 0.11 0.25   1   1   0   0   1   3   1   2   4
  1   2   2   0   0   2 0.14 0.14 0.11 0.25   0   0   0   1   1   3   2   4   1
  1   2   1   0   0   1 0.32 0.44 0.36 0.55   1   1   0   0   1   1   2   4   3
  1   2   3   0   0   1 0.28 0.40 0.39 0.55   1   1   1   0   1   2   3   1   4
  1   2   3   0   0   1 0.24 0.36 0.35 0.58   1   1   0   0   1   3   1   4   2
  1   2   1   0   1   1 0.20 0.32 0.35 0.58   0   0   0   0   1   4   2   3   1
  1   2   6   0   0   2 0.14 0.14 0.14 0.21   1   1   0   0   1   1   2   3   4
  1   2   1   0   0   1 0.20 0.32 0.38 0.61   1   0   0   1   1   4   1   2   3
  1   2   6   0   0   2 0.10 0.10 0.14 0.21   0   0   0   1   1   4   3   2   1
  1   2   4  -9   1   2 0.10 0.10 0.17 0.17   0   0   0   0   1   3   2   1   4
  1   2   1   0   0   1 0.16 0.35 0.38 0.57   1   1   1   0   1   2   3   1   4
  0   2   8  -6   1   1 0.00 0.00 0.00 0.00   0   0   0   0   1   4   3   1   2
  1   2   2  -5   1   2 0.13 0.13 0.17 0.17   0   0   0   0   2   1   3   4   2
  1   2   4  -8   1   2 0.13 0.13 0.20 0.20   0   0   0   0   2   1   2   4   3
  1   2   4  -8   1   2 0.16 0.16 0.20 0.20   0   0   0   0   2   4   2   3   1
  1   2   2  -4   1   2 0.16 0.16 0.23 0.23   0   0   0   0   2   2   4   1   3
  1   2   6   3   1   2 0.19 0.19 0.23 0.23   0   0   0   0   2   3   2   1   4
  1   2   2  -3   1   2 0.19 0.19 0.26 0.26   0   0   0   0   2   1   2   4   3
  1   2   5   0   0   1 0.12 0.31 0.34 0.57   1   1   1   0   2   2   1   3   4
  1   2   6   0   0   2 0.22 0.22 0.26 0.26   1   0   1   0   2   3   2   4   1
  1   2   6   0   0   2 0.18 0.22 0.22 0.29   1   1   1   1   2   3   4   2   1
  1   2   1   0   0   1 0.08 0.27 0.30 0.60   0   1   1   1   2   3   1   2   4
  1   2   3   0   0   1 0.08 0.23 0.26 0.56   0   1   1   1   2   4   2   1   3
  1   2   4   0   0   2 0.14 0.18 0.18 0.25   0   0   1   1   2   2   4   3   1
  1   2   5   0   0   1 0.11 0.19 0.22 0.52   0   0   1   1   2   1   3   4   2
  1   2   1   0   0   1 0.11 0.19 0.18 0.48   0   0   1   1   2   3   2   4   1
  1   2   3   0   0   1 0.14 0.22 0.14 0.44   0   0   0   1   2   1   3   4   2
  1   2   4   0   0   2 0.14 0.18 0.14 0.21   1   1   0   0   2   4   1   2   3
  1   2   2  -4   1   2 0.10 0.14 0.14 0.21   0   0   0   0   2   3   2   4   1
  1   2   5  -4   1   1 0.14 0.22 0.14 0.40   0   0   0   0   2   4   2   3   1
  1   2   5  -4   1   1 0.17 0.25 0.17 0.40   0   0   0   0   2   1   4   2   3
  1   2   3   5   1   1 0.17 0.25 0.17 0.43   0   0   0   0   2   4   1   2   3
  1   2   6   4   1   2 0.10 0.14 0.17 0.24   0   0   0   0   2   4   2   1   3
  1   2   3   0   0   1 0.20 0.28 0.20 0.43   1   0   1   0   2   2   4   1   3
  1   2   5   0   0   1 0.16 0.28 0.16 0.46   1   1   0   0   2   1   4   2   3
  1   2   5   0   0   1 0.12 0.24 0.16 0.46   0   0   0   1   2   4   3   1   2
  1   2   4  -8   1   2 0.13 0.17 0.17 0.24   0   0   0   0   2   2   1   4   3
  1   2   2  -4   1   2 0.13 0.17 0.20 0.27   0   0   0   0   2   3   1   4   2
  1   2   1  -4   1   1 0.12 0.24 0.19 0.42   0   0   0   0   2   4   3   1   2
  1   2   3   7   1   1 0.15 0.27 0.19 0.42   0   0   0   0   2   3   4   1   2
  1   2   3   7   1   1 0.15 0.27 0.22 0.45   0   0   0   0   2   3   2   1   4
  1   2   6   5   1   2 0.16 0.20 0.20 0.27   0   0   0   0   2   3   2   4   1
  1   2   1   0   0   1 0.18 0.30 0.22 0.45   1   1   0   0   2   2   3   1   4
  1   2   6   5   1   2 0.16 0.20 0.23 0.30   0   0   0   0   2   2   4   1   3
  1   2   1   0   0   1 0.14 0.26 0.25 0.48   0   1   1   1   2   4   1   2   3
  1   2   5   0   0   1 0.14 0.22 0.21 0.44   1   1   0   0   3   2   4   3   1
  1   2   6   0   0   2 0.19 0.23 0.23 0.30   0   1   1   1   3   2   4   3   1
  1   2   6   7   1   2 0.19 0.19 0.19 0.26   0   0   0   0   3   1   3   4   2
  1   2   1  -5   1   1 0.10 0.18 0.21 0.44   0   0   0   0   3   4   2   1   3
  1   2   3   8   1   1 0.10 0.18 0.24 0.47   0   0   0   0   3   1   3   4   2
  1   2   4  -8   1   2 0.22 0.19 0.19 0.26   0   0   0   0   3   4   1   3   2
  1   2   5  -6   1   1 0.13 0.21 0.24 0.47   0   0   0   0   3   3   2   1   4
  1   2   1   0   0   1 0.13 0.21 0.27 0.50   0   0   1   0   3   2   4   3   1
  1   2   3   6   1   1 0.16 0.24 0.23 0.50   0   0   0   0   3   1   4   3   2
  1   2   4  -9   1   2 0.22 0.22 0.22 0.29   0   0   0   0   3   2   1   4   3
  1   2   3   0   0   1 0.16 0.24 0.23 0.53   0   1   0   1   3   4   2   1   3
  1   2   5   0   0   1 0.19 0.20 0.26 0.49   0   1   1   0   3   4   1   2   3
  1   2   5   0   0   1 0.19 0.16 0.22 0.49   0   0   1   1   3   4   3   2   1
  1   2   1  -4   1   1 0.22 0.16 0.18 0.45   0   0   0   0   3   4   2   1   3
  1   2   1  -4   1   1 0.22 0.19 0.18 0.45   0   0   0   0   3   4   1   3   2
  1   2   5  -5   1   1 0.25 0.19 0.21 0.48   0   0   0   0   4   4   3   1   2
  1   2   6   5   1   2 0.25 0.22 0.22 0.29   0   0   0   0   4   4   3   2   1
  1   2   1  -2   1   1 0.25 0.22 0.21 0.48   0   0   0   0   4   1   4   3   2
  1   2   3   8   1   1 0.28 0.22 0.24 0.51   0   0   0   0   4   3   2   4   1
  1   2   5   0   0   1 0.28 0.25 0.24 0.51   1   1   0   0   4   2   1   3   4
  1   2   5  -4   1   1 0.24 0.21 0.27 0.54   0   0   0   0   4   1   3   2   4
  1   2   5   0   0   1 0.24 0.21 0.27 0.54   1   1   1   0   5   3   1   2   4
  1   2   5  -4   1   1 0.20 0.17 0.23 0.57   0   0   0   0   6   3   4   1   2
  1   5   1  -5   1   1 0.20 0.17 0.23 0.57   0   0   0   0   1   3   4   1   2
  1   5   2  -3   1   2 0.25 0.25 0.25 0.32   0   0   0   0   1   4   1   3   2
  0   5  10   7   1   1 0.00 0.00 0.00 0.00   0   0   0   0   1   1   3   4   2
  1   5   6   0   0   2 0.28 0.25 0.25 0.32   1   1   0   0   1   2   3   1   4
  1   5   1  -1   1   1 0.23 0.20 0.26 0.60   0   0   0   0   1   4   3   1   2
  1   5   2  -1   1   2 0.24 0.21 0.28 0.35   0   0   0   0   1   1   2   4   3
  0   5   3  -1   1   1 0.00 0.00 0.00 0.00   0   0   0   0   1   1   4   3   2
  1   5   3   4   1   1 0.23 0.20 0.26 0.60   0   0   0   0   1   2   4   3   1
  1   5   1  -2   1   1 0.26 0.23 0.29 0.63   0   0   0   0   1   3   4   1   2
  1   5   6   0   0   2 0.24 0.21 0.28 0.35   1   0   1   0   1   1   4   2   3
  1   5   2   0   0   2 0.20 0.24 0.24 0.38   0   1   0   1   1   1   4   3   2
  0   5   7  -8   1   1 0.00 0.00 0.00 0.00   0   0   0   0   1   2   3   4   1
  1   5   6   3   1   2 0.20 0.20 0.24 0.34   0   0   0   0   1   1   2   4   3
  0   5   5  10   1   1 0.00 0.00 0.00 0.00   0   0   0   0   1   3   1   4   2
  1   5   2   0   0   2 0.23 0.20 0.27 0.34   0   0   1   1   1   4   3   2   1
  1   5   5   0   0   1 0.26 0.23 0.29 0.63   1   1   0   0   1   1   3   2   4
  0   5   9   5   1   1 0.00 0.00 0.00 0.00   0   0   0   0   1   4   2   3   1
  1   5   5   0   0   1 0.22 0.19 0.32 0.66   0   1   1   1   1   4   2   3   1
  1   5   5  -3   1   1 0.22 0.15 0.28 0.62   0   0   0   0   1   1   3   2   4
  1   5   3   6   1   1 0.25 0.15 0.28 0.62   0   0   0   0   1   1   4   3   2
  1   5   2   0   1   2 0.23 0.23 0.23 0.30   0   0   0   0   1   4   1   3   2
  1   5   4  -8   1   2 0.26 0.23 0.23 0.30   0   0   0   0   1   1   2   4   3
  1   5   4  -9   1   2 0.26 0.26 0.26 0.33   0   0   0   0   1   2   4   3   1
  1   5   1   0   0   1 0.25 0.18 0.31 0.65   1   1   1   0   1   4   3   1   2
  0   5   4   6   1   1 0.00 0.00 0.00 0.00   0   0   0   0   1   4   3   2   1
  1   5   5   0   0   1 0.21 0.14 0.27 0.65   0   0   1   1   1   2   3   1   4
  0   5   2  -5   1   1 0.00 0.00 0.00 0.00   0   0   0   0   1   1   3   2   4
  1   5   3   5   1   1 0.21 0.14 0.23 0.61   0   0   0   0   1   3   4   2   1
  1   5   4  -7   1   2 0.29 0.26 0.26 0.33   0   0   0   0   1   2   1   3   4
  1   5   4  -9   1   2 0.29 0.29 0.29 0.36   0   0   0   0   1   3   4   2   1
  0   5   1  -9   1   1 0.00 0.00 0.00 0.00   0   0   0   0   1   1   3   2   4
  1   5   4  -7   1   2 0.32 0.29 0.29 0.36   0   0   0   0   1   4   1   3   2
  1   5   6   0   0   2 0.32 0.32 0.32 0.39   1   0   1   0   1   1   2   4   3
  0   5   6 -10   1   1 0.00 0.00 0.00 0.00   0   0   0   0   1   4   1   3   2
  1   5   5   0   0   1 0.24 0.17 0.23 0.61   1   0   1   1   1   4   3   2   1
  0   5   8  -4   1   1 0.00 0.00 0.00 0.00   0   0   0   0   1   3   2   1   4
  1   5   3   0   0   1 0.20 0.17 0.19 0.57   0   0   0   1   1   2   1   4   3
  1   5   6   0   0   2 0.28 0.32 0.28 0.39   1   1   1   1   1   4   3   2   1
  1   5   2   0   0   2 0.24 0.28 0.24 0.35   1   0   0   1   1   4   1   2   3
  1   5   3   0   0   1 0.20 0.20 0.19 0.53   1   0   0   1   1   4   1   2   3
  1   5   3   8   1   1 0.16 0.20 0.22 0.49   0   0   0   0   1   3   1   4   2
  1   5   4   0   0   2 0.20 0.28 0.24 0.31   1   0   1   1   1   2   1   3   4
  1   5   1  -2   1   1 0.16 0.23 0.22 0.49   0   0   0   0   1   3   2   4   1
  1   5   5  -1   1   1 0.19 0.23 0.25 0.52   0   0   0   0   1   1   3   4   2
  1   5   1   0   0   1 0.19 0.26 0.25 0.52   0   1   1   1   1   1   4   2   3
  1   5   6   0   0   2 0.16 0.31 0.20 0.27   1   1   0   0   1   4   2   3   1
  1   5   6   7   1   2 0.12 0.27 0.20 0.27   0   0   0   0   2   1   4   2   3
  1   5   6   0   0   2 0.12 0.27 0.23 0.30   0   0   1   0   2   2   4   1   3
  1   5   2   0   0   2 0.15 0.30 0.19 0.30   0   0   0   1   2   1   2   4   3
  1   5   2  -1   1   2 0.15 0.30 0.19 0.26   0   0   0   0   2   4   2   3   1
  1   5   5   0   0   1 0.22 0.22 0.21 0.48   1   0   1   1   2   4   1   2   3
  1   5   5  -3   1   1 0.18 0.22 0.17 0.44   0   0   0   0   2   3   1   4   2
  1   5   1   0   0   1 0.18 0.25 0.17 0.44   0   0   0   1   2   3   2   1   4
  1   5   5  -4   1   1 0.21 0.25 0.20 0.40   0   0   0   0   2   1   3   2   4
  1   5   6   3   1   2 0.18 0.33 0.22 0.26   0   0   0   0   2   4   2   3   1
  1   5   5  -1   1   1 0.21 0.28 0.20 0.40   0   0   0   0   2   1   4   3   2
  1   5   3   8   1   1 0.24 0.28 0.23 0.43   0   0   0   0   2   1   2   3   4
  1   5   6   9   1   2 0.18 0.33 0.22 0.29   0   0   0   0   2   1   2   3   4
  1   5   2  -1   1   2 0.21 0.36 0.25 0.29   0   0   0   0   2   4   1   2   3
  1   5   3   0   0   1 0.24 0.31 0.23 0.43   0   0   1   1   2   1   2   3   4
  1   5   4  -5   1   2 0.21 0.36 0.25 0.32   0   0   0   0   2   1   3   2   4
  1   5   1  -2   1   1 0.27 0.31 0.19 0.39   0   0   0   0   2   1   2   3   4
  1   5   6   3   1   2 0.24 0.39 0.28 0.32   0   0   0   0   2   3   1   2   4
  1   5   6   4   1   2 0.24 0.39 0.28 0.35   0   0   0   0   3   4   2   1   3
  1   5   2  -1   1   2 0.27 0.42 0.31 0.35   0   0   0   0   3   4   2   1   3
  1   5   5  -3   1   1 0.27 0.34 0.19 0.39   0   0   0   0   3   3   2   4   1
  1   5   1   0   0   1 0.30 0.34 0.22 0.42   0   1   0   0   3   3   2   1   4
  1   5   3   8   1   1 0.30 0.30 0.22 0.42   0   0   0   0   3   3   1   4   2
  1   5   1   0   0   1 0.33 0.30 0.25 0.45   1   0   1   0   4   2   4   1   3
  1   5   1   0   0   1 0.29 0.33 0.21 0.45   0   1   0   1   5   1   4   2   3
  1   5   1   0   0   1 0.29 0.29 0.21 0.41   1   0   0   0   6   2   4   1   3
  1   5   1  -6   1   1 0.25 0.29 0.24 0.41   0   0   0   0   7   2   4   3   1
  0   1   5   9   1   1 0.00 0.00 0.00 0.00   0   0   0   0   1   3   2   4   1
  0   1   8  -2   1   1 0.00 0.00 0.00 0.00   0   0   0   0   1   2   1   3   4
  1   1   5   0   0   1 0.25 0.32 0.24 0.44   1   1   1   0   1   3   1   4   2
  1   1   1   0   0   1 0.21 0.28 0.20 0.44   1   1   0   0   1   1   3   2   4
  1   1   6   0   0   2 0.27 0.42 0.31 0.38   1   1   1   1   1   4   1   3   2
  1   1   2   0   0   2 0.23 0.38 0.27 0.34   1   1   0   0   1   3   1   4   2
  1   1   2   0   0   2 0.19 0.34 0.27 0.34   0   1   1   0   1   1   2   4   3
  1   1   1   0   0   1 0.17 0.24 0.20 0.47   1   1   0   1   1   4   3   2   1
  1   1   3   0   0   1 0.13 0.20 0.23 0.43   0   0   1   1   1   3   1   2   4
  0   1   9   3   1   1 0.00 0.00 0.00 0.00   0   0   0   0   1   4   2   1   3
  1   1   5  -3   1   1 0.13 0.20 0.19 0.39   0   0   0   0   1   3   1   4   2
  1   1   2   0   0   2 0.19 0.30 0.23 0.37   1   1   0   0   1   3   4   1   2
  1   1   4   0   0   2 0.15 0.26 0.23 0.37   1   1   1   1   1   3   2   4   1
  1   1   3   0   0   1 0.16 0.23 0.19 0.39   1   1   1   0   1   2   4   1   3
  1   1   1   0   0   1 0.12 0.19 0.15 0.42   0   0   0   1   1   2   4   1   3
  0   1   7  -5   1   1 0.00 0.00 0.00 0.00   0   0   0   0   1   2   3   4   1
  0   1   2  -4   1   1 0.00 0.00 0.00 0.00   0   0   0   0   1   4   1   2   3
  1   1   6   0   0   2 0.11 0.22 0.19 0.33   0   0   1   1   1   1   4   2   3
  1   1   3  10   1   1 0.12 0.19 0.15 0.38   0   0   0   0   1   1   2   3   4
  1   1   2   0   0   2 0.11 0.22 0.15 0.29   0   1   0   1   1   2   4   3   1
  1   1   1   0   0   1 0.15 0.22 0.18 0.38   1   1   1   1   1   1   2   4   3
  1   1   1   0   0   1 0.11 0.18 0.14 0.34   0   0   0   1   1   4   3   2   1
  1   1   6   8   1   2 0.14 0.18 0.15 0.25   0   0   0   0   1   4   2   1   3
  1   1   3   0   0   1 0.11 0.18 0.14 0.30   0   0   1   1   1   2   4   3   1
  1   1   6   8   1   2 0.14 0.18 0.18 0.25   0   0   0   0   1   4   2   3   1
  1   1   3   0   0   1 0.14 0.21 0.10 0.26   0   0   1   1   1   1   3   2   4
  1   1   2  -2   1   2 0.17 0.21 0.18 0.28   0   0   0   0   1   3   4   2   1
  0   1  10   9   1   1 0.00 0.00 0.00 0.00   0   0   0   0   1   3   2   1   4
  0   1   1  -6   1   1 0.00 0.00 0.00 0.00   0   0   0   0   1   2   4   3   1
  1   1   4   0   0   2 0.17 0.21 0.21 0.28   0   0   1   1   1   3   2   1   4
  0   1   6  -9   1   1 0.00 0.00 0.00 0.00   0   0   0   0   1   4   2   1   3
  1   1   6   0   0   2 0.20 0.24 0.17 0.24   0   1   0   1   1   2   4   3   1
  1   1   4  -8   1   2 0.20 0.20 0.17 0.20   0   0   0   0   1   3   4   1   2
  1   1   4  -8   1   2 0.23 0.20 0.20 0.20   0   0   0   0   1   4   2   1   3
  1   1   1   0   0   1 0.14 0.21 0.06 0.22   0   1   0   0   1   1   3   4   2
  1   1   5  -4   1   1 0.17 0.17 0.06 0.22   0   0   0   0   1   2   3   1   4
  1   1   2  -1   1   2 0.23 0.23 0.20 0.23   0   0   0   0   1   3   4   1   2
  1   1   4   0   0   2 0.26 0.23 0.23 0.23   0   1   1   1   1   3   2   4   1
  1   1   3   0   0   1 0.17 0.17 0.09 0.25   0   0   0   1   1   4   3   2   1
  0   1   4   9   1   1 0.00 0.00 0.00 0.00   0   0   0   0   1   4   2   1   3
  0   1   3  -2   1   1 0.00 0.00 0.00 0.00   0   0   0   0   1   4   2   3   1
  1   1   5   0   0   1 0.20 0.20 0.09 0.21   0   1   0   1   1   2   3   1   4
  1   1   5  -3   1   1 0.20 0.16 0.12 0.17   0   0   0   0   1   3   4   2   1
  1   1   6   0   0   2 0.26 0.19 0.19 0.19   1   1   0   1   1   3   2   1   4
  1   1   4   0   0   2 0.22 0.15 0.19 0.15   0   0   1   1   1   1   2   4   3
  1   1   5  -3   1   1 0.23 0.16 0.12 0.17   0   0   0   0   1   2   1   4   3
  1   1   5  -2   1   1 0.23 0.19 0.15 0.20   0   0   0   0   2   3   1   2   4
  1   1   1   0   0   1 0.26 0.19 0.15 0.20   1   1   1   1   2   1   2   3   4
  1   1   6   0   0   2 0.22 0.15 0.15 0.11   1   0   1   0   2   3   2   4   1
  1   1   2  -1   1   2 0.18 0.18 0.11 0.11   0   0   0   0   2   1   3   2   4
  1   1   2   0   1   2 0.18 0.18 0.11 0.14   0   0   0   0   2   2   4   1   3
  1   1   1   0   1   1 0.22 0.15 0.11 0.16   0   0   0   0   2   1   4   3   2
  1   1   3   8   1   1 0.22 0.15 0.11 0.16   0   0   0   0   2   1   2   4   3
  1   1   2  -3   1   2 0.21 0.21 0.14 0.14   0   0   0   0   2   1   3   2   4
  1   1   4   0   0   2 0.21 0.21 0.14 0.17   0   0   1   1   2   2   1   4   3
  1   1   3   0   0   1 0.25 0.18 0.14 0.19   1   1   1   0   2   1   3   2   4
  1   1   1   0   0   1 0.21 0.14 0.10 0.19   0   0   0   1   2   4   3   2   1
  1   1   6   0   0   2 0.24 0.24 0.10 0.13   0   1   0   0   2   3   1   4   2
  1   1   2  -2   1   2 0.24 0.20 0.10 0.13   0   0   0   0   2   3   2   4   1
  1   1   1  -6   1   1 0.21 0.14 0.10 0.15   0   0   0   0   2   3   1   4   2
  1   1   1  -4   1   1 0.24 0.17 0.13 0.15   0   0   0   0   2   3   2   1   4
  1   1   3   0   0   1 0.24 0.17 0.13 0.18   1   0   0   0   2   3   1   2   4
  1   1   3   0   0   1 0.20 0.20 0.16 0.18   0   1   0   1   2   4   2   3   1
  1   1   4   0   0   2 0.27 0.20 0.13 0.16   1   1   0   0   2   4   3   2   1
  1   1   6   0   0   2 0.23 0.16 0.13 0.16   1   0   0   1   2   4   1   2   3
  1   1   1  -1   1   1 0.20 0.16 0.16 0.14   0   0   0   0   2   4   3   1   2
  1   1   4  -4   1   2 0.19 0.16 0.16 0.12   0   0   0   0   2   2   1   4   3
  1   1   3   6   1   1 0.23 0.16 0.19 0.14   0   0   0   0   2   2   4   3   1
  1   1   5  -2   1   1 0.23 0.19 0.19 0.17   0   0   0   0   2   4   3   2   1
  1   1   6   2   1   2 0.19 0.19 0.16 0.12   0   0   0   0   2   4   1   2   3
  1   1   4   0   0   2 0.22 0.19 0.19 0.15   1   1   0   0   2   2   4   3   1
  1   1   1   0   0   1 0.26 0.19 0.22 0.17   0   0   1   1   3   2   4   1   3
  1   1   6   0   0   2 0.18 0.15 0.19 0.15   0   0   0   1   3   1   4   2   3
  1   1   4  -7   1   2 0.18 0.15 0.22 0.11   0   0   0   0   3   2   1   3   4
  1   1   3   0   0   1 0.26 0.22 0.18 0.13   1   0   0   0   3   4   1   3   2
  1   1   1   0   0   1 0.22 0.22 0.18 0.13   1   1   0   0   3   3   2   1   4
  1   1   6   9   1   2 0.21 0.18 0.22 0.11   0   0   0   0   3   2   1   4   3
  1   1   3   6   1   1 0.18 0.18 0.21 0.16   0   0   0   0   3   3   4   1   2
  1   1   3   0   0   1 0.18 0.18 0.21 0.16   0   0   1   1   3   4   1   2   3
  1   1   4   0   0   2 0.21 0.18 0.25 0.14   1   1   0   0   3   2   3   1   4
  1   1   6   5   1   2 0.17 0.14 0.25 0.14   0   0   0   0   3   2   4   1   3
  1   1   4   0   0   2 0.17 0.14 0.28 0.17   0   0   1   0   3   1   4   3   2
  1   1   1   0   1   1 0.21 0.21 0.17 0.12   0   0   0   0   4   4   2   1   3
  1   1   6   3   1   2 0.20 0.17 0.24 0.17   0   0   0   0   4   2   1   4   3
  1   1   3   7   1   1 0.21 0.21 0.17 0.12   0   0   0   0   4   4   3   1   2
  1   1   1   0   0   1 0.24 0.24 0.20 0.15   1   1   0   0   4   3   2   4   1
  1   1   3   7   1   1 0.20 0.20 0.20 0.15   0   0   0   0   4   2   3   4   1
  1   1   4 -10   1   2 0.20 0.17 0.24 0.20   0   0   0   0   4   1   2   4   3
  1   1   4   0   0   2 0.23 0.20 0.27 0.20   1   0   1   1   4   4   1   2   3
  1   1   1  -1   1   1 0.20 0.20 0.23 0.18   0   0   0   0   5   2   4   3   1
  1   1   4   0   0   2 0.19 0.20 0.23 0.16   1   1   1   0   5   1   2   4   3
  1   1   4  -4   1   2 0.15 0.16 0.19 0.16   0   0   0   0   6   2   3   1   4
  1   4   6   3   1   2 0.15 0.16 0.19 0.19   0   0   0   0   1   1   2   4   3
  1   4   3   4   1   1 0.23 0.23 0.23 0.18   0   0   0   0   1   3   1   4   2
  1   4   3   4   1   1 0.23 0.23 0.26 0.21   0   0   0   0   1   1   3   4   2
  1   4   5   0   0   1 0.26 0.26 0.26 0.21   1   0   1   1   1   3   2   1   4
  0   4   1  -6   1   1 0.00 0.00 0.00 0.00   0   0   0   0   1   4   2   3   1
  0   4   3   0   1   1 0.00 0.00 0.00 0.00   0   0   0   0   1   4   3   2   1
  1   4   5  -1   1   1 0.22 0.26 0.22 0.17   0   0   0   0   1   1   2   3   4
  1   4   5  -2   1   1 0.22 0.29 0.22 0.17   0   0   0   0   1   2   4   1   3
  1   4   6   0   0   2 0.18 0.19 0.22 0.19   1   1   0   0   1   1   4   3   2
  1   4   6   6   1   2 0.14 0.15 0.22 0.22   0   0   0   0   1   1   3   4   2
  1   4   6   6   1   2 0.14 0.15 0.25 0.22   0   0   0   0   1   3   4   1   2
  0   4   5   8   1   1 0.00 0.00 0.00 0.00   0   0   0   0   1   2   4   1   3
  1   4   1  -3   1   1 0.25 0.29 0.25 0.20   0   0   0   0   1   2   3   1   4
  1   4   4   0   0   2 0.17 0.18 0.25 0.25   0   0   1   1   1   4   3   1   2
  1   4   3   7   1   1 0.25 0.32 0.25 0.20   0   0   0   0   1   1   2   3   4
  1   4   3   7   1   1 0.28 0.32 0.28 0.23   0   0   0   0   1   1   3   4   2
  1   4   4  -8   1   2 0.17 0.18 0.21 0.21   0   0   0   0   1   4   3   2   1
  1   4   6   7   1   2 0.20 0.21 0.21 0.21   0   0   0   0   1   1   2   3   4
  0   4   7  -8   1   1 0.00 0.00 0.00 0.00   0   0   0   0   1   2   3   1   4
  1   4   6   0   0   2 0.20 0.21 0.24 0.24   1   1   0   0   1   3   1   4   2
  0   4   2  -3   1   1 0.00 0.00 0.00 0.00   0   0   0   0   1   3   1   4   2
  0   4   6 -10   1   1 0.00 0.00 0.00 0.00   0   0   0   0   1   4   2   3   1
  1   4   2   0   0   2 0.16 0.17 0.24 0.24   1   0   1   1   1   4   2   3   1
  1   4   4   0   0   2 0.12 0.17 0.20 0.20   0   0   0   1   1   4   2   3   1
  1   4   1   0   0   1 0.28 0.35 0.28 0.23   0   0   1   0   1   4   3   1   2
  1   4   5  -4   1   1 0.31 0.35 0.24 0.26   0   0   0   0   1   3   4   1   2
  1   4   4  -8   1   2 0.12 0.20 0.20 0.16   0   0   0   0   1   3   1   4   2
  1   4   2   0   0   2 0.15 0.20 0.23 0.16   0   0   1   0   1   1   4   3   2
  1   4   2  -1   1   2 0.15 0.23 0.19 0.19   0   0   0   0   1   1   3   2   4
  1   4   3   6   1   1 0.31 0.38 0.24 0.26   0   0   0   0   1   3   1   2   4
  1   4   2   0   0   2 0.18 0.23 0.19 0.19   1   0   1   0   1   2   1   4   3
  0   4  10   9   1   1 0.00 0.00 0.00 0.00   0   0   0   0   1   3   4   1   2
  1   4   3   8   1   1 0.34 0.38 0.27 0.29   0   0   0   0   1   4   3   1   2
  1   4   1   0   0   1 0.34 0.41 0.27 0.29   1   1   0   1   1   2   1   3   4
  1   4   5   0   0   1 0.30 0.37 0.30 0.25   1   0   1   0   1   1   2   3   4
  1   4   1   0   0   1 0.26 0.37 0.26 0.25   1   0   1   0   1   1   3   2   4
  1   4   1   0   0   1 0.22 0.40 0.22 0.28   1   1   1   0   1   1   4   2   3
  0   4   9   4   1   1 0.00 0.00 0.00 0.00   0   0   0   0   1   4   2   3   1
  1   4   2   0   0   2 0.14 0.26 0.15 0.22   0   0   0   1   1   4   3   2   1
  1   4   4  -8   1   2 0.14 0.26 0.15 0.18   0   0   0   0   1   1   4   2   3
  1   4   4   0   0   2 0.17 0.29 0.18 0.18   0   0   1   0   1   4   1   2   3
  1   4   2  -1   1   2 0.17 0.29 0.14 0.21   0   0   0   0   1   3   2   4   1
  1   4   5  -3   1   1 0.18 0.36 0.18 0.28   0   0   0   0   1   2   3   1   4
  0   4   4   7   1   1 0.00 0.00 0.00 0.00   0   0   0   0   1   4   3   2   1
  0   4   8  -3   1   1 0.00 0.00 0.00 0.00   0   0   0   0   1   3   2   4   1
  1   4   1   0   0   1 0.18 0.36 0.18 0.31   0   0   0   1   1   4   2   3   1
  1   4   5   0   0   1 0.21 0.39 0.21 0.27   0   0   0   1   2   4   3   2   1
  1   4   6   0   0   2 0.20 0.32 0.14 0.21   0   1   0   0   2   2   4   1   3
  1   4   4  -9   1   2 0.20 0.28 0.17 0.24   0   0   0   0   2   1   4   3   2
  1   4   6   0   0   2 0.23 0.28 0.17 0.24   1   1   0   0   2   3   4   2   1
  1   4   2  -1   1   2 0.19 0.24 0.20 0.27   0   0   0   0   2   3   1   4   2
  1   4   4  -9   1   2 0.19 0.24 0.20 0.27   0   0   0   0   2   1   3   2   4
  1   4   1   0   0   1 0.21 0.39 0.21 0.23   0   1   1   1   2   3   4   2   1
  1   4   2   0   0   2 0.22 0.27 0.23 0.30   1   0   1   1   2   1   3   4   2
  1   4   2  -2   1   2 0.18 0.27 0.19 0.26   0   0   0   0   2   3   4   2   1
  1   4   1  -3   1   1 0.24 0.35 0.17 0.19   0   0   0   0   2   2   3   1   4
  1   4   5   0   0   1 0.24 0.35 0.17 0.19   1   1   0   0   2   1   3   2   4
  1   4   1   0   0   1 0.20 0.31 0.20 0.22   0   1   0   0   2   2   3   4   1
  1   4   1   0   0   1 0.20 0.27 0.20 0.22   0   1   0   1   2   4   1   3   2
  1   4   2  -2   1   2 0.18 0.30 0.19 0.26   0   0   0   0   2   3   2   1   4
  1   4   4   0   0   2 0.21 0.30 0.22 0.29   1   0   1   0   2   3   2   4   1
  1   4   1  -3   1   1 0.23 0.23 0.23 0.18   0   0   0   0   2   1   4   3   2
  1   4   5  -4   1   1 0.23 0.23 0.23 0.18   0   0   0   0   3   3   2   1   4
  1   4   6   4   1   2 0.17 0.33 0.18 0.29   0   0   0   0   3   4   3   1   2
  1   4   6   4   1   2 0.17 0.33 0.18 0.32   0   0   0   0   3   1   2   3   4
  1   4   1   0   0   1 0.26 0.26 0.26 0.21   0   1   0   0   3   2   1   4   3
  1   4   2  -2   1   2 0.20 0.36 0.21 0.32   0   0   0   0   3   4   2   3   1
  1   4   5   0   0   1 0.26 0.22 0.26 0.21   1   0   0   1   3   4   3   1   2
  1   4   1   0   0   1 0.22 0.22 0.29 0.17   0   0   1   0   3   3   2   4   1
  1   4   1   0   0   1 0.22 0.25 0.25 0.17   1   1   0   0   3   3   1   2   4
  1   4   4   0   0   2 0.20 0.36 0.21 0.35   0   1   1   1   3   3   4   2   1
  1   4   1  -1   1   1 0.18 0.21 0.25 0.20   0   0   0   0   4   4   2   1   3
  1   4   5   0   0   1 0.18 0.21 0.28 0.20   0   0   1   1   4   4   1   3   2
  1   4   1  -4   1   1 0.21 0.24 0.24 0.16   0   0   0   0   4   3   1   4   2
  1   4   1  -2   1   1 0.21 0.24 0.24 0.16   0   0   0   0   4   3   4   1   2
  1   4   4  -7   1   2 0.23 0.32 0.17 0.31   0   0   0   0   4   4   3   1   2
  1   4   5  -3   1   1 0.24 0.27 0.27 0.19   0   0   0   0   5   1   4   3   2
  1   3   4   0   0   2 0.23 0.32 0.17 0.31   1   1   1   1   1   4   2   1   3
  0   3   9   4   1   1 0.00 0.00 0.00 0.00   0   0   0   0   1   4   1   3   2
  1   3   6   5   1   2 0.19 0.28 0.13 0.27   0   0   0   0   1   3   1   2   4
  0   3   3   1   1   1 0.00 0.00 0.00 0.00   0   0   0   0   1   1   4   3   2
  1   3   5   0   0   1 0.24 0.27 0.27 0.19   1   1   0   1   1   2   1   4   3
  1   3   3   6   1   1 0.20 0.23 0.30 0.15   0   0   0   0   1   4   1   3   2
  0   3   4   6   1   1 0.00 0.00 0.00 0.00   0   0   0   0   1   2   4   1   3
  0   3   1  -6   1   1 0.00 0.00 0.00 0.00   0   0   0   0   1   2   3   4   1
  1   3   2   0   0   2 0.19 0.28 0.13 0.27   0   1   0   1   1   3   4   2   1
  1   3   2   0   0   2 0.22 0.24 0.16 0.23   0   0   0   1   1   4   1   3   2
  1   3   3   7   1   1 0.20 0.23 0.30 0.15   0   0   0   0   1   4   2   3   1
  1   3   5   0   0   1 0.23 0.26 0.33 0.18   1   0   1   0   1   4   3   2   1
  1   3   6   7   1   2 0.22 0.24 0.16 0.19   0   0   0   0   1   4   3   2   1
  1   3   1   0   0   1 0.19 0.26 0.29 0.18   1   1   1   0   1   3   1   2   4
  1   3   5   0   0   1 0.15 0.22 0.25 0.21   0   0   1   0   1   3   2   4   1
  1   3   6   0   0   2 0.25 0.27 0.19 0.19   1   1   0   1   1   3   2   4   1
  1   3   2  -2   1   2 0.21 0.23 0.19 0.15   0   0   0   0   1   3   1   2   4
  1   3   1  -3   1   1 0.15 0.22 0.21 0.21   0   0   0   0   1   1   2   4   3
  1   3   2  -1   1   2 0.21 0.23 0.22 0.15   0   0   0   0   1   1   3   4   2
  1   3   4   0   0   2 0.24 0.26 0.22 0.18   1   0   1   0   1   1   4   2   3
  1   3   2  -2   1   2 0.20 0.26 0.18 0.18   0   0   0   0   1   1   3   2   4
  0   3   8  -4   1   1 0.00 0.00 0.00 0.00   0   0   0   0   1   1   3   4   2
  1   3   3   7   1   1 0.18 0.25 0.21 0.24   0   0   0   0   1   3   1   2   4
  1   3   3   0   0   1 0.18 0.25 0.24 0.24   0   1   1   0   1   4   3   2   1
  1   3   3   7   1   1 0.21 0.21 0.20 0.27   0   0   0   0   1   1   3   4   2
  1   3   5  -4   1   1 0.21 0.21 0.20 0.27   0   0   0   0   1   3   4   2   1
  1   3   5   0   0   1 0.24 0.24 0.23 0.30   0   1   0   0   1   2   3   1   4
  0   3  10  10   1   1 0.00 0.00 0.00 0.00   0   0   0   0   1   3   1   2   4
  1   3   5   0   0   1 0.24 0.20 0.23 0.30   0   0   1   1   1   2   1   4   3
  1   3   4   0   0   2 0.20 0.29 0.18 0.21   0   0   0   1   1   4   2   3   1
  1   3   3   0   0   1 0.27 0.20 0.19 0.26   1   0   0   0   1   3   1   4   2
  1   3   2   0   0   2 0.23 0.29 0.21 0.17   0   1   1   0   1   4   1   3   2
  0   3   7  -9   1   1 0.00 0.00 0.00 0.00   0   0   0   0   1   4   3   2   1
  0   3   2  -4   1   1 0.00 0.00 0.00 0.00   0   0   0   0   1   2   3   4   1
  1   3   4  -4   1   2 0.23 0.25 0.17 0.17   0   0   0   0   1   1   3   4   2
  0   3   5  10   1   1 0.00 0.00 0.00 0.00   0   0   0   0   1   4   3   1   2
  1   3   1  -2   1   1 0.23 0.23 0.19 0.26   0   0   0   0   1   3   1   2   4
  1   3   6   4   1   2 0.26 0.25 0.17 0.20   0   0   0   0   1   3   2   4   1
  1   3   4   0   0   2 0.26 0.28 0.20 0.20   0   1   0   1   1   4   2   1   3
  0   3   6  -8   1   1 0.00 0.00 0.00 0.00   0   0   0   0   1   3   2   1   4
  1   3   6   0   0   2 0.29 0.24 0.20 0.16   1   1   0   0   1   3   1   2   4
  1   3   6   3   1   2 0.25 0.20 0.23 0.16   0   0   0   0   1   2   1   4   3
  1   3   4   0   0   2 0.25 0.20 0.23 0.19   0   1   1   0   1   4   2   1   3
  1   3   1   0   0   1 0.23 0.23 0.22 0.29   1   0   1   1   1   4   3   1   2
  1   3   1   0   0   1 0.19 0.26 0.18 0.25   0   1   0   1   1   2   1   4   3
  1   3   1  -2   1   1 0.19 0.22 0.18 0.21   0   0   0   0   1   1   2   4   3
  1   3   4  -7   1   2 0.28 0.16 0.19 0.19   0   0   0   0   2   2   3   1   4
  1   3   5  -3   1   1 0.22 0.22 0.21 0.21   0   0   0   0   2   1   3   2   4
  1   3   2   0   0   2 0.28 0.16 0.19 0.22   1   0   0   0   2   3   1   2   4
  1   3   2  -2   1   2 0.24 0.19 0.22 0.22   0   0   0   0   2   3   4   2   1
  1   3   5   0   0   1 0.22 0.25 0.21 0.24   0   1   0   1   2   1   4   2   3
  1   3   1   0   0   1 0.25 0.21 0.24 0.20   1   0   1   1   2   3   4   1   2
  1   3   5   0   0   1 0.21 0.21 0.20 0.16   1   0   1   0   2   1   3   4   2
  1   3   6   0   0   2 0.24 0.19 0.22 0.25   1   1   1   1   2   3   1   4   2
  1   3   4   0   0   2 0.20 0.15 0.18 0.21   0   0   0   1   2   3   4   1   2
  1   3   3   8   1   1 0.17 0.24 0.16 0.16   0   0   0   0   2   4   3   1   2
  1   3   5  -2   1   1 0.17 0.24 0.16 0.19   0   0   0   0   2   1   4   3   2
  1   3   5  -4   1   1 0.20 0.27 0.19 0.19   0   0   0   0   2   1   3   4   2
  1   3   4  -7   1   2 0.20 0.15 0.18 0.17   0   0   0   0   2   3   1   4   2
  1   3   3   8   1   1 0.20 0.27 0.19 0.22   0   0   0   0   2   1   3   4   2
  1   3   2  -2   1   2 0.23 0.18 0.21 0.17   0   0   0   0   2   1   2   3   4
  1   3   4  -8   1   2 0.23 0.18 0.21 0.20   0   0   0   0   2   4   2   3   1
  1   3   6   0   0   2 0.26 0.21 0.24 0.20   1   0   0   0   2   1   3   2   4
  1   3   4 -10   1   2 0.22 0.21 0.24 0.23   0   0   0   0   2   3   4   1   2
  1   3   1  -2   1   1 0.23 0.30 0.22 0.22   0   0   0   0   2   2   3   1   4
  1   3   1  -2   1   1 0.23 0.30 0.22 0.25   0   0   0   0   2   4   3   1   2
  1   3   2   0   0   2 0.22 0.24 0.27 0.23   0   0   1   0   3   4   3   2   1
  1   3   5  -4   1   1 0.26 0.33 0.25 0.25   0   0   0   0   3   1   2   3   4
  1   3   1  -2   1   1 0.26 0.33 0.25 0.28   0   0   0   0   3   4   1   3   2
  1   3   5   0   0   1 0.29 0.36 0.28 0.28   1   1   0   0   3   2   3   1   4
  1   3   6   6   1   2 0.25 0.24 0.23 0.26   0   0   0   0   3   4   3   1   2
  1   3   4   0   0   2 0.25 0.27 0.23 0.26   1   1   0   1   3   1   4   2   3
  1   3   6   7   1   2 0.21 0.23 0.26 0.22   0   0   0   0   3   2   3   1   4
  1   3   2   0   0   2 0.21 0.23 0.26 0.22   0   0   1   1   4   3   4   1   2
  1   3   5   0   0   1 0.25 0.32 0.28 0.31   1   0   1   1   4   4   1   3   2
  1   3   4  -8   1   2 0.24 0.26 0.22 0.18   0   0   0   0   4   3   1   4   2
  1   3   2  -3   1   2 0.24 0.26 0.22 0.18   0   0   0   0   5   4   3   2   1
  1   3   5  -4   1   1 0.21 0.32 0.24 0.27   0   0   0   0   5   3   4   1   2
