  1   1   3   1  -5   2   2 0.05 0.05 0.05 0.05 0.35 0.05 1 0 1 1 0 0
  2   1   6   1  -5   1   1 0.50 0.50 0.50 0.50 0.80 0.50 1 1 1 1 1 1
  3   1   2   1  -5   1   1 0.45 0.50 0.50 0.50 0.75 0.50 1 1 1 1 1 1
  4   1   6   1  -7   0   2 0.05 0.05 0.05 0.05 0.35 0.05 0 0 1 1 1 1
  5   1   4   1  -2   0   2 0.05 0.05 0.05 0.05 0.35 0.05 1 0 1 0 1 1
  6   1   7   1   3   2   2 0.05 0.08 0.05 0.05 0.35 0.05 1 1 1 1 0 1
  7   1   7   1   2   0   2 0.05 0.08 0.02 0.05 0.35 0.02 1 1 1 0 0 1
  8   1   5   1  -3   1   1 0.40 0.50 0.50 0.50 0.75 0.45 1 1 1 1 1 1
  9   1   4   1   2   1   2 0.05 0.08 0.02 0.08 0.35 0.02 1 1 0 1 1 1
 10   1   1   1   3   1   1 0.40 0.50 0.45 0.50 0.75 0.40 1 1 1 1 1 1
 11   1   8   1   5   0   1 0.40 0.50 0.45 0.45 0.70 0.40 0 1 1 1 1 0
 12   1   7   1  -3   1   2 0.02 0.08 0.02 0.08 0.35 0.02 1 1 1 1 0 1
 13   1   3   1   7   1   1 0.40 0.50 0.45 0.45 0.70 0.40 1 1 1 1 1 1
 14   1   6   1   5   1   1 0.40 0.45 0.45 0.40 0.70 0.40 1 1 1 1 1 1
 15   1   4   1  -3   1   2 0.02 0.08 0.02 0.03 0.35 0.02 1 1 1 1 1 0
 16   1   8   1   3   1   2 0.02 0.08 0.02 0.03 0.30 0.02 1 1 1 0 1 1
 17   1   6   1  -2   1   1 0.40 0.40 0.45 0.40 0.65 0.40 1 1 1 1 1 1
 18   1   7   1  -3   0   2 0.02 0.08 0.02 0.03 0.25 0.02 0 1 1 1 1 0
 19   1   1   1  -2   0   2 0.02 0.08 0.02 0.03 0.25 0.02 1 1 1 0 1 0
 20   1   3   1   4   1   1 0.35 0.40 0.45 0.35 0.65 0.40 1 1 1 1 1 1
 21   1   9   1   7   1   1 0.35 0.40 0.40 0.35 0.60 0.40 1 1 1 1 1 1
 22   1   2   1   7   1   1 0.30 0.40 0.40 0.35 0.60 0.35 1 1 1 1 1 1
 23   1   7   1  -3   1   2 0.02 0.08 0.02 0.03 0.25 0.05 1 1 1 1 1 0
 24   1   4   1  -2   1   2 0.02 0.03 0.02 0.03 0.25 0.05 1 1 1 1 0 1
 25   1   7   1   3   1   1 0.30 0.35 0.40 0.30 0.60 0.35 1 1 1 1 1 1
 26   1   7   1   7   1   1 0.30 0.30 0.40 0.25 0.60 0.35 1 1 1 1 1 1
 27   1   2   1  -5   1   1 0.30 0.25 0.35 0.25 0.60 0.35 1 1 1 1 1 1
 28   1   7   1  -5   1   1 0.30 0.25 0.30 0.25 0.55 0.35 1 0 1 1 1 1
 29   1   1   1  -3   0   2 0.02 0.03 0.02 0.03 0.25 0.05 0 1 1 1 1 0
 30   1   5   1   5   2   2 0.05 0.03 0.02 0.03 0.25 0.05 0 1 1 1 0 1
 31   1   2   1  -5   1   1 0.25 0.25 0.30 0.25 0.55 0.35 1 1 1 1 1 1
 32   1   3   1   7   1   1 0.20 0.25 0.30 0.25 0.55 0.30 1 1 1 1 1 1
 33   1   1   1  -7   1   2 0.05 0.03 0.02 0.03 0.25 0.05 1 1 1 1 1 0
 34   1   6   1  -6   1   1 0.20 0.20 0.30 0.20 0.55 0.30 1 1 1 1 1 1
 35   1   6   1   5   1   1 0.20 0.20 0.25 0.20 0.55 0.25 1 1 1 1 1 1
 36   1   8   1  -3   0   2 0.05 0.03 0.02 0.03 0.20 0.05 0 0 1 1 1 1
 37   1   9   1   5   4   2 0.05 0.03 0.02 0.03 0.20 0.05 0 1 1 0 1 1
 38   1   1   1  -5   1   1 0.20 0.15 0.25 0.20 0.55 0.20 1 1 1 1 1 1
 39   1   9   1   7   1   1 0.20 0.10 0.25 0.20 0.55 0.15 1 1 1 1 0 1
 40   1   3   1   5   0   2 0.05 0.03 0.02 0.03 0.20 0.05 1 1 1 0 1 0
 41   1   2   1   3   0   1 0.20 0.10 0.25 0.15 0.55 0.15 1 1 1 0 1 0
 42   1   8   1   5   2   1 0.20 0.10 0.25 0.15 0.55 0.15 1 1 1 1 1 0
 43   1   7   1  -3   1   2 0.05 0.03 0.02 0.06 0.20 0.08 1 1 1 1 1 0
 44   1   5   1  -5   1   1 0.20 0.10 0.20 0.10 0.55 0.15 1 1 0 1 1 1
 45   1   2   1  -3   0   2 0.05 0.03 0.02 0.02 0.20 0.08 1 0 1 1 1 0
 46   1   6   1   7   1   1 0.20 0.10 0.20 0.05 0.55 0.15 1 1 1 1 1 0
 47   1   1   1  -3   0   2 0.05 0.06 0.02 0.02 0.20 0.08 1 0 1 0 1 1
 48   0   5   1   5   0   1 0.20 0.10 0.20 0.05 0.50 0.15 0 0 1 1 1 1
 49   1   6   1   3   0   1 0.20 0.10 0.20 0.05 0.50 0.15 1 1 1 0 1 0
 50   1   4   1  -7   0   2 0.05 0.06 0.02 0.02 0.20 0.08 0 1 1 1 1 0
 51   1   5   1   5   0   1 0.20 0.10 0.20 0.05 0.50 0.18 0 1 1 1 0 1
 52   1   8   1   5   2   1 0.20 0.10 0.20 0.05 0.50 0.18 0 0 1 1 1 1
 53   1   7   1  -7   1   1 0.20 0.10 0.20 0.05 0.50 0.13 1 1 1 0 1 1
 54   1   4   1  -8   1   2 0.08 0.06 0.02 0.02 0.20 0.11 1 0 1 1 1 1
 55   1   3   1  -3   0   2 0.08 0.06 0.02 0.02 0.20 0.11 0 1 1 0 1 1
 56   1   2   1  -6   1   1 0.20 0.10 0.20 0.05 0.50 0.08 1 1 1 0 1 1
 57   1   5   1   7   0   2 0.08 0.06 0.02 0.02 0.20 0.11 1 1 1 0 1 0
 58   1   4   1  -7   0   1 0.20 0.10 0.20 0.05 0.50 0.03 0 0 1 1 1 1
 59   0   5   1  10   0   1 0.23 0.10 0.20 0.05 0.50 0.03 1 1 1 0 0 1
 60   1   2   1  -4   0   1 0.23 0.10 0.20 0.05 0.50 0.03 0 1 1 1 1 0
 61   1   5   1  -5   0   1 0.23 0.10 0.20 0.05 0.50 0.03 0 1 1 1 0 1
 62   1   1   1  -7   0   1 0.26 0.10 0.20 0.05 0.53 0.03 1 1 0 0 1 1
 63   1   6   1  -7   1   1 0.26 0.10 0.20 0.08 0.53 0.03 1 1 0 1 1 1
 64   1   4   1  -5   0   2 0.08 0.06 0.02 0.05 0.20 0.11 0 1 1 1 1 0
 65   1   4   1  -8   1   1 0.26 0.10 0.20 0.08 0.53 0.02 1 0 1 1 1 1
 66   1   8   1   5   0   2 0.11 0.06 0.02 0.05 0.20 0.14 1 1 0 0 1 1
 67   1   6   1   7   0   2 0.11 0.06 0.02 0.05 0.20 0.14 1 1 0 1 0 1
 68   1   7   1  -5   1   1 0.26 0.10 0.20 0.08 0.48 0.02 1 1 0 1 1 1
 69   1   6   1   6   1   1 0.26 0.05 0.20 0.08 0.48 0.02 1 1 1 0 1 1
 70   0   4   1   8   0   2 0.11 0.06 0.05 0.05 0.20 0.14 0 0 1 1 1 1
 71   1   1   1  -6   1   1 0.26 0.05 0.20 0.08 0.43 0.02 1 1 1 1 1 0
 72   1   3   1   6   0   1 0.26 0.05 0.20 0.03 0.43 0.02 1 1 0 1 0 1
 73   1   9   1   8   0   2 0.11 0.06 0.05 0.05 0.20 0.14 0 0 1 1 1 1
 74   1   6   1  -3   1   2 0.11 0.09 0.05 0.05 0.20 0.14 1 1 1 1 1 1
 75   1   3   1  -5   1   2 0.11 0.04 0.05 0.05 0.20 0.09 1 1 0 1 1 1
 76   1   2   1  -7   1   2 0.11 0.04 0.05 0.02 0.20 0.09 1 1 0 1 1 1
 77   1   8   1  -5   0   2 0.11 0.04 0.05 0.02 0.15 0.09 1 0 1 1 1 0
 78   1   2   1   5   0   1 0.26 0.05 0.23 0.03 0.43 0.02 0 1 1 1 0 1
 79   1   7   1   6   1   1 0.26 0.05 0.23 0.03 0.46 0.02 1 1 0 1 1 1
 80   1   6   1   5   0   2 0.11 0.04 0.05 0.02 0.15 0.09 1 0 1 0 1 1
 81   1   9   1   7   1   1 0.26 0.05 0.23 0.03 0.41 0.02 1 1 1 1 1 0
 82   1   1   1  -6   1   1 0.26 0.05 0.18 0.03 0.41 0.02 1 1 1 1 1 0
 83   1   7   1  -7   0   2 0.11 0.07 0.05 0.02 0.15 0.09 1 1 0 1 0 1
 84   1   8   1   6   1   1 0.21 0.05 0.18 0.03 0.41 0.02 1 1 1 0 1 1
 85   1   8   1   7   1   1 0.21 0.05 0.18 0.03 0.36 0.02 1 1 1 0 1 1
 86   1   4   1  -7   0   1 0.21 0.05 0.18 0.03 0.31 0.02 1 1 0 0 1 1
 87   1   7   1  -8   0   2 0.11 0.07 0.05 0.02 0.15 0.09 0 1 0 1 1 1
 88   1   6   1   6   0   2 0.14 0.07 0.08 0.02 0.15 0.09 1 1 0 0 1 1
 89   1   9   1   6   1   2 0.14 0.07 0.08 0.05 0.15 0.09 1 1 1 1 1 0
 90   1   1   1  -6   0   2 0.14 0.07 0.08 0.05 0.10 0.09 1 1 0 1 0 1
 91   1   4   1  -6   0   2 0.14 0.07 0.11 0.05 0.10 0.09 0 0 1 1 1 1
 92   1   1   1  -6   0   2 0.14 0.07 0.11 0.05 0.10 0.09 0 1 1 1 1 0
 93   1   6   1   8   0   2 0.17 0.07 0.11 0.05 0.10 0.12 1 1 1 1 0 0
 94   1   4   1  -7   1   1 0.21 0.05 0.18 0.03 0.31 0.02 1 1 1 1 0 1
 95   1   7   1  -5   0   2 0.17 0.07 0.11 0.05 0.13 0.12 0 0 1 1 1 1
 96   1   4   1  -7   0   1 0.21 0.05 0.18 0.02 0.31 0.02 1 0 0 1 1 1
 97   1   6   1   7   0   2 0.17 0.10 0.11 0.05 0.13 0.12 0 1 1 1 0 1
 98   1   4   1  -6   1   1 0.21 0.05 0.21 0.02 0.31 0.02 1 1 0 1 1 1
 99   1   9   1   6   0   2 0.20 0.10 0.11 0.05 0.13 0.12 0 0 1 1 1 1
100   1   4   1  -6   0   1 0.21 0.05 0.21 0.02 0.31 0.02 1 0 0 1 1 1
101   0   3   1 -10   0   1 0.21 0.08 0.21 0.02 0.31 0.02 1 1 1 1 0 0
102   1   1   1  -7   0   2 0.20 0.10 0.11 0.05 0.13 0.12 1 0 0 1 1 1
103   0   2   1 -10   0   2 0.20 0.13 0.11 0.05 0.13 0.12 1 1 0 1 0 1
104   1   9   1   8   1   1 0.21 0.08 0.21 0.02 0.31 0.02 1 0 1 1 1 1
105   1   5   1   5   1   2 0.20 0.13 0.11 0.05 0.13 0.12 0 1 1 1 1 1
106   1   9   1   6   1   2 0.20 0.13 0.06 0.05 0.13 0.12 0 1 1 1 1 1
107   1   7   1  -7   0   2 0.20 0.13 0.06 0.05 0.08 0.12 1 1 0 1 0 1
108   0   4   1   8   0   1 0.21 0.08 0.21 0.02 0.26 0.02 0 1 1 1 1 0
109   0   2   1 -10   3   2 0.20 0.13 0.06 0.05 0.08 0.12 1 0 1 1 1 0
110   1   1   1  -7   0   2 0.20 0.13 0.06 0.05 0.08 0.12 1 0 1 1 1 0
111   1   8   1   4   0   1 0.21 0.08 0.21 0.02 0.26 0.02 0 1 0 1 1 1
112   1   6   1   7   0   1 0.21 0.08 0.24 0.02 0.26 0.02 1 1 1 0 1 0
113   1   8   1   6   1   2 0.20 0.13 0.06 0.05 0.08 0.15 0 1 1 1 1 1
114   1   3   1   6   2   2 0.20 0.13 0.06 0.05 0.03 0.15 0 1 1 1 1 1
115   0   3   1 -10   0   2 0.20 0.13 0.06 0.05 0.02 0.10 1 1 1 0 1 0
116   1   4   1  -8   2   2 0.20 0.13 0.06 0.05 0.02 0.10 1 1 1 0 1 0
117   1   8   1  -6   1   2 0.20 0.13 0.02 0.05 0.02 0.10 1 1 1 0 1 1
118   1   4   1  -8   1   1 0.21 0.08 0.24 0.02 0.26 0.02 1 0 1 1 1 1
119   1   2   1   5   0   2 0.20 0.13 0.02 0.05 0.02 0.10 0 1 1 1 1 0
120   1   8   1   6   1   1 0.21 0.08 0.24 0.02 0.21 0.02 0 1 1 1 1 1
121   1   9   1   7   1   1 0.21 0.08 0.24 0.02 0.21 0.02 1 0 1 1 1 1
122   1   6   1   7   0   2 0.23 0.13 0.02 0.05 0.02 0.10 0 1 1 1 0 1
123   1   2   1   7   0   2 0.23 0.13 0.02 0.05 0.02 0.10 1 1 0 1 1 0
124   1   4   1  -6   0   2 0.23 0.13 0.02 0.05 0.02 0.13 0 1 1 1 0 1
125   1   3   1   8   2   2 0.26 0.13 0.02 0.05 0.05 0.13 1 0 0 0 1 1
126   1   5   1  -6   0   2 0.26 0.13 0.02 0.05 0.05 0.13 1 0 1 1 1 0
127   1   6   1   8   1   1 0.21 0.08 0.24 0.02 0.21 0.02 0 1 1 1 1 1
128   1   2   1   7   0   2 0.26 0.16 0.02 0.05 0.05 0.13 0 1 0 1 1 1
129   1   4   1  -6   0   1 0.21 0.08 0.19 0.02 0.21 0.02 1 1 1 0 1 0
130   0   3   1 -10   0   1 0.21 0.08 0.19 0.02 0.21 0.02 1 1 0 0 1 1
131   1   1   1  -7   0   2 0.26 0.16 0.05 0.05 0.05 0.13 1 0 1 1 1 0
132   1   3   1  -6   1   1 0.21 0.08 0.19 0.02 0.21 0.02 1 1 1 1 1 0
133   1   7   1  -7   1   1 0.21 0.08 0.19 0.02 0.16 0.02 0 1 1 1 1 1
134   1   4   1  -8   1   1 0.21 0.03 0.19 0.02 0.16 0.02 1 1 0 1 1 1
135   1   7   1   6   1   2 0.26 0.16 0.05 0.05 0.05 0.16 1 1 1 0 1 1
136   1   8   1   6   0   2 0.26 0.16 0.05 0.05 0.05 0.11 1 0 1 1 1 0
137   0   5   1  10   3   2 0.26 0.19 0.05 0.05 0.05 0.11 1 1 0 1 1 1
138   1   8   1  -3   0   1 0.21 0.03 0.19 0.02 0.11 0.02 1 1 1 0 1 0
139   1   5   1   5   0   2 0.26 0.19 0.05 0.05 0.05 0.11 0 1 1 1 0 1
140   1   6   1   8   0   2 0.29 0.19 0.05 0.05 0.05 0.11 1 1 1 0 0 1
141   1   9   1   8   0   1 0.21 0.03 0.19 0.05 0.11 0.05 1 1 0 0 1 1
142   1   9   1   7   0   2 0.29 0.19 0.05 0.05 0.08 0.11 0 1 1 1 1 0
143   1   9   1   7   0   1 0.21 0.03 0.19 0.05 0.11 0.05 1 1 1 0 1 0
144   1   9   1   8   1   1 0.21 0.03 0.19 0.08 0.11 0.05 1 1 1 1 1 0
145   1   3   1   8   1   1 0.16 0.03 0.19 0.08 0.11 0.05 1 1 1 1 0 1
146   1   8   1   6   1   1 0.11 0.03 0.19 0.08 0.11 0.05 0 1 1 1 1 1
147   1   9   1   7   1   2 0.29 0.19 0.05 0.05 0.08 0.14 0 1 1 1 1 1
148   1   2   1   6   1   1 0.11 0.03 0.19 0.03 0.11 0.05 1 1 1 0 1 1
149   1   4   1  -7   0   1 0.11 0.03 0.19 0.03 0.06 0.05 1 0 1 0 1 1
150   0   1   1 -10   3   2 0.29 0.14 0.05 0.05 0.08 0.14 1 1 1 1 0 1
151   1   3   1   5   0   2 0.29 0.14 0.05 0.05 0.08 0.14 1 1 1 0 0 1
152   1   5   1  -5   0   1 0.11 0.03 0.19 0.03 0.06 0.05 1 1 1 0 1 0
153   1   9   1   7   0   2 0.29 0.14 0.05 0.08 0.08 0.14 1 1 1 0 1 0
154   1   2   1   6   0   2 0.29 0.14 0.05 0.08 0.08 0.14 1 1 1 0 0 1
155   1   1   1  -5   0   2 0.29 0.14 0.05 0.11 0.11 0.14 1 1 1 0 0 1
156   1   3   1   7   0   1 0.11 0.03 0.19 0.06 0.06 0.08 1 1 1 0 0 1
157   1   6   1   7   1   1 0.11 0.03 0.19 0.06 0.06 0.08 0 1 1 1 1 1
158   1   8   1   6   0   1 0.11 0.02 0.19 0.06 0.06 0.08 1 1 0 0 1 1
159   1   8   1   6   1   2 0.29 0.14 0.05 0.11 0.11 0.14 0 1 1 1 1 1
160   1   8   1   3   0   2 0.29 0.09 0.05 0.11 0.11 0.14 0 1 1 0 1 1
161   1   3   1   7   0   1 0.11 0.02 0.22 0.09 0.06 0.08 1 0 1 1 0 1
162   1   9   1   6   0   1 0.11 0.02 0.22 0.09 0.09 0.08 1 0 1 1 0 1
163   1   2   1  -3   0   2 0.32 0.09 0.05 0.14 0.11 0.14 1 0 1 1 0 1
164   1   4   1  -7   2   1 0.11 0.05 0.22 0.09 0.09 0.08 0 0 0 0 0 0
165   1   9   1   6   2   1 0.11 0.05 0.22 0.09 0.09 0.08 1 0 1 1 0 1
166   1   7   1  -7   0   1 0.11 0.05 0.17 0.09 0.09 0.03 1 1 1 0 1 0
167   1   6   1   6   0   2 0.32 0.09 0.05 0.14 0.14 0.14 1 1 1 0 0 1
168   1   5   1   7   0   2 0.32 0.09 0.05 0.14 0.14 0.14 1 1 0 1 1 0
169   1   9   1   5   0   1 0.11 0.05 0.17 0.09 0.09 0.03 1 1 1 1 0 0
170   1   1   1  -7   0   2 0.32 0.09 0.05 0.14 0.14 0.17 0 1 0 1 1 1
171   0   6   1  10   0   2 0.32 0.09 0.08 0.14 0.14 0.17 1 1 0 1 1 0
172   1   2   1   5   0   1 0.11 0.05 0.17 0.09 0.12 0.06 1 1 1 0 0 1
173   1   5   1   6   4   1 0.11 0.05 0.17 0.12 0.12 0.06 0 0 0 0 0 0
174   1   5   1  -6   0   2 0.32 0.09 0.08 0.14 0.14 0.17 1 0 1 1 0 1
175   1   2   1  -6   0   2 0.32 0.12 0.08 0.14 0.17 0.17 1 1 1 0 0 1
176   1   8   1   6   0   2 0.32 0.12 0.08 0.17 0.17 0.17 1 0 1 1 0 1
177   1   2   1   4   0   1 0.11 0.05 0.17 0.12 0.12 0.06 1 0 1 1 1 0
178   1   5   1   6   0   1 0.11 0.05 0.17 0.12 0.12 0.06 1 1 1 1 0 0
179   1   9   1   8   0   1 0.11 0.05 0.17 0.12 0.15 0.09 1 0 1 0 1 1
180   1   3   1   8   0   1 0.11 0.08 0.17 0.12 0.15 0.09 0 1 1 1 0 1
181   0   2   1 -10   0   1 0.11 0.08 0.17 0.12 0.15 0.09 1 0 1 0 1 1
182   1   8   1   6   0   2 0.32 0.12 0.08 0.17 0.20 0.17 0 1 1 0 1 1
183   1   9   1   6   0   1 0.11 0.08 0.17 0.12 0.15 0.09 1 0 1 1 0 1
184   1   1   1  -6   0   2 0.35 0.12 0.08 0.17 0.20 0.17 1 0 1 1 0 1
185   1   3   1   7   0   1 0.11 0.08 0.17 0.12 0.18 0.09 0 1 1 1 0 1
186   1   8   1   5   0   1 0.14 0.08 0.17 0.12 0.18 0.09 1 0 0 1 1 1
187   1   2   1   6   0   2 0.35 0.15 0.08 0.17 0.20 0.17 1 1 1 1 0 0
188   1   1   1  -6   1   1 0.14 0.11 0.17 0.12 0.18 0.09 1 1 1 1 1 0
189   1   9   1  -6   0   1 0.14 0.11 0.17 0.07 0.18 0.09 0 0 1 1 1 1
190   1   6   1   7   0   2 0.35 0.15 0.08 0.17 0.23 0.17 0 1 1 0 1 1
191   0   6   1  10   0   1 0.14 0.11 0.17 0.07 0.18 0.09 1 1 1 0 1 0
192   1   3   1   6   0   1 0.14 0.11 0.17 0.07 0.18 0.09 1 1 0 1 1 0
193   1   1   1  -6   0   2 0.35 0.15 0.08 0.20 0.23 0.17 0 1 1 1 0 1
194   1   9   1   7   2   1 0.14 0.11 0.20 0.07 0.18 0.09 0 1 1 1 0 1
195   1   2   1   4   2   1 0.14 0.11 0.20 0.02 0.18 0.09 0 1 1 1 0 1
196   1   1   1  -6   0   2 0.38 0.15 0.08 0.20 0.23 0.17 1 0 1 1 1 0
197   1   3   1   6   0   2 0.38 0.15 0.08 0.20 0.23 0.20 0 1 0 1 1 1
198   0   4   1  10   0   1 0.14 0.06 0.20 0.02 0.18 0.04 0 1 1 0 1 1
199   1   6   1   8   0   2 0.38 0.15 0.08 0.20 0.23 0.20 1 1 1 1 0 0
200   1   5   1   6   0   1 0.14 0.06 0.20 0.02 0.18 0.04 1 1 0 1 0 1
201   1   2   1   6   2   2 0.38 0.15 0.08 0.20 0.26 0.20 1 1 0 0 1 1
202   1   1   1  -6   0   1 0.14 0.06 0.20 0.02 0.21 0.04 1 1 1 0 1 0
203   1   4   1  -6   1   2 0.38 0.15 0.08 0.20 0.26 0.15 1 1 1 1 0 1
204   1   9   1   7   0   1 0.14 0.06 0.20 0.02 0.21 0.04 0 1 0 1 1 1
205   1   7   1  -6   1   1 0.17 0.06 0.23 0.02 0.21 0.04 1 1 1 1 1 0
206   1   7   1   5   1   2 0.38 0.15 0.08 0.20 0.26 0.10 1 1 1 0 1 1
207   1   5   1   6   1   1 0.17 0.06 0.23 0.02 0.16 0.04 1 1 1 0 1 1
208   1   9   1   6   1   2 0.38 0.15 0.08 0.20 0.26 0.05 1 1 1 1 1 0
209   0   1   1 -10   0   1 0.17 0.06 0.18 0.02 0.16 0.04 0 1 1 0 1 1
210   1   2   1   3   1   1 0.17 0.06 0.18 0.02 0.16 0.04 1 0 1 1 1 1
211   0   2   1 -10   0   1 0.17 0.06 0.18 0.02 0.11 0.04 0 1 1 1 0 1
212   1   8   1  -6   0   1 0.17 0.06 0.18 0.02 0.11 0.04 1 0 0 1 1 1
213   1   1   1  -7   0   1 0.17 0.06 0.18 0.02 0.11 0.04 1 0 1 0 1 1
214   1   9   1   8   0   2 0.38 0.15 0.03 0.20 0.26 0.05 1 0 1 1 1 0
215   1   5   1   7   1   2 0.38 0.18 0.03 0.20 0.26 0.05 1 0 1 1 1 1
216   1   6   1   7   0   2 0.38 0.18 0.02 0.20 0.26 0.05 0 1 1 0 1 1
217   1   9   1   8   1   2 0.41 0.18 0.02 0.20 0.26 0.05 0 1 1 1 1 1
218   1   3   1   6   1   2 0.41 0.18 0.02 0.15 0.26 0.05 1 1 1 0 1 1
219   1   4   1  -7   0   1 0.17 0.09 0.18 0.05 0.11 0.04 1 0 0 1 1 1
220   1   1   1  -8   0   1 0.17 0.09 0.21 0.05 0.11 0.04 1 1 0 1 1 0
221   1   1   1   4   0   1 0.17 0.09 0.21 0.05 0.11 0.07 1 0 1 1 0 1
222   1   8   1  -4   0   1 0.17 0.12 0.21 0.05 0.11 0.07 1 0 1 1 0 1
223   1   2   1  -5   0   2 0.41 0.18 0.02 0.15 0.26 0.02 1 1 1 1 0 0
224   1   5   1  -5   0   1 0.17 0.12 0.21 0.05 0.14 0.07 1 1 1 0 1 0
225   1   2   1   3   1   2 0.41 0.18 0.02 0.15 0.26 0.02 0 1 1 1 1 1
226   1   8   1  -6   1   2 0.41 0.18 0.02 0.15 0.26 0.02 1 1 0 1 1 1
227   1   5   1  -6   1   2 0.41 0.18 0.02 0.15 0.26 0.02 0 1 1 1 1 1
228   1   5   1  -5   1   2 0.41 0.13 0.02 0.15 0.26 0.02 1 1 1 0 1 1
229   1   4   1  -5   0   1 0.17 0.12 0.21 0.05 0.14 0.07 0 1 1 1 0 1
230   1   5   1   6   0   1 0.17 0.12 0.21 0.05 0.14 0.07 1 1 1 0 0 1
231   1   1   1  -6   1   2 0.41 0.08 0.02 0.15 0.26 0.02 0 1 1 1 1 1
232   1   3   1   8   0   1 0.17 0.12 0.21 0.08 0.17 0.07 0 1 1 1 1 0
233   1   3   1   5   0   1 0.20 0.12 0.21 0.08 0.17 0.10 1 1 0 1 1 0
234   1   4   1  -7   1   2 0.41 0.08 0.02 0.15 0.21 0.02 1 1 0 1 1 1
235   1   6   1   6   1   2 0.41 0.08 0.02 0.10 0.21 0.02 1 1 0 1 1 1
236   1   4   1  -8   1   2 0.41 0.08 0.02 0.05 0.21 0.02 1 1 1 0 1 1
237   1   3   1  -6   1   2 0.41 0.08 0.02 0.05 0.21 0.02 1 1 1 0 1 1
238   1   5   1   6   1   2 0.36 0.08 0.02 0.05 0.21 0.02 1 1 1 1 1 0
239   1   5   1   4   1   1 0.20 0.12 0.24 0.08 0.17 0.10 1 1 1 0 1 1
240   0   3   1 -10   0   2 0.31 0.08 0.02 0.05 0.21 0.02 1 0 1 1 1 0
241   1   1   1  -6   0   1 0.20 0.12 0.24 0.08 0.12 0.10 1 0 0 1 1 1
242   1   6   1   6   0   1 0.20 0.15 0.24 0.08 0.12 0.10 1 1 0 0 1 1
243   1   5   1  -7   1   1 0.20 0.15 0.27 0.08 0.12 0.10 1 1 0 1 1 1
244   1   7   1  -6   0   1 0.20 0.15 0.27 0.03 0.12 0.10 1 0 0 1 1 1
245   1   9   1   7   0   2 0.31 0.08 0.02 0.05 0.21 0.02 0 1 1 0 1 1
246   0   6   1  10   0   1 0.20 0.15 0.27 0.03 0.12 0.10 1 1 0 1 0 1
247   1   6   1   7   0   1 0.20 0.15 0.27 0.03 0.12 0.10 1 1 0 1 1 0
248   1   8   1   5   1   2 0.31 0.08 0.02 0.05 0.21 0.02 0 1 1 1 1 1
249   1   3   1   8   0   1 0.20 0.15 0.30 0.03 0.12 0.13 0 1 0 1 1 1
250   1   3   1   7   0   1 0.20 0.15 0.30 0.03 0.12 0.13 1 1 1 1 0 0
251   1   7   1  -6   0   1 0.20 0.15 0.30 0.03 0.12 0.13 1 1 1 0 1 0
252   1   2   1   5   2   1 0.20 0.15 0.30 0.03 0.12 0.16 0 1 1 1 1 0
253   1   8   1   5   0   2 0.31 0.03 0.02 0.05 0.21 0.02 1 1 1 0 0 1
254   0   6   1  10   0   2 0.31 0.03 0.02 0.08 0.21 0.02 0 1 1 0 1 1
255   1   4   1  -8   0   1 0.20 0.15 0.30 0.03 0.07 0.16 0 1 0 1 1 1
256   1   1   1  -8   0   1 0.23 0.15 0.33 0.03 0.07 0.16 1 0 1 0 1 1
257   1   3   1   8   0   2 0.31 0.03 0.02 0.08 0.21 0.02 0 1 1 1 0 1
258   1   7   1  -8   1   1 0.23 0.18 0.33 0.06 0.07 0.16 1 1 1 1 1 0
259   1   6   1   7   0   1 0.23 0.13 0.33 0.06 0.07 0.16 1 0 0 1 1 1
260   1   9   1   6   1   2 0.34 0.03 0.02 0.08 0.24 0.02 0 1 1 1 1 1
261   0   1   1 -10   0   1 0.23 0.13 0.33 0.06 0.07 0.16 1 1 1 0 1 0
262   0   5   1  10   0   2 0.34 0.03 0.02 0.08 0.19 0.02 1 1 1 0 0 1
263   0   1   1 -10   0   2 0.34 0.03 0.02 0.08 0.19 0.02 1 1 0 1 1 0
264   1   1   1  -8   0   1 0.23 0.13 0.33 0.06 0.07 0.16 0 1 1 1 0 1
265   1   9   1   6   1   2 0.34 0.03 0.02 0.08 0.19 0.02 1 1 1 1 0 1
266   1   6   1   8   0   1 0.23 0.13 0.33 0.06 0.07 0.16 0 1 0 1 1 1
267   1   4   1  -7   1   2 0.34 0.02 0.02 0.08 0.19 0.02 1 1 1 0 1 1
268   1   5   1  -5   0   1 0.26 0.13 0.36 0.06 0.07 0.16 1 1 0 1 0 1
269   1   1   1  -8   2   1 0.26 0.13 0.36 0.06 0.10 0.16 1 1 0 0 1 0
270   1   7   1  -7   0   1 0.26 0.13 0.36 0.06 0.10 0.16 0 0 1 1 1 1
271   1   4   1  -6   0   2 0.34 0.02 0.02 0.08 0.19 0.02 1 1 0 1 1 0
272   0   4   1  10   0   2 0.34 0.02 0.02 0.08 0.19 0.02 1 1 0 1 0 1
273   1   9   1   6   1   2 0.34 0.02 0.02 0.08 0.19 0.02 1 1 0 1 1 1
274   1   2   1   5   1   2 0.34 0.02 0.02 0.08 0.19 0.02 1 1 1 1 1 0
275   1   6   1   8   0   2 0.34 0.02 0.02 0.08 0.19 0.02 1 0 1 1 0 1
276   1   5   1   7   0   1 0.26 0.16 0.36 0.06 0.10 0.16 1 0 1 1 1 0
277   1   4   1  -8   0   2 0.34 0.02 0.02 0.08 0.19 0.02 1 1 1 0 0 1
278   1   3   1  -6   0   2 0.34 0.02 0.02 0.08 0.22 0.02 0 1 1 1 1 0
279   1   5   1  -6   1   2 0.34 0.02 0.02 0.08 0.22 0.05 1 1 1 1 1 0
280   1   6   1   6   0   2 0.29 0.02 0.02 0.08 0.22 0.05 1 1 0 1 0 1
281   1   7   1  -7   0   2 0.29 0.02 0.05 0.08 0.22 0.05 1 1 0 1 0 1
282   1   3   1   6   1   2 0.29 0.02 0.05 0.08 0.25 0.05 1 1 1 0 1 1
283   1   7   1  -8   1   1 0.26 0.16 0.36 0.06 0.10 0.16 1 1 1 0 1 1
284   1   1   1  -7   0   1 0.26 0.16 0.36 0.06 0.10 0.11 1 1 0 0 1 1
285   1   1   1  -7   0   2 0.24 0.02 0.05 0.08 0.25 0.05 0 0 1 1 1 1
286   1   5   1  -5   0   2 0.24 0.05 0.05 0.08 0.25 0.05 1 1 1 0 1 0
287   1   7   1  -7   1   2 0.24 0.05 0.05 0.11 0.25 0.05 1 1 0 1 1 1
288   1   3   1  -5   0   1 0.26 0.16 0.39 0.06 0.10 0.11 1 1 1 0 0 1
289   1   3   1   7   0   2 0.24 0.05 0.05 0.11 0.20 0.05 1 0 1 1 1 0
290   1   5   1   6   0   2 0.24 0.05 0.05 0.11 0.20 0.08 0 1 1 1 1 0
291   1   7   1  -7   0   2 0.27 0.05 0.05 0.11 0.20 0.08 1 0 0 1 1 1
292   1   4   1  -6   0   1 0.26 0.16 0.39 0.09 0.10 0.11 1 1 0 1 0 1
293   1   8   1   8   0   1 0.26 0.16 0.39 0.09 0.13 0.11 1 1 1 0 1 0
294   1   7   1  -6   0   1 0.26 0.16 0.39 0.09 0.13 0.11 0 1 1 1 1 0
295   1   7   1  -6   0   2 0.27 0.08 0.08 0.11 0.20 0.08 1 0 1 0 1 1
296   1   7   1  -6   0   1 0.29 0.16 0.39 0.09 0.13 0.14 1 0 1 1 1 0
297   1   3   1   8   1   2 0.27 0.08 0.08 0.11 0.20 0.08 0 1 1 1 1 1
298   1   2   1  -5   0   1 0.29 0.19 0.39 0.09 0.13 0.14 0 1 1 0 1 1
299   1   5   1  -8   1   1 0.29 0.19 0.39 0.12 0.13 0.14 1 1 1 1 0 1
300   1   2   1   7   0   1 0.29 0.19 0.34 0.12 0.13 0.14 0 1 0 1 1 1
301   1   8   1   6   1   1 0.32 0.19 0.34 0.12 0.13 0.14 0 1 1 1 1 1
302   1   3   1   7   1   2 0.27 0.03 0.08 0.11 0.20 0.08 1 1 0 1 1 1
303   1   2   1  -5   0   2 0.27 0.03 0.08 0.11 0.15 0.08 1 1 0 0 1 1
304   1   8   1   5   0   2 0.27 0.03 0.08 0.14 0.15 0.08 0 1 1 0 1 1
305   1   9   1  -7   0   2 0.27 0.03 0.08 0.14 0.15 0.08 0 1 1 1 0 1
306   1   2   1  -7   2   2 0.30 0.03 0.08 0.14 0.15 0.08 0 1 1 1 0 1
307   1   5   1  -5   0   2 0.30 0.03 0.08 0.14 0.15 0.03 0 0 1 1 1 1
308   1   2   1   7   0   2 0.30 0.03 0.08 0.14 0.15 0.03 0 1 0 1 1 1
309   1   8   1   7   0   2 0.33 0.03 0.11 0.14 0.15 0.03 0 0 1 1 1 1
310   1   1   1  -6   0   1 0.32 0.19 0.34 0.07 0.13 0.14 1 1 0 0 1 1
311   1   8   1  -6   0   1 0.32 0.19 0.37 0.07 0.13 0.14 0 1 0 1 1 1
312   1   5   1  -6   0   2 0.33 0.06 0.11 0.14 0.15 0.03 1 0 1 0 1 1
