  1   0   6   1  10   0   2 0.05 0.05 0.05 0.05 0.25 0.05 1 1 0 0 1 1 5 1 6 2 3 4
  2   1   3   1   8   0   1 0.50 0.50 0.50 0.50 0.70 0.50 0 1 1 0 1 1 5 3 6 2 1 4
  3   1   4   1  -2   0   1 0.50 0.50 0.50 0.50 0.70 0.50 0 1 1 1 1 0 5 4 2 3 1 6
  4   1   1   1   2   2   2 0.05 0.05 0.05 0.05 0.25 0.05 1 1 0 0 1 1 4 5 2 6 3 1
  5   1   6   1   8   2   2 0.02 0.05 0.05 0.05 0.25 0.05 0 1 1 1 1 0 3 5 1 4 6 2
  6   1   8   1   5   0   1 0.53 0.50 0.50 0.50 0.70 0.50 1 0 1 0 1 1 3 5 6 1 4 2
  7   1   9   1   9   2   2 0.02 0.02 0.05 0.05 0.25 0.05 1 0 1 0 1 1 1 6 3 4 2 5
  8   1   5   1   8   0   1 0.53 0.50 0.50 0.53 0.70 0.50 1 1 1 0 1 0 5 2 1 3 6 4
  9   1   2   1  -3   0   1 0.53 0.50 0.50 0.53 0.70 0.53 1 1 0 1 1 0 5 1 4 2 3 6
 10   1   1   1   2   0   1 0.53 0.50 0.50 0.53 0.70 0.53 1 0 1 1 1 0 1 4 3 5 6 2
 11   1   8   1  -4   0   1 0.53 0.53 0.50 0.53 0.70 0.56 1 0 1 0 1 1 6 1 5 3 2 4
 12   0   5   1  10   0   2 0.02 0.02 0.05 0.05 0.20 0.05 0 1 1 0 1 1 2 5 6 3 1 4
 13   0   2   1  -5   3   2 0.02 0.02 0.05 0.05 0.20 0.05 0 1 1 0 1 1 2 3 1 6 4 5
 14   1   1   1  -6   0   2 0.02 0.02 0.05 0.05 0.20 0.05 1 1 0 1 1 0 2 5 1 4 3 6
 15   1   3   1   7   1   1 0.53 0.53 0.50 0.56 0.70 0.56 0 1 1 1 1 1 4 6 5 3 2 1
 16   1   8   1   4   0   2 0.02 0.02 0.05 0.05 0.20 0.05 1 0 1 1 1 0 4 3 1 5 6 2
 17   1   6   1   7   0   1 0.53 0.48 0.50 0.56 0.70 0.56 1 1 0 0 1 1 1 5 6 2 4 3
 18   1   4   1   2   0   1 0.53 0.48 0.53 0.56 0.70 0.56 1 0 1 1 0 1 1 4 3 6 2 5
 19   1   5   1   0   4   2 0.02 0.02 0.05 0.05 0.20 0.08 0 0 0 0 0 0 3 4 1 6 2 5
 20   1   7   1   1   0   2 0.02 0.02 0.05 0.05 0.20 0.08 1 0 1 0 1 1 6 1 3 5 4 2
 21   1   3   1   6   2   2 0.02 0.05 0.05 0.05 0.20 0.08 1 0 1 1 0 1 3 1 4 2 5 6
 22   1   7   1  -4   0   2 0.02 0.05 0.05 0.05 0.20 0.03 1 0 1 1 1 0 1 3 4 5 2 6
 23   1   6   1   4   0   2 0.02 0.05 0.05 0.05 0.20 0.03 1 0 1 1 1 0 1 5 3 4 6 2
 24   1   2   1  -7   1   1 0.53 0.48 0.53 0.56 0.70 0.56 1 1 1 1 1 1 1 3 2 4 5 6
 25   1   7   1   4   0   2 0.02 0.08 0.05 0.05 0.20 0.06 0 1 1 0 1 1 3 5 2 6 4 1
 26   1   2   1  -2   1   1 0.53 0.48 0.53 0.56 0.65 0.51 1 1 1 1 1 1 2 3 4 5 6 1
 27   1   8   1   1   0   2 0.02 0.08 0.05 0.08 0.20 0.06 1 0 1 0 1 1 1 6 3 5 4 2
 28   1   6   1   6   2   2 0.02 0.08 0.05 0.08 0.20 0.06 1 0 1 0 1 1 6 5 1 2 4 3
 29   1   4   1  -6   0   2 0.02 0.08 0.02 0.08 0.20 0.06 0 1 1 1 0 1 3 6 4 2 1 5
 30   1   2   1  -4   0   2 0.05 0.08 0.02 0.08 0.20 0.06 1 1 1 0 0 1 3 2 6 1 4 5
 31   1   7   1   7   1   1 0.48 0.48 0.53 0.56 0.65 0.46 1 1 1 1 1 1 3 6 1 5 4 2
 32   1   8   1  -2   0   2 0.05 0.08 0.02 0.11 0.23 0.06 0 1 0 1 1 1 5 2 4 6 3 1
 33   0   3   1 -10   0   1 0.48 0.43 0.53 0.51 0.65 0.46 0 1 0 1 1 1 6 4 2 5 3 1
 34   1   5   1  -5   0   2 0.05 0.08 0.02 0.11 0.23 0.06 1 1 1 0 1 0 2 1 3 5 6 4
 35   1   3   1   4   0   2 0.05 0.08 0.02 0.11 0.23 0.06 0 1 1 1 0 1 6 3 2 4 1 5
 36   1   6   1   7   1   1 0.48 0.43 0.53 0.51 0.65 0.46 1 1 1 1 1 1 4 2 5 3 1 6
 37   1   4   1   5   1   1 0.43 0.43 0.53 0.51 0.65 0.41 1 1 1 1 1 1 6 3 5 1 4 2
 38   1   9   1   7   1   1 0.43 0.38 0.53 0.46 0.65 0.41 1 1 1 1 1 1 1 4 2 5 3 6
 39   1   3   1   5   0   1 0.43 0.38 0.48 0.46 0.65 0.36 0 1 1 1 1 0 3 5 2 4 6 1
 40   1   5   1   2   1   1 0.43 0.38 0.48 0.46 0.65 0.36 1 1 1 1 1 1 6 2 4 1 5 3
 41   0   5   1  10   0   1 0.43 0.38 0.43 0.46 0.60 0.36 0 1 1 0 1 1 3 5 2 6 1 4
 42   1   4   1  -5   1   1 0.43 0.38 0.43 0.46 0.60 0.36 1 1 1 1 1 1 2 5 1 4 6 3
 43   1   2   1  -1   0   2 0.08 0.08 0.02 0.11 0.23 0.06 1 1 1 0 0 1 2 3 1 6 5 4
 44   1   1   1  -8   0   2 0.08 0.08 0.02 0.14 0.26 0.06 1 1 1 1 0 0 1 3 4 2 5 6
 45   1   6   1   9   0   2 0.08 0.08 0.02 0.14 0.26 0.09 1 0 0 1 1 1 1 4 6 5 3 2
 46   1   8   1   5   0   1 0.43 0.38 0.38 0.46 0.60 0.31 0 1 1 0 1 1 3 5 6 2 1 4
 47   0   1   1  -6   3   2 0.08 0.11 0.05 0.14 0.26 0.09 0 1 1 0 1 1 2 4 1 5 3 6
 48   1   7   1   6   1   1 0.46 0.38 0.38 0.46 0.60 0.31 0 1 1 1 1 1 2 4 6 3 5 1
 49   1   9   1   4   0   2 0.08 0.11 0.05 0.14 0.26 0.09 1 1 0 0 1 1 6 5 1 2 4 3
 50   1   2   1  -1   0   1 0.46 0.38 0.38 0.46 0.55 0.31 1 0 0 1 1 1 6 5 1 4 3 2
 51   1   2   1  -3   1   1 0.46 0.38 0.38 0.46 0.55 0.31 0 1 1 1 1 1 6 2 4 3 5 1
 52   1   6   1   9   0   2 0.08 0.11 0.05 0.14 0.26 0.09 1 0 0 1 1 1 1 5 6 4 2 3
 53   1   1   1  -1   0   2 0.08 0.11 0.08 0.14 0.26 0.09 0 0 1 1 1 1 3 5 4 6 1 2
 54   0   1   1  -6   3   1 0.46 0.38 0.38 0.46 0.50 0.31 0 0 1 1 1 1 4 5 3 2 6 1
 55   1   5   1   5   0   2 0.08 0.14 0.08 0.14 0.26 0.09 0 1 1 0 1 1 2 6 3 5 1 4
 56   1   8   1   6   0   1 0.46 0.38 0.38 0.46 0.50 0.31 1 1 0 0 1 1 1 5 6 2 4 3
 57   1   7   1   6   0   1 0.46 0.38 0.41 0.49 0.50 0.31 0 1 1 0 1 1 3 5 2 6 4 1
 58   1   2   1   2   0   2 0.11 0.14 0.08 0.17 0.26 0.09 1 0 1 1 1 0 1 3 5 4 6 2
 59   1   9   1   7   0   1 0.46 0.38 0.41 0.49 0.50 0.31 1 1 0 1 1 0 1 2 4 5 6 3
 60   1   4   1   1   0   1 0.46 0.38 0.41 0.49 0.50 0.31 1 1 0 1 0 1 6 1 4 2 3 5
 61   1   1   1   1   0   1 0.46 0.38 0.44 0.49 0.50 0.31 0 1 0 1 1 1 4 5 2 6 1 3
 62   1   4   1   2   0   1 0.49 0.38 0.44 0.49 0.50 0.31 1 1 1 1 0 0 4 1 2 3 6 5
 63   1   6   1   7   0   2 0.11 0.14 0.08 0.17 0.26 0.09 1 1 1 0 1 0 2 1 5 3 4 6
 64   1   5   1   4   0   2 0.11 0.14 0.08 0.17 0.26 0.12 0 1 0 1 1 1 2 5 6 4 1 3
 65   1   5   1   5   0   2 0.11 0.14 0.08 0.17 0.26 0.12 0 0 1 1 1 1 4 5 6 3 2 1
 66   1   5   1   3   0   2 0.14 0.17 0.08 0.17 0.26 0.12 1 0 1 1 0 1 6 1 3 4 2 5
 67   1   4   1   2   0   2 0.14 0.17 0.08 0.17 0.29 0.12 1 1 1 0 1 0 1 5 2 3 4 6
 68   1   8   1   8   1   1 0.49 0.38 0.44 0.49 0.53 0.34 1 1 1 1 1 1 5 2 4 6 1 3
 69   0   6   1  10   0   1 0.44 0.38 0.39 0.49 0.53 0.34 1 1 0 1 1 0 4 2 1 5 3 6
 70   1   5   1  -3   0   1 0.44 0.38 0.39 0.49 0.53 0.34 0 1 1 1 0 1 6 3 4 2 1 5
 71   1   5   1   4   0   1 0.44 0.38 0.39 0.49 0.53 0.34 1 1 1 1 0 0 1 3 2 4 6 5
 72   1   3   1   5   0   1 0.44 0.38 0.39 0.49 0.56 0.34 1 0 1 1 0 1 6 3 1 4 5 2
 73   1   6   1   7   0   2 0.14 0.17 0.08 0.20 0.29 0.12 1 1 1 0 1 0 5 3 2 1 6 4
 74   1   4   1   1   0   2 0.14 0.17 0.08 0.20 0.29 0.15 1 1 1 0 1 0 5 2 3 1 4 6
 75   1   4   1  -4   0   2 0.14 0.17 0.08 0.23 0.29 0.15 1 1 0 1 0 1 4 6 2 1 5 3
 76   1   6   1   4   0   1 0.44 0.41 0.39 0.49 0.56 0.34 1 1 0 1 1 0 2 4 5 1 3 6
 77   1   2   1  -1   0   2 0.14 0.17 0.11 0.23 0.29 0.15 0 1 1 1 0 1 4 3 2 6 1 5
 78   1   6   1   1   1   1 0.44 0.41 0.39 0.49 0.56 0.37 1 1 0 1 1 1 6 1 4 2 5 3
 79   1   1   1  -7   2   2 0.14 0.17 0.11 0.23 0.32 0.15 0 1 1 1 0 1 2 6 3 5 1 4
 80   1   7   1  -4   0   1 0.44 0.41 0.39 0.49 0.51 0.37 1 0 1 0 1 1 3 6 1 5 2 4
 81   0   3   1 -10   0   2 0.14 0.17 0.11 0.18 0.32 0.15 0 1 1 1 0 1 3 6 2 4 5 1
 82   1   9   1   4   2   1 0.44 0.41 0.39 0.52 0.51 0.37 0 1 1 1 0 1 4 1 6 3 5 2
 83   1   7   1  -6   0   2 0.14 0.17 0.11 0.18 0.32 0.15 1 1 1 0 1 0 5 1 2 3 6 4
 84   1   6   1   0   0   1 0.44 0.36 0.39 0.52 0.51 0.37 0 1 0 1 1 1 6 4 2 5 3 1
 85   1   1   1  -7   1   2 0.14 0.17 0.11 0.18 0.32 0.18 0 1 1 1 1 1 4 3 6 2 5 1
 86   0   6   1  10   0   1 0.47 0.36 0.42 0.52 0.51 0.37 0 1 1 0 1 1 3 5 2 6 1 4
 87   1   9   1   9   1   1 0.47 0.36 0.42 0.52 0.51 0.37 1 1 1 1 1 1 1 6 5 4 2 3
 88   0   4   1  10   0   1 0.47 0.31 0.37 0.52 0.51 0.37 0 1 1 1 0 1 6 4 2 3 1 5
 89   1   1   1  -4   2   1 0.47 0.31 0.37 0.52 0.51 0.37 0 1 1 1 0 1 1 3 4 2 5 6
 90   1   7   1  -8   0   1 0.47 0.31 0.37 0.52 0.51 0.32 0 1 1 0 1 1 5 6 3 2 4 1
 91   1   7   1   7   1   1 0.47 0.31 0.37 0.52 0.51 0.32 1 1 1 1 1 1 1 6 4 5 2 3
 92   1   8   1   0   0   2 0.14 0.17 0.11 0.18 0.27 0.18 1 0 1 1 1 0 1 3 5 4 2 6
 93   1   7   1  -4   2   1 0.47 0.26 0.32 0.52 0.51 0.32 0 1 1 0 1 1 6 1 2 3 4 5
 94   1   9   1   7   0   2 0.14 0.20 0.11 0.18 0.27 0.18 1 1 0 1 0 1 1 6 2 4 5 3
 95   1   4   1  -8   0   2 0.14 0.20 0.11 0.18 0.27 0.18 1 1 1 0 0 1 3 6 2 1 4 5
 96   1   9   1   7   0   2 0.14 0.20 0.11 0.21 0.30 0.18 1 1 0 1 0 1 6 4 2 1 3 5
 97   1   3   1   5   0   2 0.14 0.20 0.14 0.21 0.30 0.18 1 0 0 1 1 1 1 6 4 5 2 3
 98   1   2   1  -2   0   2 0.14 0.20 0.14 0.21 0.30 0.18 0 1 0 1 1 1 4 5 2 6 3 1
 99   0   2   1 -10   0   1 0.47 0.26 0.32 0.52 0.46 0.32 1 0 1 1 1 0 1 3 4 5 6 2
100   1   3   1   3   0   2 0.17 0.20 0.17 0.21 0.30 0.18 0 1 1 0 1 1 5 3 6 2 1 4
101   1   8   1   3   0   1 0.47 0.26 0.32 0.52 0.46 0.32 1 1 0 1 0 1 2 6 4 1 3 5
102   1   9   1   5   0   2 0.17 0.20 0.17 0.21 0.30 0.18 0 0 1 1 1 1 4 6 5 3 2 1
103   1   9   1   4   0   2 0.20 0.23 0.17 0.21 0.30 0.18 1 1 1 0 1 0 3 2 1 5 6 4
104   1   5   1   0   0   1 0.47 0.26 0.32 0.52 0.46 0.32 1 0 0 1 1 1 1 5 6 4 3 2
105   1   5   1  -2   0   2 0.20 0.23 0.17 0.24 0.30 0.21 1 1 1 0 0 1 6 3 1 2 4 5
106   1   9   1   9   1   1 0.47 0.26 0.35 0.52 0.46 0.32 1 1 1 1 1 1 6 2 1 3 4 5
107   1   1   1  -6   1   2 0.20 0.23 0.17 0.24 0.33 0.21 1 1 1 1 1 0 5 1 4 3 2 6
108   1   4   1  -9   1   1 0.47 0.26 0.35 0.47 0.41 0.32 1 1 1 1 1 1 4 5 1 3 2 6
109   1   5   1  -6   0   1 0.47 0.21 0.35 0.47 0.41 0.27 0 1 1 1 1 0 2 4 3 5 1 6
110   1   6   1   7   1   2 0.20 0.18 0.17 0.24 0.33 0.21 1 0 1 1 1 1 1 4 5 3 6 2
111   1   2   1  -4   0   1 0.50 0.21 0.35 0.47 0.41 0.27 0 1 0 1 1 1 5 6 4 2 1 3
112   1   7   1  -2   1   1 0.50 0.21 0.35 0.47 0.41 0.27 1 1 0 1 1 1 1 2 6 5 4 3
113   1   3   1   5   0   2 0.20 0.18 0.17 0.24 0.33 0.16 1 0 1 0 1 1 5 1 3 6 4 2
114   1   3   1  -4   0   2 0.20 0.18 0.17 0.27 0.33 0.16 0 1 0 1 1 1 6 4 5 2 3 1
115   1   5   1  -7   2   1 0.50 0.21 0.35 0.42 0.41 0.27 1 0 0 1 0 0 1 3 2 4 6 5
116   1   2   1  -5   0   2 0.20 0.18 0.17 0.27 0.33 0.16 0 1 0 1 1 1 5 6 4 2 3 1
117   1   4   1  -9   2   1 0.50 0.21 0.35 0.42 0.41 0.27 1 0 1 1 0 1 4 5 1 3 6 2
118   1   2   1   1   0   2 0.23 0.18 0.20 0.27 0.33 0.16 1 0 1 0 1 1 3 6 1 5 4 2
119   1   5   1  -7   0   2 0.23 0.21 0.20 0.27 0.33 0.16 0 1 1 1 0 1 3 6 2 4 1 5
120   1   2   1  -6   2   2 0.23 0.21 0.20 0.27 0.33 0.16 0 0 1 1 1 0 5 2 4 3 6 1
121   1   8   1   4   0   2 0.23 0.21 0.20 0.27 0.33 0.16 1 1 1 0 0 1 3 1 2 6 5 4
122   1   8   1   6   1   1 0.50 0.21 0.35 0.42 0.41 0.22 1 1 1 1 1 1 1 2 3 5 6 4
123   1   6   1   8   0   2 0.23 0.21 0.20 0.30 0.36 0.16 1 1 0 1 1 0 1 5 2 4 3 6
124   1   2   1   1   0   1 0.50 0.21 0.35 0.37 0.41 0.17 0 1 0 1 1 1 5 6 4 2 3 1
125   1   8   1   0   0   1 0.53 0.21 0.38 0.37 0.41 0.17 1 1 1 1 0 0 3 4 2 1 5 6
126   1   3   1  -3   1   1 0.53 0.21 0.38 0.37 0.41 0.17 1 1 1 1 1 1 3 1 2 4 6 5
127   1   3   1   7   0   1 0.53 0.21 0.38 0.37 0.36 0.12 1 0 1 1 1 0 3 1 5 4 6 2
128   1   9   1   7   0   1 0.53 0.21 0.38 0.37 0.36 0.12 1 0 1 0 1 1 1 5 6 3 4 2
129   1   9   1   8   0   2 0.23 0.21 0.20 0.30 0.36 0.16 1 1 1 1 0 0 2 1 3 4 5 6
130   1   4   1  -8   0   1 0.53 0.24 0.38 0.37 0.36 0.12 1 1 0 1 1 0 1 5 2 4 3 6
131   1   9   1   9   0   2 0.23 0.21 0.20 0.30 0.36 0.19 1 0 0 1 1 1 4 1 5 6 3 2
132   1   9   1   9   2   2 0.23 0.21 0.23 0.30 0.36 0.19 1 0 0 1 1 1 1 5 2 4 3 6
133   1   5   1   1   0   1 0.53 0.24 0.38 0.37 0.36 0.15 1 0 1 1 0 1 3 1 4 6 2 5
134   1   3   1   6   0   1 0.53 0.24 0.38 0.37 0.36 0.15 1 0 0 1 1 1 6 1 4 5 2 3
135   1   1   1  -9   1   1 0.53 0.27 0.41 0.37 0.36 0.15 1 1 1 0 1 1 3 5 6 1 2 4
136   1   5   1  -2   0   1 0.53 0.22 0.41 0.37 0.36 0.15 0 0 1 1 1 1 3 6 4 5 2 1
137   1   1   1  -6   0   1 0.53 0.22 0.41 0.37 0.36 0.15 1 1 1 0 1 0 1 3 2 5 6 4
138   1   5   1  -2   0   2 0.23 0.21 0.23 0.30 0.36 0.14 0 1 1 1 1 0 3 2 4 5 1 6
139   1   3   1   4   1   2 0.26 0.21 0.23 0.30 0.36 0.14 1 1 0 1 1 1 6 1 2 4 5 3
140   1   2   1   0   0   1 0.53 0.22 0.41 0.40 0.36 0.15 1 0 0 1 1 1 6 1 4 5 3 2
141   0   3   1 -10   0   1 0.53 0.25 0.41 0.40 0.36 0.15 0 0 1 1 1 1 4 3 6 5 2 1
142   1   9   1   8   1   1 0.53 0.25 0.41 0.40 0.36 0.15 1 1 1 1 1 0 3 1 2 4 5 6
143   1   2   1   0   0   1 0.53 0.25 0.41 0.40 0.31 0.15 1 0 0 1 1 1 4 1 5 6 3 2
144   1   5   1   2   1   1 0.53 0.25 0.44 0.40 0.31 0.15 1 1 1 1 0 1 4 2 1 3 6 5
145   1   7   1  -3   1   2 0.26 0.21 0.23 0.30 0.31 0.14 1 1 1 1 1 0 4 3 1 5 2 6
146   1   4   1  -7   0   2 0.26 0.16 0.23 0.30 0.31 0.14 0 0 1 1 1 1 5 3 6 4 1 2
147   1   2   1  -3   1   2 0.26 0.16 0.23 0.30 0.31 0.14 1 1 1 1 1 0 4 3 5 2 1 6
148   1   1   1  -8   0   2 0.21 0.16 0.23 0.30 0.31 0.14 1 1 1 0 0 1 3 1 2 6 5 4
149   1   4   1  -8   0   2 0.21 0.16 0.23 0.30 0.31 0.14 1 1 0 0 1 1 1 2 5 6 3 4
150   1   7   1  -7   0   1 0.53 0.25 0.44 0.40 0.31 0.10 0 1 0 1 1 1 6 5 2 4 3 1
151   1   9   1   7   0   2 0.21 0.16 0.23 0.33 0.31 0.14 1 1 1 0 1 0 5 2 3 1 6 4
152   1   9   1   5   2   1 0.56 0.25 0.44 0.40 0.31 0.10 1 1 1 1 0 0 5 4 1 2 3 6
153   1   6   1   8   2   2 0.21 0.16 0.23 0.33 0.31 0.17 1 0 1 0 1 1 4 1 2 6 3 5
154   0   5   1  10   0   2 0.21 0.16 0.18 0.33 0.26 0.17 0 1 1 1 0 1 4 3 6 2 1 5
155   0   4   1  10   0   2 0.21 0.16 0.18 0.33 0.26 0.17 1 0 1 1 1 0 5 1 3 4 6 2
156   1   1   1   6   0   2 0.21 0.16 0.18 0.33 0.26 0.17 1 1 0 1 0 1 4 2 6 1 3 5
157   1   7   1  -8   0   1 0.56 0.25 0.39 0.40 0.31 0.10 1 0 0 1 1 1 5 6 4 1 3 2
158   1   3   1   6   1   2 0.21 0.16 0.18 0.33 0.26 0.17 0 1 1 1 1 1 3 2 4 6 5 1
159   1   5   1   0   0   2 0.21 0.16 0.18 0.33 0.21 0.17 0 1 1 1 1 0 3 2 5 4 1 6
160   1   7   1   6   1   1 0.56 0.28 0.39 0.40 0.31 0.10 0 1 1 1 1 1 2 4 5 6 3 1
161   1   5   1  -6   1   1 0.56 0.28 0.34 0.40 0.31 0.10 1 1 1 0 1 1 3 6 2 5 1 4
162   1   4   1  -9   0   2 0.21 0.16 0.18 0.33 0.21 0.17 0 1 1 0 1 1 5 3 2 6 4 1
163   1   7   1  -8   0   2 0.24 0.16 0.18 0.36 0.21 0.17 1 1 1 1 0 0 1 4 3 2 6 5
164   1   3   1   6   0   1 0.51 0.28 0.34 0.40 0.31 0.10 1 1 1 1 0 0 2 3 4 1 6 5
165   1   4   1  -7   0   1 0.51 0.28 0.34 0.40 0.31 0.10 0 0 1 1 1 1 6 4 3 5 1 2
166   1   9   1   7   1   1 0.51 0.28 0.34 0.40 0.31 0.10 0 1 1 1 1 1 4 3 5 6 2 1
167   0   6   1  10   0   2 0.24 0.16 0.18 0.36 0.21 0.20 0 1 1 1 1 0 5 3 4 2 6 1
168   1   9   1   6   1   1 0.51 0.23 0.34 0.40 0.31 0.10 1 1 1 1 0 1 3 6 2 1 4 5
169   1   3   1   2   0   2 0.24 0.16 0.18 0.36 0.21 0.20 1 0 1 1 1 0 1 4 5 3 6 2
170   1   8   1   1   0   2 0.24 0.19 0.18 0.36 0.21 0.20 1 0 1 1 1 0 5 4 1 3 6 2
171   1   3   1   7   0   1 0.51 0.23 0.34 0.35 0.31 0.10 1 1 0 1 0 1 2 6 1 4 3 5
172   1   1   1  -4   0   1 0.51 0.23 0.34 0.35 0.34 0.10 0 1 1 1 1 0 4 2 5 3 6 1
173   1   6   1   4   0   1 0.54 0.23 0.34 0.35 0.34 0.13 1 1 1 1 0 0 4 2 1 3 6 5
174   0   2   1 -10   0   1 0.54 0.23 0.34 0.35 0.34 0.13 0 1 1 0 1 1 5 6 3 2 1 4
175   1   8   1   1   0   1 0.54 0.23 0.34 0.35 0.34 0.13 0 1 1 1 1 0 4 2 5 3 1 6
176   1   3   1   6   0   2 0.24 0.19 0.18 0.36 0.21 0.23 1 1 1 1 0 0 3 1 4 2 5 6
177   0   3   1 -10   0   2 0.24 0.19 0.18 0.36 0.24 0.23 1 1 0 1 0 1 2 6 1 4 3 5
178   1   8   1  -5   0   2 0.24 0.19 0.18 0.36 0.24 0.23 0 1 1 1 1 0 2 4 5 3 1 6
179   1   9   1   7   1   1 0.54 0.23 0.34 0.35 0.34 0.16 1 1 1 1 1 0 2 4 5 3 1 6
180   1   7   1  -6   0   2 0.24 0.19 0.18 0.36 0.24 0.26 1 1 0 0 1 1 5 2 6 1 4 3
181   1   5   1   3   2   2 0.24 0.19 0.21 0.36 0.24 0.26 1 0 1 1 1 0 4 1 2 3 6 5
182   1   4   1  -5   0   2 0.24 0.19 0.21 0.36 0.19 0.26 1 1 1 0 1 0 3 1 5 2 6 4
183   1   7   1  -4   0   2 0.24 0.19 0.21 0.39 0.19 0.26 1 0 1 1 1 0 5 1 4 3 2 6
184   1   9   1   2   0   2 0.24 0.22 0.21 0.39 0.19 0.29 0 0 1 1 1 1 4 6 3 5 1 2
185   1   7   1  -8   0   2 0.27 0.22 0.21 0.39 0.19 0.29 1 0 1 0 1 1 5 1 3 6 2 4
186   1   4   1  -9   0   1 0.49 0.23 0.34 0.35 0.34 0.16 0 1 1 0 1 1 5 2 6 3 1 4
187   1   9   1   7   0   1 0.49 0.23 0.34 0.35 0.34 0.16 1 1 1 0 1 0 2 1 3 5 6 4
188   1   1   1  -7   0   2 0.27 0.25 0.21 0.39 0.19 0.29 1 1 0 1 1 0 5 4 1 2 6 3
189   1   8   1  -1   0   2 0.27 0.25 0.21 0.39 0.19 0.29 0 1 1 1 0 1 2 4 6 3 5 1
190   1   6   1   4   1   1 0.49 0.23 0.34 0.38 0.34 0.16 1 1 0 1 1 1 1 6 5 4 2 3
191   1   6   1   4   0   1 0.49 0.18 0.34 0.38 0.34 0.16 1 1 0 1 0 1 6 1 4 2 3 5
192   1   8   1  -2   0   2 0.27 0.25 0.21 0.39 0.19 0.29 0 1 1 0 1 1 2 3 5 6 4 1
193   1   3   1   6   0   1 0.49 0.18 0.37 0.38 0.37 0.16 1 0 1 1 0 1 3 6 1 4 2 5
194   1   6   1   6   0   2 0.30 0.25 0.21 0.42 0.19 0.29 0 0 1 1 1 1 3 4 5 6 2 1
195   1   8   1   7   1   1 0.49 0.18 0.37 0.38 0.37 0.16 1 1 1 1 1 0 3 4 1 2 5 6
196   0   4   1   4   3   2 0.30 0.25 0.21 0.42 0.19 0.29 1 1 0 1 1 1 4 5 1 6 3 2
197   1   6   1   6   1   1 0.49 0.18 0.37 0.38 0.32 0.16 1 1 1 0 1 1 5 6 1 3 2 4
198   1   6   1   8   1   2 0.30 0.25 0.21 0.42 0.19 0.29 1 1 0 1 1 1 1 2 5 6 3 4
199   1   3   1   4   0   1 0.49 0.13 0.37 0.38 0.32 0.16 1 1 0 0 1 1 1 2 5 6 3 4
200   1   1   1  -6   0   1 0.49 0.13 0.37 0.38 0.32 0.16 0 1 0 1 1 1 6 5 2 4 1 3
201   1   3   1   4   0   2 0.30 0.25 0.21 0.37 0.19 0.29 1 1 0 0 1 1 5 2 1 6 3 4
202   1   5   1   6   1   2 0.30 0.25 0.24 0.37 0.19 0.29 1 0 1 1 1 1 1 5 4 3 2 6
203   1   7   1  -4   0   1 0.52 0.13 0.40 0.38 0.32 0.16 1 0 1 0 1 1 6 5 3 1 2 4
204   1   4   1  -3   0   1 0.52 0.13 0.40 0.41 0.32 0.16 0 1 1 1 0 1 3 4 2 6 1 5
205   1   4   1   2   1   2 0.30 0.25 0.24 0.37 0.19 0.24 1 1 1 1 1 1 4 2 6 3 1 5
206   0   1   1 -10   0   2 0.25 0.25 0.24 0.37 0.14 0.24 1 0 1 0 1 1 6 5 3 1 4 2
207   1   1   1  -2   0   2 0.25 0.25 0.24 0.37 0.14 0.24 1 1 1 1 0 0 3 4 2 1 6 5
208   1   4   1  -4   1   2 0.25 0.25 0.24 0.37 0.14 0.24 1 1 1 0 1 1 3 5 6 2 4 1
209   1   8   1   3   1   2 0.20 0.25 0.24 0.37 0.14 0.24 1 1 1 1 1 1 1 6 5 2 4 3
210   1   1   1  -5   1   2 0.20 0.25 0.19 0.32 0.14 0.24 1 1 0 1 1 1 1 4 2 6 3 5
211   1   1   1  -8   1   1 0.52 0.13 0.40 0.41 0.32 0.16 1 1 0 1 1 1 1 4 2 6 5 3
212   1   6   1   7   0   1 0.52 0.13 0.40 0.41 0.27 0.16 0 1 1 0 1 1 6 2 3 5 4 1
213   1   5   1   1   0   1 0.55 0.13 0.40 0.41 0.27 0.16 1 1 1 1 0 0 2 4 1 3 6 5
214   1   1   1 -10   1   1 0.55 0.13 0.40 0.41 0.27 0.19 1 1 1 1 1 1 6 5 1 3 2 4
215   1   8   1   7   1   1 0.55 0.08 0.40 0.36 0.27 0.19 1 1 1 1 1 1 5 3 1 2 6 4
216   1   9   1   9   0   2 0.20 0.25 0.19 0.32 0.09 0.24 1 1 0 1 1 0 4 5 1 2 6 3
217   1   8   1   1   1   2 0.20 0.25 0.19 0.32 0.09 0.27 1 1 1 0 1 1 2 5 1 3 4 6
218   1   3   1   4   1   2 0.20 0.25 0.19 0.32 0.09 0.22 1 1 1 0 1 1 1 6 5 3 4 2
219   1   2   1   2   2   2 0.20 0.20 0.19 0.32 0.09 0.22 1 1 0 0 1 1 1 5 2 4 3 6
220   1   4   1  -7   2   2 0.20 0.20 0.19 0.32 0.09 0.17 1 1 0 1 0 0 2 4 1 3 5 6
221   1   5   1   0   0   2 0.20 0.20 0.19 0.32 0.09 0.17 1 0 1 1 1 0 4 5 1 3 2 6
222   1   6   1   5   0   1 0.55 0.08 0.40 0.31 0.27 0.14 1 0 0 1 1 1 4 1 6 5 3 2
223   1   2   1   0   0   1 0.55 0.08 0.40 0.31 0.27 0.14 0 1 0 1 1 1 6 4 5 2 3 1
224   1   7   1  -8   0   2 0.20 0.20 0.19 0.32 0.09 0.17 1 1 1 0 1 0 5 3 2 1 4 6
225   1   7   1  -7   0   2 0.20 0.20 0.19 0.32 0.09 0.20 0 1 1 0 1 1 3 6 2 5 4 1
226   0   1   1 -10   0   1 0.55 0.08 0.43 0.31 0.27 0.14 0 1 0 1 1 1 2 4 6 5 3 1
227   1   9   1   9   1   1 0.55 0.08 0.43 0.31 0.27 0.14 1 1 0 1 1 1 4 2 5 6 1 3
228   1   2   1  -5   1   1 0.50 0.08 0.43 0.31 0.27 0.14 1 1 0 1 1 1 6 1 5 2 4 3
229   1   1   1  -8   1   1 0.50 0.08 0.43 0.26 0.27 0.14 1 1 1 1 1 0 1 2 5 3 4 6
230   1   9   1   8   1   1 0.50 0.08 0.43 0.21 0.27 0.14 1 1 1 1 1 1 4 2 3 5 6 1
231   1   2   1   0   0   1 0.45 0.08 0.43 0.21 0.27 0.09 1 0 1 1 0 1 1 3 4 6 2 5
232   1   4   1  -8   1   1 0.45 0.11 0.43 0.21 0.30 0.09 0 1 1 1 1 1 4 2 5 6 3 1
233   1   2   1  -3   0   2 0.20 0.20 0.19 0.35 0.09 0.20 1 1 0 1 0 1 4 2 1 6 5 3
234   1   8   1   0   0   1 0.45 0.11 0.38 0.21 0.30 0.09 1 0 0 1 1 1 4 6 5 1 3 2
235   1   3   1  -3   1   1 0.45 0.11 0.38 0.21 0.30 0.09 1 1 1 1 0 1 2 3 1 4 6 5
236   1   6   1   4   1   1 0.45 0.11 0.38 0.21 0.30 0.04 1 1 0 1 1 1 1 6 4 2 5 3
237   0   4   1   5   3   1 0.45 0.11 0.38 0.21 0.25 0.04 1 1 0 1 1 1 2 4 6 5 3 1
238   1   7   1  -2   1   1 0.45 0.11 0.38 0.21 0.25 0.04 1 0 1 1 1 1 5 4 6 3 1 2
239   1   2   1  -5   1   1 0.40 0.11 0.38 0.21 0.25 0.04 1 1 0 1 1 1 2 6 1 4 5 3
240   1   3   1  -4   1   2 0.20 0.20 0.22 0.35 0.09 0.20 1 1 1 0 1 1 1 2 6 3 4 5
241   1   8   1   3   1   1 0.40 0.11 0.38 0.21 0.20 0.04 1 1 0 1 1 1 2 5 1 6 4 3
242   1   8   1   0   0   2 0.20 0.20 0.22 0.35 0.04 0.20 1 1 1 0 0 1 1 6 2 3 5 4
243   1   4   1  -5   1   2 0.20 0.20 0.22 0.35 0.04 0.20 0 1 1 1 1 1 5 2 4 6 1 3
244   1   7   1  -8   0   2 0.20 0.20 0.17 0.35 0.04 0.20 0 1 1 0 1 1 3 6 2 5 4 1
245   1   4   1  -9   1   1 0.40 0.11 0.38 0.16 0.20 0.04 1 0 1 1 1 1 4 5 1 6 3 2
246   0   2   1 -10   0   2 0.23 0.20 0.17 0.38 0.04 0.20 0 1 1 1 1 0 5 2 4 3 1 6
247   1   8   1   3   1   2 0.23 0.20 0.17 0.38 0.04 0.20 1 1 1 0 1 1 3 5 6 1 4 2
248   1   1   1  -4   1   2 0.23 0.15 0.17 0.38 0.04 0.20 1 1 1 1 1 0 3 5 4 2 6 1
249   1   1   1  -4   1   1 0.40 0.11 0.33 0.16 0.20 0.04 1 0 1 1 1 1 1 3 6 5 4 2
250   1   6   1   8   1   2 0.18 0.15 0.17 0.38 0.04 0.20 1 1 1 0 1 1 5 1 6 3 4 2
251   1   9   1   4   1   2 0.18 0.10 0.17 0.38 0.04 0.20 1 1 1 1 1 0 3 2 4 5 6 1
252   1   2   1   0   0   2 0.13 0.10 0.17 0.38 0.04 0.20 1 1 0 1 0 1 6 2 1 4 5 3
253   1   1   1  -7   0   1 0.40 0.11 0.33 0.11 0.20 0.04 1 1 0 1 1 0 1 4 5 2 6 3
254   1   6   1   6   0   1 0.40 0.11 0.33 0.11 0.20 0.04 0 0 1 1 1 1 4 5 6 3 2 1
255   1   9   1   7   0   2 0.13 0.10 0.17 0.38 0.07 0.20 1 1 0 1 1 0 1 2 4 5 6 3
256   1   7   1  -6   0   1 0.40 0.14 0.33 0.11 0.20 0.04 0 1 0 1 1 1 5 4 2 6 3 1
257   1   7   1  -3   1   2 0.13 0.10 0.20 0.38 0.07 0.20 0 1 1 1 1 1 2 4 6 3 1 5
258   1   6   1   7   0   2 0.13 0.10 0.20 0.38 0.02 0.20 0 1 0 1 1 1 6 4 5 2 1 3
259   1   8   1   2   0   2 0.13 0.10 0.20 0.38 0.02 0.20 1 0 1 1 1 0 3 4 1 5 2 6
260   1   5   1   4   1   2 0.13 0.10 0.20 0.38 0.02 0.23 0 1 1 1 1 1 6 4 3 5 1 2
261   1   2   1  -3   0   2 0.13 0.05 0.20 0.38 0.02 0.23 1 1 1 1 0 0 1 2 4 3 6 5
262   1   5   1   0   0   1 0.43 0.14 0.36 0.11 0.20 0.04 0 1 1 0 1 1 5 6 3 2 1 4
263   1   3   1   6   0   2 0.13 0.05 0.20 0.38 0.02 0.23 0 1 1 1 0 1 4 2 6 3 5 1
264   1   1   1  -5   0   2 0.16 0.05 0.20 0.38 0.05 0.23 1 0 1 1 1 0 3 5 4 1 6 2
265   1   5   1  -5   1   1 0.43 0.14 0.36 0.11 0.20 0.04 0 1 1 1 1 1 2 6 3 4 5 1
266   1   6   1   6   0   1 0.43 0.14 0.36 0.11 0.15 0.04 1 1 0 0 1 1 6 2 5 1 3 4
267   1   8   1   0   0   1 0.43 0.14 0.36 0.14 0.15 0.04 1 0 1 0 1 1 5 6 3 1 2 4
268   1   1   1  -5   0   1 0.43 0.14 0.36 0.14 0.15 0.04 0 1 1 0 1 1 5 6 2 3 4 1
269   1   2   1  -4   2   1 0.46 0.14 0.36 0.17 0.15 0.04 0 1 1 1 1 0 2 4 3 1 6 5
270   1   3   1   8   0   1 0.46 0.14 0.36 0.17 0.10 0.04 1 1 0 1 1 0 4 2 5 1 6 3
271   1   3   1   8   0   1 0.46 0.14 0.39 0.17 0.10 0.07 0 1 1 0 1 1 2 6 3 5 1 4
272   1   4   1  -6   2   2 0.16 0.05 0.20 0.38 0.05 0.26 0 1 1 0 1 1 1 6 2 3 5 4
273   1   1   1  -5   0   1 0.46 0.14 0.39 0.17 0.10 0.07 1 0 1 0 1 1 1 5 6 3 4 2
274   0   5   1  10   0   1 0.46 0.17 0.39 0.20 0.10 0.07 0 1 0 1 1 1 5 4 6 2 3 1
275   1   2   1  -3   2   2 0.16 0.05 0.20 0.38 0.02 0.26 1 1 0 1 0 1 4 5 6 1 2 3
276   1   7   1  -8   0   2 0.16 0.02 0.20 0.38 0.02 0.26 1 1 0 1 0 1 2 1 4 6 5 3
