  1   1   9   1   5   1   1 0.50 0.50 0.50 0.50 0.50 0.50 1 1 1 1 1 1 5 2 6 3 1 4
  2   1   6   1   5   1   1 0.45 0.50 0.50 0.45 0.50 0.50 1 1 1 1 1 1 2 1 3 5 6 4
  3   1   8   1   4   1   1 0.45 0.50 0.50 0.40 0.50 0.45 1 1 1 1 1 1 5 4 1 2 6 3
  4   1   4   1  -2   1   1 0.45 0.50 0.45 0.40 0.50 0.40 1 1 1 1 1 1 2 4 6 3 5 1
  5   1   2   1  -2   0   2 0.10 0.10 0.10 0.10 0.10 0.10 1 0 0 1 1 1 1 6 5 4 2 3
  6   1   5   1   6   2   2 0.10 0.10 0.10 0.10 0.10 0.10 1 0 0 1 1 1 6 1 4 2 3 5
  7   1   8   1   6   0   2 0.10 0.10 0.10 0.10 0.05 0.10 0 1 1 0 1 1 2 3 5 6 4 1
  8   1   9   1   9   1   1 0.40 0.50 0.45 0.40 0.45 0.40 1 1 1 1 1 1 3 6 1 4 2 5
  9   1   1   1   5   1   1 0.40 0.45 0.45 0.40 0.40 0.40 1 1 1 1 1 1 3 4 5 6 2 1
 10   1   5   1   2   1   2 0.10 0.10 0.10 0.10 0.05 0.10 1 1 1 1 0 1 3 4 1 2 5 6
 11   1   4   1   4   0   2 0.10 0.10 0.10 0.10 0.05 0.05 1 0 0 1 1 1 4 5 1 6 3 2
 12   1   3   1   5   0   2 0.10 0.13 0.13 0.10 0.05 0.05 1 0 1 0 1 1 5 6 1 3 2 4
 13   1   5   1   7   1   1 0.35 0.40 0.45 0.40 0.40 0.40 1 1 1 1 1 1 1 2 5 6 3 4
 14   1   5   1   4   0   2 0.10 0.13 0.13 0.13 0.05 0.05 1 1 0 0 1 1 1 2 5 6 3 4
 15   1   7   1   4   0   2 0.10 0.13 0.13 0.13 0.05 0.05 0 1 0 1 1 1 6 5 2 4 1 3
 16   1   7   1   3   0   2 0.13 0.13 0.16 0.13 0.05 0.05 1 1 0 0 1 1 5 2 1 6 3 4
 17   1   6   1   5   1   1 0.35 0.40 0.40 0.35 0.40 0.40 1 1 1 1 1 0 1 5 4 3 2 6
 18   1   4   1  -2   0   2 0.13 0.13 0.16 0.16 0.05 0.05 1 0 1 0 1 1 6 5 3 1 2 4
 19   1   2   1   4   0   1 0.35 0.35 0.40 0.35 0.40 0.40 0 1 1 1 0 1 3 4 2 6 1 5
 20   1   2   1   3   0   2 0.13 0.16 0.16 0.16 0.05 0.05 0 1 1 1 0 1 4 2 6 3 1 5
 21   1   4   1   4   1   1 0.35 0.35 0.40 0.35 0.40 0.40 1 0 1 1 1 1 6 5 3 1 4 2
 22   1   1   1   3   1   1 0.35 0.35 0.40 0.30 0.40 0.40 1 1 1 1 1 1 3 4 2 1 6 5
 23   1   2   1   3   0   2 0.13 0.16 0.16 0.16 0.05 0.05 0 1 1 0 1 1 3 5 6 2 4 1
 24   1   6   1   5   1   1 0.35 0.35 0.40 0.30 0.35 0.35 1 1 0 1 1 1 1 6 5 2 4 3
 25   1   9   1   6   0   2 0.16 0.16 0.16 0.19 0.05 0.05 1 1 0 1 0 1 1 4 2 6 3 5
 26   1   7   1   6   1   1 0.35 0.35 0.40 0.25 0.35 0.35 1 1 0 1 1 1 1 4 2 6 5 3
 27   1   3   1   7   0   2 0.16 0.16 0.19 0.19 0.08 0.05 0 1 1 0 1 1 6 2 3 5 4 1
 28   1   3   1   6   0   2 0.16 0.16 0.19 0.19 0.08 0.05 1 1 1 1 0 0 2 4 1 3 6 5
 29   0   3   1  -3   0   1 0.35 0.35 0.40 0.25 0.30 0.35 1 0 1 0 1 1 6 5 1 3 2 4
 30   1   2   1   4   0   2 0.16 0.16 0.19 0.19 0.08 0.05 1 1 1 0 1 0 5 3 1 2 6 4
 31   1   1   1   2   1   1 0.35 0.35 0.40 0.25 0.30 0.35 1 1 1 1 1 1 4 5 1 2 6 3
 32   1   1   1   2   1   1 0.35 0.35 0.35 0.25 0.30 0.30 1 1 1 1 1 1 2 5 1 3 4 6
 33   1   8   1   2   0   1 0.35 0.35 0.35 0.20 0.30 0.25 1 0 1 0 1 1 1 6 5 3 4 2
 34   1   6   1   3   1   1 0.35 0.35 0.35 0.20 0.30 0.25 1 1 1 1 1 0 1 5 2 4 3 6
 35   1   1   1   2   1   1 0.35 0.35 0.30 0.20 0.30 0.25 1 1 1 1 1 0 2 4 1 3 5 6
 36   1   9   1   6   1   1 0.35 0.35 0.30 0.20 0.25 0.25 1 0 1 1 1 1 4 5 1 3 2 6
 37   1   8   1   4   0   2 0.16 0.16 0.19 0.22 0.08 0.08 1 0 0 1 1 1 4 1 6 5 3 2
 38   1   5   1   2   1   1 0.35 0.35 0.30 0.20 0.25 0.20 0 1 1 1 1 1 6 4 5 2 3 1
 39   1   8   1   5   0   2 0.16 0.16 0.19 0.22 0.08 0.08 1 1 1 0 1 0 5 3 2 1 4 6
 40   1   9   1   6   0   1 0.35 0.35 0.25 0.20 0.25 0.20 0 1 1 0 1 1 3 6 2 5 4 1
 41   1   5   1   6   0   1 0.38 0.35 0.25 0.23 0.25 0.20 0 1 0 1 1 1 2 4 6 5 3 1
 42   1   4   1   3   1   1 0.38 0.35 0.25 0.23 0.25 0.20 1 1 0 1 1 1 4 2 5 6 1 3
 43   1   9   1   6   0   1 0.33 0.35 0.25 0.23 0.25 0.20 1 1 0 0 1 1 6 1 5 2 4 3
 44   1   3   1   6   0   2 0.16 0.16 0.19 0.22 0.08 0.08 1 1 1 0 1 0 1 2 5 3 4 6
 45   1   1   1   2   0   2 0.16 0.16 0.19 0.25 0.08 0.11 0 1 1 1 1 0 4 2 3 5 6 1
 46   1   1   1   2   0   1 0.33 0.35 0.28 0.23 0.25 0.20 1 0 1 1 0 1 1 3 4 6 2 5
 47   1   3   1   9   0   1 0.33 0.38 0.28 0.23 0.25 0.20 0 1 0 1 1 1 4 2 5 6 3 1
 48   1   2   1   2   0   2 0.19 0.16 0.19 0.25 0.08 0.11 1 1 0 1 0 1 4 2 1 6 5 3
 49   1   7   1   1   0   2 0.19 0.16 0.22 0.25 0.11 0.11 1 0 0 1 1 1 4 6 5 1 3 2
 50   1   8   1   6   0   2 0.19 0.19 0.22 0.25 0.11 0.11 1 1 1 1 0 0 2 3 1 4 6 5
 51   1   5   1   6   0   1 0.33 0.38 0.28 0.23 0.25 0.20 1 1 0 1 0 1 1 6 4 2 5 3
 52   1   4   1   6   0   1 0.33 0.38 0.31 0.23 0.28 0.20 0 1 0 1 1 1 2 4 6 5 3 1
 53   1   4   1   2   0   2 0.19 0.19 0.22 0.25 0.11 0.14 0 0 1 1 1 1 5 4 6 3 1 2
 54   0   4   1  10   3   2 0.19 0.19 0.22 0.25 0.11 0.14 1 1 0 1 1 1 2 6 1 4 5 3
 55   1   3   1   8   0   2 0.19 0.19 0.22 0.25 0.11 0.14 1 1 1 0 0 1 1 2 6 3 4 5
 56   1   6   1   9   0   1 0.36 0.38 0.31 0.23 0.28 0.20 1 1 0 0 1 1 2 5 1 6 4 3
 57   0   6   1  10   0   2 0.19 0.19 0.22 0.25 0.14 0.14 1 1 1 0 0 1 1 6 2 3 5 4
 58   1   8   1   7   0   1 0.36 0.38 0.34 0.26 0.28 0.20 0 1 0 1 1 1 5 2 4 6 1 3
 59   1   9   1   9   0   1 0.36 0.38 0.34 0.26 0.28 0.20 0 1 1 0 1 1 3 6 2 5 4 1
 60   0   5   1  10   0   1 0.39 0.38 0.34 0.26 0.28 0.20 1 0 0 1 1 1 4 5 1 6 3 2
 61   1   3   1   8   0   2 0.19 0.19 0.22 0.25 0.14 0.14 0 1 1 1 1 0 5 2 4 3 1 6
 62   1   3   1   9   0   2 0.22 0.19 0.22 0.25 0.14 0.14 1 0 1 0 1 1 3 5 6 1 4 2
 63   1   3   1   8   0   1 0.39 0.38 0.34 0.26 0.28 0.20 0 1 1 1 1 0 3 5 4 2 6 1
 64   1   4   1   7   0   2 0.22 0.22 0.22 0.28 0.14 0.14 1 0 1 0 1 1 1 3 6 5 4 2
 65   1   9   1   8   0   2 0.22 0.22 0.22 0.28 0.14 0.14 1 0 1 0 1 1 5 1 6 3 4 2
 66   1   1   1   7   1   1 0.39 0.38 0.34 0.26 0.28 0.20 0 1 1 1 1 1 3 2 4 5 6 1
 67   1   2   1   6   0   2 0.22 0.25 0.22 0.31 0.14 0.14 1 1 0 1 0 1 6 2 1 4 5 3
 68   1   8   1   5   0   1 0.39 0.38 0.34 0.26 0.28 0.15 1 1 0 1 1 0 1 4 5 2 6 3
 69   1   2   1   6   0   2 0.22 0.25 0.25 0.31 0.14 0.14 0 0 1 1 1 1 4 5 6 3 2 1
 70   1   6   1   9   0   1 0.39 0.38 0.37 0.26 0.28 0.15 1 1 0 1 1 0 1 2 4 5 6 3
 71   1   3   1   9   0   2 0.22 0.25 0.25 0.31 0.14 0.14 0 1 0 1 1 1 5 4 2 6 3 1
 72   1   3   1   8   1   1 0.39 0.38 0.37 0.26 0.28 0.18 1 1 1 1 0 1 2 4 6 3 1 5
 73   1   1   1   8   1   1 0.34 0.38 0.37 0.26 0.28 0.18 1 1 0 1 1 1 6 4 5 2 1 3
 74   1   5   1   7   0   2 0.25 0.25 0.25 0.31 0.14 0.14 1 0 1 1 1 0 3 4 1 5 2 6
 75   1   4   1   6   1   1 0.29 0.38 0.37 0.26 0.28 0.18 1 0 1 1 1 1 6 4 3 5 1 2
 76   1   4   1   6   0   2 0.25 0.28 0.25 0.31 0.14 0.17 1 1 1 1 0 0 1 2 4 3 6 5
 77   0   1   1  -3   0   1 0.24 0.38 0.37 0.26 0.28 0.18 0 1 1 0 1 1 5 6 3 2 1 4
 78   1   1   1  -3   0   1 0.24 0.38 0.37 0.26 0.28 0.18 0 1 1 1 0 1 4 2 6 3 5 1
 79   1   3   1   6   1   1 0.24 0.38 0.37 0.26 0.28 0.18 1 0 1 1 1 1 3 5 4 1 6 2
 80   1   7   1   3   0   2 0.25 0.28 0.25 0.31 0.17 0.17 0 1 1 1 0 1 2 6 3 4 5 1
 81   1   5   1   4   0   1 0.24 0.38 0.37 0.26 0.28 0.13 1 1 0 0 1 1 6 2 5 1 3 4
 82   1   7   1   2   0   1 0.24 0.38 0.40 0.29 0.28 0.13 1 0 1 0 1 1 5 6 3 1 2 4
 83   1   4   1   6   0   2 0.25 0.28 0.25 0.31 0.17 0.17 0 1 1 0 1 1 5 6 2 3 4 1
 84   1   7   1   4   0   1 0.24 0.38 0.40 0.29 0.28 0.13 1 1 1 1 0 0 2 4 3 1 6 5
 85   0   1   1  -3   0   1 0.24 0.38 0.40 0.29 0.31 0.13 1 1 0 1 1 0 4 2 5 1 6 3
 86   1   4   1   2   0   2 0.28 0.28 0.25 0.31 0.17 0.17 0 1 1 0 1 1 2 6 3 5 1 4
 87   1   4   1   3   0   1 0.24 0.38 0.40 0.29 0.31 0.13 1 1 1 0 0 1 1 6 2 3 5 4
 88   1   6   1   5   1   1 0.24 0.38 0.40 0.32 0.31 0.13 1 0 1 1 1 1 1 5 6 3 4 2
 89   1   1   1   3   0   2 0.28 0.28 0.25 0.34 0.17 0.17 0 1 0 1 1 1 5 4 6 2 3 1
 90   1   1   1   2   0   2 0.31 0.28 0.28 0.34 0.17 0.17 1 0 0 1 1 1 4 5 6 1 2 3
 91   1   8   1   6   1   1 0.24 0.38 0.40 0.27 0.31 0.13 1 1 0 1 1 1 2 1 4 6 5 3
 92   1   3   1   6   1   2 0.31 0.28 0.28 0.34 0.17 0.17 1 0 1 1 1 1 1 4 3 5 6 2
 93   1   1   1   2   0   2 0.31 0.28 0.28 0.34 0.17 0.12 0 1 1 1 1 0 3 5 2 4 1 6
 94   1   6   1   7   0   2 0.31 0.28 0.28 0.34 0.17 0.12 0 1 1 1 0 1 4 3 2 6 1 5
 95   1   7   1   4   0   2 0.34 0.28 0.28 0.34 0.20 0.12 1 1 1 0 1 0 2 5 1 3 6 4
 96   1   3   1   8   0   1 0.24 0.38 0.40 0.27 0.26 0.13 0 1 1 1 1 0 2 3 5 4 6 1
 97   1   6   1   9   0   1 0.27 0.38 0.40 0.27 0.26 0.16 1 1 0 0 1 1 1 6 2 5 3 4
 98   1   7   1   5   0   1 0.27 0.38 0.40 0.27 0.26 0.16 0 1 1 1 1 0 4 5 3 2 1 6
 99   1   2   1   4   0   2 0.34 0.28 0.28 0.34 0.20 0.15 1 0 1 1 0 1 1 3 4 6 5 2
100   1   8   1   5   0   2 0.34 0.31 0.28 0.34 0.20 0.15 1 1 1 1 0 0 3 2 1 4 6 5
101   1   5   1   5   0   1 0.27 0.38 0.40 0.27 0.26 0.16 1 0 0 1 1 1 1 4 6 5 3 2
102   1   9   1   9   0   2 0.34 0.31 0.28 0.34 0.23 0.15 1 0 1 0 1 1 3 5 6 1 2 4
103   1   4   1   3   0   1 0.27 0.41 0.43 0.27 0.26 0.16 1 1 1 0 0 1 3 1 2 6 5 4
104   1   5   1   5   0   1 0.27 0.41 0.43 0.30 0.26 0.16 1 1 1 0 1 0 3 2 5 1 6 4
105   1   3   1   9   0   2 0.34 0.31 0.28 0.37 0.23 0.15 1 0 1 1 0 1 6 3 4 1 5 2
106   1   7   1   4   0   2 0.34 0.34 0.28 0.37 0.23 0.15 1 1 0 1 1 0 5 2 4 1 6 3
107   1   7   1   3   0   2 0.34 0.34 0.31 0.37 0.23 0.18 0 1 1 1 0 1 6 3 4 2 5 1
108   0   5   1  10   0   1 0.27 0.41 0.43 0.30 0.26 0.19 1 1 0 1 0 1 1 6 4 2 5 3
109   1   2   1   6   2   1 0.27 0.41 0.43 0.30 0.26 0.19 1 0 0 1 1 1 1 2 4 3 6 5
110   1   3   1   7   1   1 0.27 0.41 0.43 0.30 0.21 0.14 1 1 1 0 1 1 6 2 3 5 1 4
111   1   6   1   6   1   2 0.34 0.34 0.31 0.37 0.26 0.18 0 1 1 1 1 1 4 3 6 2 5 1
112   1   2   1   6   0   1 0.22 0.41 0.43 0.30 0.21 0.14 1 1 0 1 0 1 6 4 1 2 5 3
113   1   7   1   2   0   2 0.34 0.34 0.31 0.37 0.21 0.18 1 1 0 1 1 0 1 2 4 5 3 6
114   1   8   1   7   0   2 0.34 0.34 0.31 0.37 0.21 0.18 0 1 1 0 1 1 2 6 3 5 4 1
115   1   7   1   5   0   1 0.22 0.41 0.43 0.30 0.21 0.14 1 1 0 0 1 1 1 6 2 5 3 4
116   1   3   1   9   0   1 0.22 0.41 0.46 0.33 0.21 0.14 0 1 0 1 1 1 2 5 6 4 1 3
117   1   9   1   9   0   2 0.37 0.34 0.31 0.37 0.21 0.18 0 1 1 0 1 1 3 5 2 6 4 1
118   0   5   1  10   0   2 0.37 0.34 0.31 0.40 0.21 0.18 0 1 0 1 1 1 5 2 6 4 3 1
119   1   3   1   9   0   2 0.37 0.34 0.31 0.40 0.21 0.18 1 0 1 1 1 0 1 5 3 4 6 2
120   1   8   1   6   0   1 0.22 0.41 0.46 0.33 0.21 0.14 1 1 1 0 1 0 1 3 5 2 6 4
121   1   7   1   3   0   1 0.22 0.41 0.46 0.33 0.21 0.14 1 1 0 0 1 1 6 5 1 2 3 4
122   1   1   1   2   0   1 0.22 0.41 0.49 0.36 0.21 0.14 1 1 0 1 1 0 4 1 5 2 6 3
123   1   1   1   4   0   1 0.22 0.41 0.49 0.36 0.21 0.17 1 1 0 1 0 1 4 2 6 1 3 5
124   1   4   1   3   0   1 0.22 0.41 0.52 0.36 0.24 0.17 1 1 0 1 1 0 1 4 2 5 3 6
125   0   4   1  10   0   1 0.22 0.41 0.52 0.36 0.24 0.17 0 1 1 1 0 1 4 6 2 3 1 5
126   1   4   1   5   0   1 0.22 0.41 0.52 0.36 0.24 0.17 1 0 1 1 1 0 4 1 5 3 2 6
127   0   3   1   2   0   1 0.22 0.41 0.52 0.36 0.24 0.20 1 1 1 0 1 0 5 3 1 2 4 6
128   1   2   1   5   0   1 0.22 0.41 0.52 0.36 0.24 0.20 1 1 0 1 1 0 2 4 1 5 6 3
129   0   1   1  -3   0   2 0.37 0.34 0.31 0.40 0.21 0.21 0 1 1 1 1 0 3 4 2 5 1 6
130   1   4   1   2   0   2 0.37 0.34 0.31 0.40 0.21 0.21 1 0 1 0 1 1 6 1 3 5 2 4
131   1   5   1   3   0   2 0.37 0.37 0.31 0.40 0.21 0.21 1 1 0 1 0 1 6 1 4 2 3 5
132   1   8   1   5   1   2 0.37 0.37 0.34 0.40 0.21 0.21 1 0 1 1 1 1 3 5 4 1 2 6
133   1   2   1   3   1   2 0.37 0.37 0.34 0.40 0.21 0.16 1 0 1 1 1 1 6 4 1 3 5 2
134   0   3   1   2   0   2 0.37 0.37 0.34 0.40 0.16 0.16 1 0 1 1 0 1 6 3 4 1 5 2
135   1   1   1   2   1   1 0.22 0.41 0.55 0.36 0.24 0.20 1 1 0 1 1 1 2 4 6 1 5 3
136   1   8   1   5   1   1 0.22 0.41 0.55 0.36 0.19 0.20 1 0 1 1 1 1 1 3 6 4 5 2
137   1   7   1   2   0   1 0.22 0.41 0.55 0.36 0.14 0.20 0 1 1 0 1 1 5 2 3 6 4 1
138   1   8   1   5   0   1 0.25 0.41 0.55 0.36 0.14 0.20 0 1 1 1 0 1 2 6 4 3 5 1
139   1   7   1   2   0   1 0.25 0.41 0.55 0.36 0.14 0.20 1 1 0 0 1 1 6 2 5 1 3 4
140   1   2   1   5   0   1 0.25 0.41 0.55 0.39 0.14 0.20 1 1 0 0 1 1 2 6 1 5 3 4
141   1   2   1   5   0   1 0.25 0.41 0.58 0.39 0.14 0.20 1 0 0 1 1 1 1 4 5 6 3 2
142   1   1   1   4   0   2 0.37 0.37 0.34 0.40 0.16 0.16 0 1 1 1 1 0 2 3 5 4 1 6
143   1   3   1   9   0   2 0.40 0.37 0.34 0.40 0.16 0.16 1 0 1 1 0 1 1 3 4 6 2 5
144   1   9   1   9   0   1 0.25 0.44 0.58 0.39 0.14 0.20 1 1 1 0 1 0 2 3 1 5 6 4
145   1   5   1   7   0   1 0.25 0.44 0.58 0.42 0.14 0.23 0 1 1 0 1 1 5 2 3 6 1 4
146   1   2   1   4   0   1 0.28 0.44 0.58 0.42 0.14 0.23 1 0 1 1 0 1 4 3 1 6 2 5
147   1   5   1   5   0   2 0.40 0.37 0.34 0.40 0.16 0.16 1 1 1 1 0 0 2 3 1 4 6 5
148   1   9   1   9   0   1 0.28 0.44 0.58 0.42 0.17 0.23 1 0 1 1 1 0 3 5 1 4 6 2
149   1   5   1   8   0   2 0.40 0.37 0.34 0.40 0.19 0.19 1 0 1 0 1 1 3 6 5 1 2 4
150   1   1   1   5   0   2 0.40 0.40 0.34 0.43 0.19 0.19 1 1 0 1 0 1 1 6 4 2 5 3
151   1   5   1   5   0   1 0.28 0.47 0.58 0.42 0.17 0.23 1 1 1 0 1 0 3 2 5 1 4 6
152   1   5   1   6   0   1 0.28 0.47 0.58 0.45 0.17 0.26 0 1 0 1 1 1 6 4 2 5 3 1
153   1   7   1   3   0   2 0.40 0.40 0.34 0.43 0.19 0.19 1 0 1 1 0 1 6 1 3 4 5 2
154   1   6   1   9   0   2 0.40 0.40 0.34 0.43 0.22 0.19 1 1 0 0 1 1 2 5 1 6 4 3
155   0   3   1  -3   0   2 0.40 0.40 0.37 0.43 0.22 0.19 1 0 1 1 1 0 4 3 1 5 2 6
156   1   4   1   2   0   2 0.40 0.40 0.37 0.43 0.22 0.19 1 0 1 1 1 0 4 5 3 1 6 2
157   1   3   1   9   0   2 0.40 0.43 0.37 0.43 0.22 0.19 1 0 0 1 1 1 5 6 4 1 3 2
158   1   8   1   6   0   1 0.28 0.47 0.61 0.45 0.17 0.26 0 0 1 1 1 1 4 3 5 6 2 1
159   1   9   1   9   0   2 0.40 0.43 0.37 0.43 0.22 0.19 1 0 0 1 1 1 1 5 4 6 2 3
160   1   6   1   9   0   2 0.40 0.46 0.40 0.43 0.22 0.19 1 1 1 0 0 1 6 3 2 1 4 5
161   1   6   1   9   0   1 0.31 0.47 0.61 0.45 0.17 0.26 0 1 1 1 1 0 2 4 5 3 6 1
162   1   6   1   9   0   1 0.31 0.47 0.61 0.45 0.17 0.26 0 1 1 1 1 0 5 4 2 3 1 6
163   1   5   1   5   0   1 0.34 0.47 0.61 0.45 0.17 0.29 1 1 0 0 1 1 1 5 2 6 4 3
164   1   6   1   9   0   1 0.34 0.47 0.61 0.45 0.17 0.29 1 1 0 1 1 0 2 5 4 1 6 3
165   1   1   1   6   0   2 0.40 0.46 0.40 0.46 0.22 0.19 1 1 1 0 0 1 3 2 1 6 4 5
166   1   8   1   4   1   1 0.34 0.47 0.64 0.45 0.17 0.29 1 1 1 1 0 1 3 4 2 1 5 6
167   1   7   1   2   0   1 0.34 0.47 0.64 0.45 0.17 0.24 1 0 1 1 1 0 4 3 1 5 6 2
168   1   5   1   5   0   1 0.34 0.50 0.64 0.45 0.17 0.24 1 1 0 1 1 0 2 1 4 5 3 6
169   1   4   1   3   0   2 0.40 0.46 0.40 0.46 0.25 0.19 1 1 0 1 1 0 5 2 1 4 3 6
170   1   6   1   9   0   2 0.40 0.46 0.40 0.46 0.25 0.22 1 1 1 0 1 0 3 5 2 1 4 6
171   1   9   1   9   0   1 0.34 0.50 0.64 0.45 0.17 0.27 1 1 0 1 1 0 4 1 2 5 3 6
172   1   8   1   4   0   2 0.40 0.46 0.40 0.49 0.25 0.22 1 1 0 1 0 1 2 4 6 1 5 3
173   1   2   1   3   0   1 0.34 0.50 0.67 0.45 0.17 0.27 0 1 0 1 1 1 6 5 2 4 1 3
174   1   5   1   6   1   2 0.40 0.46 0.43 0.49 0.25 0.22 1 0 1 1 1 1 6 5 3 1 4 2
175   1   3   1   8   0   2 0.40 0.46 0.43 0.44 0.25 0.22 1 1 0 1 0 1 4 2 1 6 5 3
176   1   8   1   4   0   1 0.34 0.50 0.67 0.45 0.17 0.27 0 1 1 1 0 1 6 4 3 2 1 5
177   1   6   1   9   0   2 0.40 0.46 0.43 0.44 0.28 0.22 1 1 0 0 1 1 6 2 5 1 3 4
178   1   6   1   6   1   2 0.40 0.46 0.46 0.44 0.28 0.22 0 1 1 1 1 1 5 3 4 2 6 1
179   1   2   1   3   1   2 0.40 0.46 0.46 0.44 0.28 0.17 1 0 1 1 1 1 6 3 1 4 5 2
180   1   6   1   8   1   2 0.40 0.46 0.46 0.44 0.23 0.17 1 0 1 1 1 1 4 1 3 5 6 2
181   1   9   1   7   1   1 0.37 0.50 0.67 0.45 0.17 0.27 0 1 1 1 1 1 5 2 4 3 1 6
182   1   8   1   5   0   2 0.40 0.46 0.46 0.44 0.23 0.12 1 0 0 1 1 1 6 4 5 1 3 2
183   1   4   1   2   0   1 0.37 0.50 0.67 0.45 0.17 0.22 1 1 1 0 1 0 2 3 1 5 6 4
184   0   5   1  10   0   2 0.40 0.46 0.46 0.44 0.23 0.12 1 1 1 0 1 0 3 2 1 5 6 4
185   1   7   1   2   0   2 0.40 0.46 0.46 0.44 0.23 0.12 0 1 0 1 1 1 5 4 2 6 3 1
186   1   3   1   9   0   1 0.37 0.50 0.67 0.48 0.17 0.22 1 1 0 1 1 0 5 1 4 2 6 3
187   1   2   1   5   2   1 0.37 0.50 0.70 0.48 0.17 0.25 1 1 0 1 1 0 4 1 6 5 3 2
188   0   2   1  -2   0   1 0.37 0.45 0.70 0.48 0.17 0.25 1 1 1 0 1 0 2 5 3 1 6 4
189   1   7   1  -2   0   2 0.40 0.46 0.49 0.44 0.23 0.12 0 0 1 1 1 1 6 3 4 5 1 2
190   1   5   1   5   0   1 0.37 0.45 0.70 0.48 0.17 0.25 0 0 1 1 1 1 6 3 4 5 2 1
191   1   1   1  -3   2   2 0.43 0.49 0.49 0.44 0.23 0.12 1 1 1 1 0 1 2 3 1 5 6 4
192   1   9   1   5   0   2 0.43 0.49 0.49 0.39 0.23 0.07 1 1 1 1 0 0 2 1 4 3 5 6
193   1   8   1   6   1   1 0.37 0.45 0.70 0.48 0.17 0.25 1 0 1 1 1 1 1 5 4 3 2 6
194   1   2   1   5   0   2 0.43 0.49 0.49 0.39 0.23 0.07 1 1 1 1 0 0 4 1 2 3 5 6
195   1   7   1   2   0   1 0.37 0.45 0.70 0.48 0.17 0.20 1 1 1 0 0 1 3 6 1 2 4 5
196   1   3   1   9   0   2 0.43 0.49 0.49 0.39 0.26 0.10 1 1 0 0 1 1 1 2 6 5 3 4
197   1   9   1   9   0   2 0.43 0.49 0.49 0.39 0.26 0.10 1 1 1 0 1 0 5 1 3 2 4 6
198   1   1   1   4   0   1 0.37 0.45 0.70 0.48 0.20 0.20 1 0 1 1 0 1 4 6 1 3 2 5
199   1   6   1   4   1   1 0.37 0.48 0.70 0.48 0.20 0.20 1 1 1 1 0 1 2 1 4 3 6 5
200   1   9   1   9   0   1 0.37 0.48 0.70 0.48 0.20 0.15 1 1 1 0 1 0 5 3 1 2 6 4
201   1   8   1   6   0   2 0.43 0.49 0.49 0.42 0.26 0.10 0 1 1 1 0 1 2 4 6 3 1 5
202   1   7   1   2   0   1 0.37 0.48 0.70 0.51 0.20 0.15 0 1 0 1 1 1 5 6 4 2 1 3
203   1   1   1   2   0   2 0.43 0.49 0.49 0.42 0.26 0.10 1 1 0 1 1 0 5 2 1 4 3 6
204   1   5   1   3   0   1 0.40 0.48 0.70 0.51 0.20 0.15 0 1 0 1 1 1 2 5 6 4 3 1
205   1   7   1   2   0   2 0.43 0.49 0.52 0.42 0.26 0.13 1 0 1 1 1 0 1 4 3 5 2 6
206   1   8   1   2   0   1 0.40 0.48 0.73 0.51 0.20 0.15 1 0 1 1 1 0 5 4 3 1 6 2
207   1   1   1   2   0   1 0.40 0.48 0.73 0.51 0.20 0.18 1 1 0 0 1 1 6 2 1 5 3 4
208   1   5   1   6   0   2 0.43 0.49 0.52 0.42 0.26 0.13 1 1 1 0 0 1 3 6 1 2 4 5
209   0   6   1  10   0   1 0.40 0.48 0.73 0.51 0.20 0.18 1 1 1 0 1 0 1 3 2 5 6 4
210   0   4   1  10   0   1 0.40 0.48 0.73 0.51 0.20 0.18 1 1 1 0 0 1 3 1 2 6 5 4
211   1   7   1   2   0   2 0.43 0.49 0.52 0.42 0.29 0.13 1 1 1 1 0 0 3 2 1 4 5 6
212   1   5   1   5   0   1 0.40 0.48 0.73 0.51 0.20 0.18 0 1 0 1 1 1 5 2 6 4 3 1
213   1   4   1   2   0   1 0.43 0.48 0.76 0.51 0.20 0.18 1 1 0 1 1 0 5 4 1 2 3 6
214   0   2   1  -2   0   1 0.43 0.48 0.76 0.51 0.20 0.18 0 1 1 0 1 1 5 6 3 2 4 1
215   1   7   1   3   0   1 0.43 0.48 0.76 0.51 0.20 0.18 1 0 1 0 1 1 3 5 1 6 4 2
216   1   6   1   9   0   1 0.43 0.51 0.76 0.54 0.20 0.18 1 0 1 1 1 0 5 1 4 3 6 2
217   1   4   1   1   0   1 0.43 0.51 0.76 0.54 0.20 0.21 1 1 1 0 0 1 1 3 2 6 4 5
218   1   7   1   1   1   2 0.43 0.49 0.52 0.42 0.29 0.16 1 0 1 1 1 1 1 3 4 5 6 2
219   1   4   1   3   0   2 0.43 0.49 0.52 0.42 0.29 0.11 1 1 1 0 1 0 1 3 2 5 6 4
220   1   8   1   5   0   2 0.43 0.49 0.52 0.45 0.29 0.11 0 1 1 1 0 1 2 3 6 4 1 5
221   1   8   1   3   1   2 0.46 0.49 0.52 0.45 0.32 0.11 1 1 1 1 0 1 1 3 2 4 6 5
222   0   6   1  10   0   2 0.46 0.49 0.52 0.45 0.32 0.06 1 1 0 1 1 0 1 4 5 2 3 6
223   1   8   1   4   1   2 0.46 0.49 0.52 0.45 0.32 0.06 1 1 1 0 1 1 3 6 1 5 2 4
224   1   1   1   3   0   2 0.46 0.44 0.52 0.45 0.32 0.06 0 1 0 1 1 1 6 4 5 2 3 1
225   1   9   1   9   0   2 0.46 0.44 0.52 0.45 0.32 0.06 1 1 0 0 1 1 1 5 2 6 3 4
226   1   3   1   9   0   1 0.43 0.51 0.76 0.54 0.23 0.21 0 1 1 0 1 1 5 2 3 6 4 1
227   1   6   1   8   1   2 0.46 0.44 0.55 0.45 0.32 0.06 1 1 1 1 0 1 1 4 2 3 6 5
228   1   2   1   8   1   2 0.46 0.44 0.55 0.45 0.32 0.02 1 0 1 1 1 1 4 5 3 6 1 2
229   0   6   1  10   0   1 0.43 0.51 0.76 0.57 0.23 0.21 0 1 1 1 0 1 4 2 6 3 5 1
230   1   1   1   2   1   2 0.41 0.44 0.55 0.45 0.32 0.02 1 0 1 1 1 1 1 4 3 5 6 2
231   1   3   1   6   1   1 0.43 0.51 0.76 0.57 0.23 0.21 1 1 0 1 1 1 6 1 2 5 3 4
232   1   1   1   2   1   2 0.41 0.44 0.55 0.45 0.32 0.02 0 1 1 1 1 1 5 6 3 2 4 1
233   1   6   1   8   0   2 0.41 0.44 0.55 0.40 0.32 0.02 1 1 0 1 0 1 1 2 6 4 3 5
234   1   6   1   7   1   2 0.41 0.44 0.55 0.40 0.32 0.02 0 1 1 1 1 1 4 6 5 3 2 1
235   1   1   1   2   0   1 0.43 0.51 0.76 0.52 0.23 0.21 0 1 1 1 0 1 2 6 3 4 5 1
236   1   8   1   5   0   1 0.46 0.51 0.76 0.52 0.23 0.21 1 1 0 1 0 1 6 2 1 4 3 5
237   1   5   1   4   1   2 0.41 0.39 0.55 0.40 0.32 0.02 0 1 1 1 1 1 5 3 2 6 4 1
238   1   6   1   7   1   2 0.41 0.39 0.55 0.35 0.32 0.02 0 1 1 1 1 1 5 2 4 3 6 1
239   1   9   1   4   1   1 0.46 0.51 0.79 0.52 0.26 0.21 1 1 1 1 1 1 6 1 3 5 4 2
240   1   5   1   5   2   2 0.41 0.39 0.55 0.35 0.32 0.02 1 1 1 1 0 0 4 2 3 5 1 6
241   1   1   1   3   0   1 0.46 0.46 0.79 0.47 0.26 0.21 1 0 0 1 1 1 5 4 1 6 2 3
242   1   8   1   6   1   1 0.46 0.46 0.79 0.47 0.26 0.21 1 0 1 1 1 1 3 1 5 6 4 2
243   1   2   1   4   1   2 0.36 0.39 0.55 0.35 0.32 0.02 1 1 1 1 1 0 2 5 3 1 4 6
244   1   3   1   9   0   1 0.46 0.46 0.79 0.42 0.26 0.21 1 0 0 1 1 1 4 1 5 6 2 3
245   1   9   1   9   1   2 0.36 0.39 0.55 0.30 0.32 0.02 1 1 1 1 0 1 3 2 1 6 4 5
246   1   4   1   3   1   1 0.46 0.49 0.82 0.42 0.26 0.21 1 1 1 1 0 1 1 2 3 6 4 5
247   1   9   1   9   0   2 0.36 0.39 0.55 0.25 0.32 0.02 1 0 1 1 0 1 1 3 4 6 5 2
248   1   5   1   4   2   1 0.46 0.49 0.82 0.37 0.26 0.21 1 1 1 1 0 0 3 5 4 2 1 6
249   1   1   1   4   1   2 0.36 0.39 0.55 0.25 0.35 0.02 1 1 0 1 1 1 2 1 5 4 6 3
250   1   9   1   7   1   1 0.41 0.49 0.82 0.37 0.26 0.21 1 0 1 1 1 1 3 5 4 6 1 2
251   1   5   1   4   1   2 0.36 0.39 0.55 0.25 0.35 0.02 1 1 1 1 1 0 3 4 5 1 2 6
252   1   9   1   8   0   1 0.36 0.49 0.82 0.37 0.26 0.21 1 1 1 1 0 0 4 3 1 2 6 5
253   1   6   1   6   1   1 0.36 0.49 0.82 0.37 0.26 0.21 1 1 1 1 0 1 6 3 2 1 4 5
254   0   1   1  -3   0   2 0.36 0.34 0.55 0.25 0.35 0.02 1 1 0 1 0 1 1 6 2 4 3 5
255   1   9   1   9   1   2 0.36 0.34 0.55 0.25 0.35 0.02 1 1 1 0 1 1 3 6 2 5 1 4
256   1   8   1   5   0   1 0.36 0.49 0.82 0.32 0.26 0.21 1 1 1 0 1 0 3 1 5 2 4 6
257   1   4   1   3   1   1 0.36 0.49 0.82 0.32 0.26 0.24 1 0 1 1 1 1 4 3 5 6 1 2
258   1   9   1   6   1   1 0.31 0.49 0.82 0.32 0.26 0.24 1 0 1 1 1 1 3 1 5 4 2 6
259   1   2   1   5   0   1 0.31 0.49 0.82 0.32 0.26 0.19 1 1 1 0 1 0 1 3 2 5 6 4
260   1   8   1   7   1   2 0.31 0.34 0.55 0.25 0.35 0.02 1 0 1 1 1 1 5 6 4 3 1 2
261   1   4   1   6   1   2 0.26 0.34 0.55 0.25 0.35 0.02 0 1 1 1 1 1 2 6 4 5 3 1
262   1   3   1   9   0   1 0.31 0.49 0.82 0.35 0.26 0.19 1 1 1 1 0 0 1 3 4 2 6 5
263   1   3   1   9   0   1 0.31 0.49 0.82 0.35 0.29 0.22 1 1 0 1 1 0 4 1 2 5 3 6
264   1   3   1   9   0   1 0.31 0.49 0.82 0.35 0.29 0.22 1 1 0 0 1 1 6 1 2 5 3 4
265   1   6   1   9   0   1 0.31 0.49 0.85 0.35 0.29 0.22 1 1 0 1 1 0 5 4 2 1 3 6
266   1   9   1   9   1   2 0.26 0.34 0.50 0.25 0.35 0.02 1 1 1 1 0 1 2 4 3 1 6 5
267   1   1   1   2   1   2 0.26 0.34 0.50 0.25 0.35 0.02 1 1 1 1 0 1 3 2 1 6 4 5
268   1   4   1   3   2   2 0.26 0.34 0.50 0.20 0.35 0.02 1 1 1 1 0 1 4 3 5 2 1 6
269   1   6   1   5   1   2 0.21 0.34 0.50 0.20 0.35 0.02 1 1 1 0 1 1 3 1 2 6 5 4
270   1   5   1   4   1   2 0.21 0.34 0.50 0.20 0.30 0.02 1 0 1 1 1 1 4 5 3 6 1 2
271   1   5   1   5   2   2 0.16 0.34 0.50 0.20 0.30 0.02 1 0 1 1 1 1 2 6 3 4 1 5
272   1   4   1   4   1   1 0.31 0.49 0.85 0.35 0.29 0.25 1 1 0 1 1 1 2 6 5 4 1 3
273   0   2   1  -4   0   2 0.11 0.34 0.50 0.20 0.25 0.02 1 1 1 0 1 0 1 3 5 2 4 6
274   1   7   1   2   0   1 0.26 0.49 0.85 0.35 0.29 0.25 1 1 0 1 0 1 2 6 1 4 3 5
275   1   7   1   2   0   1 0.26 0.49 0.88 0.35 0.29 0.25 1 1 0 0 1 1 6 2 5 1 4 3
276   1   6   1   8   1   2 0.11 0.34 0.50 0.20 0.25 0.02 1 1 1 1 1 0 1 4 2 3 5 6
277   1   6   1   7   1   1 0.26 0.49 0.88 0.38 0.29 0.25 1 1 1 1 0 1 3 6 4 1 2 5
278   1   3   1   7   1   1 0.26 0.44 0.88 0.38 0.29 0.25 1 0 1 1 1 1 6 4 3 1 2 5
279   1   3   1   9   0   1 0.26 0.44 0.88 0.38 0.24 0.25 1 0 1 0 1 1 5 3 6 1 2 4
280   1   6   1   9   0   2 0.11 0.34 0.50 0.20 0.20 0.02 0 1 1 1 1 0 4 2 5 3 6 1
281   1   9   1   9   0   1 0.26 0.44 0.88 0.38 0.24 0.25 0 1 0 1 1 1 6 4 5 2 3 1
282   1   2   1   6   0   1 0.26 0.44 0.91 0.38 0.24 0.25 0 1 1 1 1 0 2 4 3 5 6 1
283   1   2   1   4   1   1 0.29 0.44 0.91 0.38 0.24 0.25 1 1 0 1 1 1 5 6 2 1 4 3
284   1   7   1   4   0   2 0.11 0.34 0.50 0.20 0.20 0.02 0 1 0 1 1 1 4 2 6 5 3 1
285   1   4   1   3   1   2 0.14 0.34 0.50 0.20 0.20 0.02 1 0 1 1 1 1 4 3 6 1 5 2
286   1   4   1   2   0   1 0.29 0.44 0.91 0.33 0.24 0.25 1 1 1 1 0 0 2 1 3 4 6 5
287   1   9   1   9   0   2 0.14 0.34 0.50 0.20 0.15 0.02 1 0 1 0 1 1 3 6 5 1 4 2
288   1   3   1   9   0   2 0.14 0.34 0.50 0.20 0.15 0.02 0 1 1 0 1 1 3 2 6 5 1 4
289   1   7   1   4   0   1 0.29 0.44 0.91 0.33 0.24 0.28 1 1 0 1 1 0 2 4 1 5 6 3
290   1   2   1   5   0   2 0.14 0.34 0.50 0.23 0.15 0.02 0 1 1 1 0 1 3 2 4 6 5 1
291   1   2   1   6   0   2 0.17 0.34 0.50 0.23 0.15 0.02 1 0 1 0 1 1 1 3 6 5 2 4
292   1   8   1   5   0   2 0.17 0.37 0.50 0.23 0.15 0.02 1 1 0 0 1 1 6 5 1 2 3 4
293   1   9   1   9   0   2 0.17 0.37 0.53 0.26 0.15 0.02 1 1 1 0 1 0 5 1 3 2 4 6
294   0   4   1  10   0   2 0.17 0.37 0.53 0.26 0.15 0.05 0 0 1 1 1 1 4 6 3 5 2 1
295   0   2   1  -5   0   2 0.17 0.37 0.53 0.26 0.15 0.05 1 1 1 0 1 0 5 2 3 1 6 4
296   1   5   1   5   0   2 0.17 0.37 0.53 0.26 0.15 0.05 1 1 0 1 1 0 1 5 4 2 6 3
297   1   7   1   4   0   2 0.17 0.37 0.53 0.26 0.15 0.05 1 0 0 1 1 1 4 1 5 6 2 3
298   1   1   1   4   0   2 0.17 0.37 0.56 0.26 0.15 0.05 0 1 1 1 0 1 2 3 4 6 1 5
299   1   4   1   4   0   2 0.17 0.37 0.56 0.26 0.18 0.05 0 1 1 1 0 1 2 4 6 3 1 5
300   1   9   1   8   0   2 0.20 0.37 0.56 0.26 0.18 0.05 0 1 1 1 1 0 5 2 4 3 1 6
301   1   2   1   5   0   1 0.29 0.44 0.91 0.33 0.24 0.28 0 1 0 1 1 1 6 5 4 2 3 1
302   1   7   1   4   0   1 0.29 0.44 0.94 0.33 0.24 0.28 1 1 0 1 0 1 1 2 6 4 5 3
303   1   5   1   5   0   2 0.20 0.37 0.56 0.26 0.18 0.08 0 0 1 1 1 1 4 3 6 5 2 1
304   1   9   1   9   0   2 0.23 0.40 0.56 0.26 0.18 0.08 1 0 1 0 1 1 1 6 5 3 2 4
305   1   1   1   5   0   2 0.23 0.40 0.56 0.29 0.18 0.08 1 1 1 1 0 0 4 3 1 2 5 6
306   1   4   1   3   0   2 0.23 0.40 0.56 0.29 0.21 0.08 0 0 1 1 1 1 6 5 3 4 2 1
307   1   6   1   9   0   2 0.23 0.43 0.56 0.29 0.21 0.08 1 1 0 0 1 1 6 5 1 2 3 4
308   1   8   1   5   0   2 0.23 0.43 0.56 0.29 0.21 0.08 1 0 1 1 1 0 4 3 5 1 2 6
309   1   2   1   5   0   1 0.29 0.44 0.94 0.33 0.27 0.28 1 0 0 1 1 1 1 4 5 6 3 2
310   1   2   1   5   0   2 0.23 0.43 0.56 0.29 0.21 0.11 1 0 1 1 1 0 4 1 3 5 2 6
311   1   2   1   3   1   1 0.29 0.47 0.97 0.33 0.27 0.28 1 1 1 1 1 1 4 1 3 5 2 6
312   1   2   1   4   1   1 0.29 0.42 0.97 0.33 0.27 0.23 1 1 1 1 1 0 2 5 4 3 1 6
