  1   1   7   2   8   4   2 0.40 0.50 0.40 0.40 0.40 0.40 0 0 0 0 0 0
  2   1   7   1  -8   1   2 0.35 0.45 0.35 0.35 0.35 0.35 1 1 1 1 1 1
  3   1   6   2   8   0   2 0.40 0.50 0.40 0.40 0.40 0.40 1 0 0 1 1 1
  4   1   8   2   8   1   2 0.40 0.50 0.40 0.40 0.40 0.40 1 1 1 1 0 1
  5   1   3   2   7   0   1 0.70 0.80 0.70 0.70 0.70 0.70 1 1 0 1 1 0
  6   1   3   1   8   0   2 0.35 0.40 0.35 0.30 0.35 0.35 1 0 1 1 1 0
  7   1   5   1   8   0   2 0.35 0.40 0.35 0.30 0.35 0.35 0 1 1 1 0 1
  8   0   7   2   0   0   2 0.40 0.50 0.40 0.35 0.40 0.40 0 1 1 1 1 0
  9   1   7   2   7   0   1 0.70 0.80 0.70 0.70 0.70 0.70 0 1 0 1 1 1
 10   1   2   2   0   0   1 0.70 0.80 0.73 0.70 0.70 0.70 1 1 1 0 1 0
 11   1   4   1   4   0   2 0.35 0.40 0.35 0.30 0.35 0.35 1 0 1 1 0 1
 12   1   1   2   7   0   2 0.40 0.50 0.40 0.35 0.40 0.40 0 1 1 1 1 0
 13   1   2   2   9   0   1 0.70 0.80 0.73 0.70 0.70 0.73 1 0 0 1 1 1
 14   1   5   2   7   0   1 0.70 0.80 0.73 0.70 0.70 0.73 1 1 1 1 0 0
 15   1   6   2   6   1   1 0.70 0.80 0.73 0.70 0.70 0.73 1 1 0 1 1 1
 16   1   8   2   7   0   2 0.40 0.50 0.40 0.35 0.40 0.40 1 0 1 0 1 1
 17   1   4   2   7   0   1 0.70 0.80 0.73 0.65 0.70 0.73 0 1 0 1 1 1
 18   1   5   1   7   4   1 0.70 0.80 0.70 0.70 0.70 0.70 0 0 0 0 0 0
 19   1   5   1   6   0   2 0.35 0.43 0.35 0.30 0.38 0.35 1 1 0 0 1 1
 20   1   8   1   6   0   2 0.35 0.43 0.35 0.30 0.38 0.35 0 0 1 1 1 1
 21   1   9   2   6   0   1 0.73 0.80 0.76 0.65 0.70 0.73 0 1 1 1 1 0
 22   1   6   2   0   0   1 0.73 0.80 0.76 0.65 0.70 0.76 0 1 0 1 1 1
 23   1   8   1   4   0   1 0.70 0.80 0.70 0.70 0.70 0.70 0 1 0 1 1 1
 24   1   8   1   7   0   2 0.38 0.43 0.35 0.30 0.38 0.35 1 1 0 1 1 0
 25   1   1   1   4   0   1 0.70 0.80 0.70 0.70 0.70 0.70 0 1 1 0 1 1
 26   1   3   1   4   0   1 0.73 0.80 0.70 0.70 0.70 0.70 0 1 0 1 1 1
 27   1   2   1   2   1   1 0.73 0.80 0.73 0.70 0.70 0.70 1 0 1 1 1 1
 28   1   6   1   6   0   2 0.38 0.43 0.38 0.30 0.38 0.38 1 1 0 1 1 0
 29   1   4   1   7   0   2 0.38 0.43 0.38 0.30 0.38 0.38 0 1 0 1 1 1
 30   1   8   1   4   0   2 0.38 0.43 0.41 0.30 0.38 0.38 1 0 1 1 0 1
 31   1   5   2   5   2   1 0.76 0.80 0.76 0.65 0.70 0.76 1 0 1 1 1 1
 32   1   9   1   5   0   1 0.73 0.80 0.73 0.65 0.70 0.70 0 1 0 1 1 1
 33   1   9   2   6   0   1 0.71 0.80 0.76 0.65 0.65 0.76 1 0 0 1 1 1
 34   0   8   2 -10   0   1 0.71 0.83 0.79 0.65 0.65 0.76 1 0 1 1 1 0
 35   1   8   1   5   0   2 0.38 0.46 0.41 0.30 0.38 0.38 1 1 1 0 0 1
 36   1   9   1   5   0   2 0.38 0.46 0.41 0.33 0.41 0.38 1 1 0 1 1 0
 37   1   4   1   9   1   1 0.76 0.80 0.73 0.65 0.70 0.70 1 0 1 1 1 1
 38   1   7   2   7   0   2 0.40 0.53 0.40 0.35 0.40 0.40 0 1 1 1 0 1
 39   1   2   2   5   1   1 0.71 0.83 0.79 0.65 0.65 0.76 1 1 1 1 1 1
 40   1   2   2   7   1   2 0.43 0.53 0.40 0.35 0.40 0.40 1 1 1 1 1 1
 41   1   6   2   4   0   2 0.43 0.48 0.40 0.30 0.40 0.40 1 1 0 0 1 1
 42   1   8   2   7   1   1 0.71 0.78 0.79 0.65 0.60 0.76 1 1 0 1 1 1
 43   1   5   2   5   0   1 0.71 0.78 0.79 0.65 0.55 0.76 1 1 1 0 1 0
 44   1   8   2   5   0   2 0.43 0.48 0.43 0.30 0.40 0.40 1 1 0 0 1 1
 45   1   2   2   7   0   1 0.71 0.78 0.79 0.65 0.55 0.76 1 1 1 0 1 0
 46   1   5   2   5   0   2 0.43 0.48 0.43 0.33 0.40 0.40 0 1 0 1 1 1
 47   1   4   1   2   2   2 0.38 0.46 0.41 0.33 0.41 0.41 1 1 1 0 1 0
 48   1   9   1   7   0   2 0.38 0.46 0.41 0.33 0.36 0.41 1 0 1 1 1 0
 49   1   2   2   7   1   2 0.43 0.48 0.46 0.33 0.40 0.40 1 0 1 1 1 1
 50   1   8   1   7   0   2 0.38 0.46 0.41 0.33 0.36 0.41 1 0 0 1 1 1
 51   1   9   2   7   0   2 0.43 0.48 0.46 0.28 0.40 0.40 1 0 0 1 1 1
 52   0   1   1  -6   0   1 0.76 0.80 0.73 0.60 0.70 0.70 1 0 1 0 1 1
 53   1   4   2   6   0   2 0.43 0.48 0.46 0.28 0.40 0.40 0 1 1 1 0 1
 54   1   4   1   7   1   1 0.76 0.80 0.73 0.60 0.70 0.70 0 1 1 1 1 1
 55   1   3   1   7   0   2 0.38 0.49 0.44 0.33 0.36 0.41 1 1 0 0 1 1
 56   1   5   2   7   0   2 0.46 0.48 0.46 0.28 0.43 0.40 0 0 1 1 1 1
 57   1   8   2   9   0   1 0.71 0.78 0.79 0.68 0.55 0.79 1 0 1 1 0 1
 58   1   3   1   7   0   1 0.76 0.80 0.73 0.60 0.70 0.65 1 1 1 0 1 0
 59   1   5   1   9   1   2 0.38 0.49 0.44 0.33 0.36 0.41 1 0 1 1 1 1
 60   1   9   2   9   1   1 0.71 0.78 0.79 0.68 0.55 0.79 1 1 1 1 1 1
 61   1   9   1   8   1   2 0.38 0.49 0.44 0.28 0.36 0.41 1 1 1 1 1 1
 62   1   6   2   0   1   2 0.46 0.51 0.46 0.28 0.43 0.40 1 1 1 1 1 1
 63   1   4   2   8   1   1 0.66 0.78 0.79 0.63 0.55 0.79 1 1 1 1 1 1
 64   1   3   2   7   1   2 0.46 0.46 0.46 0.28 0.38 0.40 1 1 1 1 0 1
 65   1   1   2  10   1   2 0.46 0.46 0.46 0.23 0.38 0.40 1 1 1 1 1 1
 66   1   3   2   8   1   1 0.66 0.78 0.79 0.58 0.55 0.74 1 1 1 1 1 1
 67   1   3   1   6   0   2 0.38 0.44 0.44 0.28 0.31 0.41 1 1 0 0 1 1
 68   1   8   1   9   1   1 0.76 0.80 0.73 0.60 0.70 0.65 1 1 1 1 1 1
 69   1   8   2   8   1   1 0.61 0.78 0.79 0.53 0.55 0.74 0 1 1 1 1 1
 70   1   2   2   9   1   1 0.61 0.78 0.79 0.53 0.55 0.69 1 1 1 1 1 1
 71   1   3   1  10   1   1 0.76 0.80 0.68 0.60 0.70 0.60 1 1 1 1 1 1
 72   1   7   1   8   1   2 0.38 0.44 0.47 0.28 0.31 0.41 1 1 1 1 1 0
 73   1   9   2   7   1   1 0.56 0.78 0.79 0.48 0.55 0.69 1 0 1 1 1 1
 74   1   2   2   8   0   2 0.41 0.46 0.46 0.18 0.38 0.40 0 1 1 1 1 0
 75   1   7   2   9   1   1 0.56 0.78 0.79 0.48 0.55 0.64 1 1 1 1 1 1
 76   1   3   2   9   0   2 0.41 0.46 0.46 0.18 0.38 0.43 0 1 1 1 1 0
 77   1   8   1  10   1   1 0.76 0.80 0.68 0.55 0.65 0.60 1 1 1 1 1 0
 78   1   4   2   9   0   1 0.51 0.78 0.79 0.48 0.50 0.64 0 1 0 1 1 1
 79   1   2   2   9   1   1 0.51 0.78 0.79 0.48 0.50 0.64 1 1 1 1 1 1
 80   1   1   2   8   0   1 0.46 0.78 0.79 0.48 0.45 0.64 1 1 0 0 1 1
 81   1   5   1   8   0   1 0.76 0.80 0.68 0.55 0.60 0.60 1 0 0 1 1 1
 82   1   9   1   5   0   1 0.76 0.80 0.68 0.55 0.60 0.60 1 0 0 1 1 1
 83   1   9   2   9   0   2 0.44 0.46 0.46 0.18 0.38 0.43 1 0 1 1 0 1
 84   0  11   2  10   0   2 0.44 0.46 0.46 0.18 0.38 0.43 1 0 1 1 1 0
 85   0   2   1 -10   0   1 0.76 0.83 0.71 0.55 0.60 0.60 1 1 1 0 1 0
 86   1   4   2   8   0   2 0.44 0.46 0.46 0.18 0.38 0.43 0 1 1 0 1 1
 87   1   6   1   8   0   1 0.76 0.83 0.71 0.55 0.60 0.60 1 1 0 1 0 1
 88   1   1   1   8   0   2 0.38 0.39 0.47 0.28 0.31 0.41 1 1 1 0 0 1
 89   1   3   2   9   0   2 0.44 0.46 0.46 0.18 0.38 0.43 0 1 0 1 1 1
 90   0   6   1  10   0   1 0.76 0.83 0.71 0.55 0.60 0.60 1 0 1 1 1 0
 91   1   5   1   8   0   1 0.76 0.83 0.71 0.55 0.60 0.60 0 1 1 1 1 0
 92   0   3   1  -9   0   1 0.76 0.83 0.71 0.55 0.60 0.60 1 0 1 1 1 0
 93   0   7   2 -10   0   1 0.46 0.78 0.82 0.48 0.45 0.64 0 1 0 1 1 1
 94   1   4   2   8   0   2 0.47 0.46 0.49 0.18 0.38 0.43 0 1 1 0 1 1
 95   1   9   2   8   0   1 0.46 0.78 0.82 0.48 0.45 0.64 1 1 1 0 0 1
 96   1   8   2   8   0   1 0.46 0.78 0.82 0.51 0.45 0.64 0 1 1 1 1 0
 97   1   1   2   8   0   1 0.46 0.78 0.82 0.51 0.45 0.64 0 1 0 1 1 1
 98   1   9   1   7   0   2 0.38 0.39 0.47 0.31 0.31 0.41 0 0 1 1 1 1
 99   1   2   2   8   0   2 0.47 0.46 0.49 0.21 0.38 0.43 0 0 1 1 1 1
100   0  10   2   9   0   1 0.49 0.78 0.82 0.51 0.45 0.64 0 0 1 1 1 1
101   1   3   1   7   0   1 0.76 0.83 0.71 0.55 0.60 0.60 0 1 1 0 1 1
102   1   3   2   8   0   1 0.49 0.78 0.82 0.51 0.45 0.64 1 0 0 1 1 1
103   1   6   1   7   0   1 0.79 0.83 0.71 0.55 0.60 0.60 1 1 1 0 0 1
104   1   6   2   8   0   2 0.50 0.49 0.49 0.21 0.38 0.43 1 0 1 1 0 1
105   1   3   2   8   0   2 0.50 0.49 0.49 0.21 0.41 0.43 0 1 1 0 1 1
106   1   2   1   9   1   1 0.79 0.83 0.71 0.58 0.63 0.60 1 1 1 1 1 1
107   1   5   2   8   0   1 0.49 0.81 0.85 0.51 0.45 0.64 0 1 0 1 1 1
108   1   9   1   0   0   2 0.41 0.39 0.47 0.31 0.31 0.41 0 0 1 1 1 1
109   1   3   1   7   0   1 0.79 0.78 0.71 0.58 0.58 0.60 1 1 0 0 1 1
110   1   6   1  -7   0   2 0.41 0.42 0.47 0.31 0.31 0.41 0 1 1 1 1 0
111   1   7   2   8   0   2 0.50 0.49 0.49 0.21 0.41 0.43 0 1 1 1 1 0
112   1   1   1   8   0   1 0.79 0.78 0.74 0.58 0.58 0.60 1 1 0 1 1 0
113   1   7   1   0   2   2 0.44 0.42 0.47 0.31 0.31 0.44 0 1 1 1 1 0
114   1   7   2   8   0   2 0.53 0.49 0.49 0.21 0.41 0.46 1 1 1 0 1 0
115   1   2   1   7   0   2 0.44 0.42 0.47 0.26 0.31 0.44 1 1 1 1 0 0
116   1   8   1   6   0   2 0.44 0.42 0.47 0.26 0.34 0.44 1 1 1 0 1 0
117   1   4   1   7   0   1 0.79 0.78 0.74 0.58 0.58 0.63 0 1 1 0 1 1
118   1   1   2   8   0   1 0.49 0.81 0.85 0.51 0.45 0.64 1 0 1 1 1 0
119   1   9   2   8   0   1 0.49 0.81 0.85 0.51 0.45 0.67 1 0 1 1 0 1
120   1   3   2   7   0   1 0.49 0.84 0.85 0.51 0.48 0.67 1 1 1 0 0 1
121   1   5   1   7   0   2 0.44 0.42 0.47 0.26 0.34 0.47 1 0 0 1 1 1
122   1   3   2   8   0   2 0.53 0.49 0.49 0.24 0.41 0.46 1 1 0 1 0 1
123   1   8   1   7   0   1 0.79 0.78 0.74 0.61 0.58 0.63 1 0 1 1 1 0
124   1   3   1   5   0   2 0.44 0.42 0.47 0.26 0.34 0.47 1 1 0 1 0 1
125   1   7   1   7   0   2 0.44 0.42 0.50 0.26 0.34 0.47 1 1 0 1 0 1
126   1   4   2   7   0   1 0.49 0.84 0.85 0.51 0.48 0.67 0 1 1 1 0 1
127   1   3   2   7   0   2 0.53 0.49 0.49 0.24 0.41 0.46 1 1 0 1 1 0
128   1   7   1   7   0   2 0.44 0.42 0.50 0.26 0.37 0.47 0 1 0 1 1 1
129   1   6   2   7   2   1 0.52 0.84 0.85 0.51 0.51 0.67 1 0 1 0 0 1
130   1   7   2   9   1   1 0.52 0.84 0.85 0.51 0.51 0.67 1 1 0 1 1 1
131   1   4   2   8   0   2 0.53 0.49 0.52 0.24 0.41 0.49 1 1 1 0 1 0
132   1   5   1   7   0   2 0.44 0.42 0.53 0.26 0.37 0.47 0 0 1 1 1 1
133   1   4   2   7   0   2 0.53 0.49 0.52 0.24 0.41 0.49 0 1 1 1 1 0
134   1   8   1   8   0   1 0.79 0.78 0.74 0.61 0.58 0.63 0 0 1 1 1 1
135   1   5   2   8   0   1 0.52 0.84 0.85 0.46 0.51 0.67 0 0 1 1 1 1
136   1   5   2   8   0   2 0.53 0.49 0.52 0.24 0.41 0.52 0 1 0 1 1 1
137   1   3   2   7   0   2 0.56 0.49 0.52 0.24 0.41 0.52 0 1 1 1 1 0
138   1   6   2   8   0   1 0.52 0.84 0.85 0.46 0.51 0.67 1 0 1 1 1 0
139   1   9   2   7   0   2 0.56 0.49 0.52 0.24 0.41 0.52 1 1 0 1 0 1
140   1   9   1   7   0   1 0.82 0.81 0.74 0.61 0.58 0.63 1 1 1 1 0 0
141   1   6   2   9   0   2 0.56 0.49 0.55 0.24 0.44 0.52 1 0 1 0 1 1
142   1   5   1   7   0   1 0.82 0.81 0.74 0.61 0.58 0.66 1 1 0 1 0 1
143   1   6   1   7   1   1 0.82 0.81 0.77 0.61 0.61 0.66 1 1 0 1 1 1
144   1   9   2   8   0   2 0.56 0.52 0.55 0.27 0.44 0.52 0 1 1 1 1 0
145   1   6   2   8   0   2 0.59 0.52 0.55 0.27 0.44 0.55 1 0 1 1 0 1
146   1   4   1   7   0   1 0.82 0.81 0.77 0.56 0.61 0.66 0 1 0 1 1 1
147   1   5   1   7   0   2 0.47 0.45 0.53 0.26 0.37 0.47 0 0 1 1 1 1
148   1   8   1   7   0   1 0.82 0.81 0.77 0.56 0.61 0.66 1 1 1 1 0 0
149   1   7   2   6   0   2 0.59 0.52 0.55 0.27 0.44 0.55 1 1 0 1 0 1
150   1   2   1   7   0   1 0.82 0.81 0.77 0.56 0.61 0.66 0 0 1 1 1 1
151   1   5   2  10   1   1 0.52 0.87 0.85 0.46 0.51 0.67 0 1 1 1 1 1
152   1   8   2   9   1   2 0.59 0.52 0.55 0.27 0.47 0.55 0 1 1 1 1 1
153   1   1   1   8   0   2 0.47 0.45 0.53 0.26 0.37 0.47 1 1 1 0 0 1
154   1   7   1   9   1   1 0.85 0.81 0.77 0.56 0.61 0.66 0 1 1 1 1 1
155   1   1   2   7   0   1 0.52 0.87 0.85 0.46 0.46 0.67 1 1 1 0 0 1
156   1   8   1   9   1   2 0.47 0.45 0.53 0.29 0.37 0.47 1 1 1 1 1 1
157   0   9   2 -10   0   2 0.59 0.52 0.55 0.27 0.42 0.55 1 0 1 0 1 1
158   1   6   1   9   0   2 0.42 0.45 0.53 0.24 0.37 0.47 1 1 1 1 0 0
159   0  12   2  10   0   1 0.52 0.87 0.85 0.46 0.46 0.67 1 1 1 0 0 1
160   0   4   1   9   0   2 0.42 0.45 0.53 0.24 0.40 0.47 0 1 1 0 1 1
161   1   2   1   7   0   2 0.42 0.45 0.53 0.24 0.40 0.47 0 0 1 1 1 1
162   1   9   2   9   0   2 0.59 0.52 0.55 0.27 0.42 0.55 1 1 1 1 0 0
163   1   9   1   8   0   1 0.85 0.81 0.77 0.56 0.56 0.66 0 1 1 1 0 1
164   1   6   1   7   0   1 0.85 0.81 0.77 0.56 0.56 0.66 1 0 1 1 1 0
165   1   4   2   8   0   1 0.52 0.87 0.85 0.46 0.46 0.67 1 0 0 1 1 1
166   1   2   2   9   0   2 0.59 0.52 0.55 0.27 0.42 0.55 1 1 1 0 1 0
167   1   9   2   8   0   2 0.59 0.52 0.55 0.27 0.42 0.58 1 1 1 0 1 0
168   1   4   2   8   0   2 0.59 0.52 0.55 0.30 0.42 0.58 1 1 0 0 1 1
169   1   9   1   9   1   1 0.85 0.84 0.77 0.56 0.56 0.69 1 1 0 1 1 1
170   1   5   1   8   0   2 0.42 0.48 0.53 0.24 0.40 0.47 1 1 0 1 0 1
171   1   3   2   9   1   1 0.52 0.87 0.88 0.46 0.46 0.67 1 1 0 1 1 1
172   1   2   2   8   0   2 0.59 0.52 0.58 0.30 0.42 0.58 0 1 1 1 1 0
173   1   2   1   8   0   1 0.85 0.84 0.77 0.51 0.56 0.69 1 1 0 1 0 1
174   1   2   2   9   0   2 0.59 0.52 0.58 0.30 0.42 0.61 1 1 0 1 1 0
175   1   2   2   8   0   2 0.59 0.52 0.58 0.30 0.42 0.61 0 1 1 1 0 1
176   1   6   1   8   0   2 0.42 0.48 0.53 0.24 0.40 0.47 0 1 0 1 1 1
177   1   6   2   9   0   1 0.52 0.87 0.88 0.46 0.41 0.67 1 1 1 0 1 0
178   1   9   1   9   0   2 0.45 0.48 0.56 0.24 0.40 0.47 0 0 1 1 1 1
179   1   4   1   8   0   2 0.45 0.48 0.56 0.24 0.40 0.47 1 0 0 1 1 1
180   1   3   2   8   0   2 0.62 0.52 0.58 0.30 0.45 0.61 1 1 1 0 0 1
181   0   6   1  -4   0   1 0.85 0.84 0.80 0.51 0.59 0.69 0 1 1 0 1 1
182   1   2   1   5   0   2 0.45 0.51 0.56 0.24 0.40 0.47 1 0 0 1 1 1
183   1   5   2   8   0   2 0.62 0.52 0.58 0.33 0.45 0.61 0 1 1 1 1 0
184   1   7   1   6   0   1 0.85 0.84 0.80 0.51 0.59 0.69 0 1 1 1 1 0
185   1   1   1   2   0   1 0.88 0.84 0.80 0.51 0.59 0.69 1 1 0 1 1 0
186   1   9   1   6   0   2 0.45 0.51 0.59 0.24 0.40 0.47 0 1 0 1 1 1
187   1   3   1   3   0   1 0.88 0.84 0.80 0.51 0.59 0.72 1 0 0 1 1 1
188   1   4   2   4   0   1 0.52 0.87 0.88 0.49 0.41 0.70 1 1 1 0 0 1
189   1   1   2   8   0   2 0.62 0.52 0.58 0.33 0.45 0.64 1 1 0 1 1 0
190   1   4   2   8   0   1 0.52 0.87 0.88 0.49 0.41 0.70 1 0 0 1 1 1
191   1   2   1   7   0   2 0.48 0.51 0.59 0.24 0.40 0.47 1 0 1 1 0 1
192   1   1   1   8   0   2 0.48 0.54 0.59 0.24 0.43 0.47 1 1 1 0 1 0
193   1   3   1   7   0   2 0.48 0.54 0.59 0.24 0.43 0.50 0 0 1 1 1 1
194   1   7   1   8   1   2 0.48 0.54 0.59 0.24 0.43 0.50 1 0 1 1 1 1
195   1   7   2   8   0   1 0.52 0.90 0.88 0.49 0.41 0.70 0 1 0 1 1 1
196   1   4   1   7   0   2 0.48 0.54 0.59 0.19 0.43 0.50 1 0 1 1 1 0
197   1   3   2   7   0   1 0.55 0.90 0.91 0.49 0.41 0.70 0 1 1 1 1 0
198   1   5   2   7   0   2 0.62 0.52 0.61 0.33 0.45 0.64 0 1 0 1 1 1
199   1   4   2   7   0   1 0.55 0.90 0.91 0.49 0.41 0.70 1 0 1 1 1 0
200   0  10   2  10   0   2 0.65 0.52 0.61 0.33 0.45 0.64 1 1 0 1 0 1
201   1   5   2   7   0   2 0.65 0.52 0.61 0.33 0.45 0.64 1 0 1 1 0 1
202   1   7   2   8   0   2 0.65 0.55 0.61 0.33 0.48 0.64 1 1 0 1 0 1
203   0  11   2  10   0   1 0.55 0.90 0.91 0.49 0.41 0.73 1 0 1 1 1 0
204   1   7   1   0   0   1 0.88 0.84 0.83 0.51 0.59 0.72 1 0 1 1 1 0
205   1   2   1   3   0   2 0.48 0.57 0.59 0.19 0.43 0.50 0 1 1 1 0 1
206   1   9   1   6   0   1 0.88 0.87 0.83 0.51 0.59 0.72 1 1 1 0 1 0
207   1   2   1   2   0   2 0.51 0.57 0.59 0.19 0.43 0.50 1 1 0 0 1 1
208   1   5   2   9   1   1 0.55 0.90 0.91 0.49 0.41 0.73 1 1 1 1 1 0
209   1   8   2  10   1   1 0.55 0.90 0.91 0.44 0.41 0.73 1 0 1 1 1 1
210   1   6   2   8   0   1 0.55 0.90 0.91 0.44 0.36 0.73 1 1 1 1 0 0
211   1   5   1   9   1   1 0.88 0.87 0.83 0.51 0.59 0.75 1 1 1 1 0 1
212   0   3   1 -10   0   1 0.88 0.87 0.83 0.46 0.59 0.75 1 1 0 1 1 0
213   1   3   1   0   0   1 0.88 0.87 0.83 0.46 0.59 0.75 1 1 0 1 1 0
214   1   1   1   7   0   1 0.88 0.87 0.83 0.46 0.59 0.75 1 0 0 1 1 1
215   1   1   1   8   0   2 0.51 0.57 0.62 0.19 0.43 0.50 1 0 0 1 1 1
216   1   1   2   8   0   2 0.65 0.55 0.64 0.33 0.48 0.64 1 0 0 1 1 1
217   1   6   1   8   0   2 0.51 0.57 0.62 0.19 0.43 0.50 1 0 1 1 1 0
218   1   7   2   9   1   1 0.55 0.90 0.91 0.44 0.36 0.73 0 1 1 1 1 1
219   1   8   2   8   0   2 0.65 0.55 0.64 0.33 0.48 0.64 1 0 0 1 1 1
220   1   1   2   8   0   1 0.55 0.90 0.91 0.44 0.31 0.73 0 1 0 1 1 1
221   1   2   1   8   0   2 0.51 0.60 0.62 0.19 0.43 0.53 0 0 1 1 1 1
222   1   5   1   9   1   1 0.88 0.87 0.86 0.46 0.59 0.75 1 1 1 1 1 1
223   1   1   2   9   1   1 0.58 0.90 0.91 0.44 0.31 0.73 1 0 1 1 1 1
224   1   6   1   7   1   2 0.51 0.60 0.62 0.19 0.43 0.53 1 0 1 1 1 1
225   1   7   2   9   1   2 0.65 0.58 0.67 0.33 0.48 0.64 0 1 1 1 1 1
226   1   6   1   9   1   1 0.88 0.82 0.86 0.41 0.59 0.75 1 1 1 1 1 1
227   0   1   1  -8   0   1 0.88 0.77 0.86 0.41 0.54 0.75 1 0 1 1 1 0
228   0   4   1   6   0   1 0.88 0.77 0.86 0.41 0.54 0.75 0 1 1 0 1 1
229   0   5   1   6   0   1 0.88 0.77 0.86 0.41 0.54 0.75 0 1 1 0 1 1
230   1   3   1   7   0   2 0.46 0.60 0.62 0.19 0.43 0.53 0 1 1 1 1 0
231   1   2   1   9   1   1 0.88 0.77 0.86 0.41 0.54 0.75 1 1 1 1 1 1
232   1   4   1   9   1   1 0.88 0.72 0.86 0.36 0.54 0.75 0 1 1 1 1 1
233   1   8   2   8   0   2 0.65 0.58 0.67 0.33 0.48 0.59 1 1 0 0 1 1
234   0   4   1   6   0   1 0.88 0.72 0.86 0.36 0.54 0.70 1 1 1 0 1 0
235   1   7   1   7   0   1 0.88 0.72 0.86 0.36 0.54 0.70 1 1 1 0 1 0
236   1   2   1   8   1   1 0.88 0.72 0.86 0.36 0.54 0.70 1 1 1 1 0 1
237   1   1   1   6   0   2 0.46 0.60 0.62 0.19 0.43 0.53 1 1 1 0 0 1
238   1   3   1   6   0   2 0.46 0.60 0.62 0.22 0.46 0.53 1 1 1 1 0 0
239   1   8   2   8   1   1 0.58 0.90 0.91 0.39 0.31 0.73 1 1 0 1 1 1
240   1   1   1   7   0   1 0.88 0.72 0.86 0.31 0.54 0.70 1 1 1 0 1 0
241   1   2   1   7   0   1 0.88 0.72 0.86 0.31 0.54 0.73 1 0 0 1 1 1
242   1   6   2   7   0   2 0.65 0.58 0.67 0.33 0.48 0.59 1 0 1 1 0 1
243   1   7   1   8   1   1 0.88 0.72 0.86 0.31 0.54 0.73 1 0 1 1 1 1
244   1   8   1   8   0   1 0.88 0.72 0.86 0.26 0.54 0.73 0 1 1 0 1 1
245   0   8   2 -10   0   2 0.65 0.58 0.67 0.33 0.51 0.59 1 1 1 1 0 0
246   1   6   1   8   0   2 0.46 0.60 0.62 0.22 0.46 0.56 1 0 1 1 1 0
247   1   9   2   8   0   2 0.65 0.58 0.67 0.33 0.51 0.59 1 1 1 0 0 1
248   1   8   1   8   0   1 0.88 0.72 0.86 0.26 0.54 0.73 1 1 0 0 1 1
249   1   2   2   8   0   1 0.58 0.90 0.91 0.39 0.26 0.73 1 0 1 1 0 1
250   1   3   1   8   0   1 0.88 0.72 0.89 0.29 0.54 0.73 1 0 1 1 0 1
251   0  10   2   9   0   2 0.65 0.58 0.67 0.36 0.51 0.59 1 1 0 1 0 1
252   1   6   2   8   0   1 0.58 0.93 0.91 0.39 0.26 0.73 1 0 1 1 0 1
253   1   1   1   7   1   2 0.46 0.63 0.62 0.22 0.46 0.56 1 1 1 1 1 1
254   1   4   1   7   0   2 0.46 0.63 0.62 0.17 0.41 0.56 1 1 0 1 0 1
255   1   7   2   9   1   1 0.58 0.93 0.91 0.39 0.29 0.73 1 1 0 1 1 1
256   1   5   2   8   0   2 0.65 0.58 0.67 0.36 0.51 0.59 1 1 0 1 0 1
257   1   4   1   8   0   1 0.88 0.75 0.89 0.29 0.54 0.73 0 1 0 1 1 1
258   1   1   1   8   2   1 0.91 0.75 0.89 0.29 0.54 0.73 1 1 1 0 1 0
259   1   1   2   8   0   2 0.65 0.58 0.70 0.36 0.54 0.59 0 1 0 1 1 1
260   1   1   1   7   0   2 0.46 0.63 0.65 0.17 0.41 0.56 0 0 1 1 1 1
261   0   3   1 -10   0   2 0.49 0.63 0.65 0.17 0.41 0.56 0 1 1 0 1 1
262   1   7   1   7   0   1 0.91 0.75 0.89 0.29 0.49 0.73 0 1 1 1 1 0
263   1   1   2   8   0   1 0.58 0.93 0.91 0.39 0.24 0.73 0 1 0 1 1 1
264   1   1   1   9   1   2 0.49 0.63 0.65 0.17 0.41 0.56 1 1 1 1 1 1
265   1   9   1   7   0   1 0.91 0.75 0.89 0.29 0.49 0.73 0 0 1 1 1 1
266   1   2   1   8   0   2 0.44 0.63 0.65 0.12 0.41 0.56 0 1 1 1 1 0
267   1   5   2   7   0   2 0.65 0.58 0.70 0.36 0.54 0.59 0 1 1 1 1 0
268   1   1   2   9   1   1 0.58 0.93 0.94 0.39 0.24 0.73 1 1 1 1 1 1
269   1   5   1   9   1   1 0.94 0.75 0.89 0.29 0.49 0.73 1 1 1 1 1 1
270   1   4   1   9   1   2 0.44 0.63 0.65 0.12 0.41 0.59 1 1 1 1 1 1
271   1   7   1   7   0   1 0.94 0.70 0.89 0.29 0.44 0.73 1 0 1 1 1 0
272   0   2   1 -10   0   1 0.94 0.70 0.89 0.29 0.44 0.76 0 1 1 0 1 1
273   1   2   1   8   1   1 0.94 0.70 0.89 0.29 0.44 0.76 1 1 1 1 1 1
274   1   5   2   8   0   1 0.58 0.88 0.94 0.39 0.19 0.73 0 1 1 1 1 0
275   1   7   2   9   1   1 0.61 0.88 0.94 0.39 0.19 0.76 1 0 1 1 1 1
276   1   3   1   7   0   2 0.39 0.63 0.65 0.12 0.36 0.59 1 1 0 1 0 1
277   1   4   2   8   4   2 0.68 0.58 0.70 0.36 0.54 0.59 0 0 0 0 0 0
278   0   9   2 -10   0   1 0.61 0.88 0.94 0.39 0.14 0.76 1 0 1 1 1 0
279   1   3   2   8   0   1 0.61 0.88 0.94 0.39 0.14 0.76 0 0 1 1 1 1
280   0   9   2 -10   0   2 0.68 0.58 0.70 0.36 0.54 0.59 0 1 1 1 1 0
281   1   4   1   8   1   2 0.39 0.63 0.65 0.12 0.36 0.59 1 1 1 1 1 0
282   0   2   1 -10   0   2 0.39 0.63 0.65 0.07 0.36 0.59 1 0 1 0 1 1
283   1   5   1   5   0   1 0.89 0.70 0.89 0.29 0.39 0.76 1 0 0 1 1 1
284   0  12   2  10   0   2 0.68 0.58 0.70 0.36 0.54 0.59 1 1 1 0 0 1
285   0   1   1 -10   0   2 0.39 0.63 0.65 0.07 0.36 0.59 0 1 1 0 1 1
286   0   5   1  10   0   2 0.39 0.63 0.65 0.07 0.36 0.59 1 1 1 1 0 0
287   1   9   2   9   1   2 0.68 0.58 0.70 0.36 0.54 0.59 1 0 1 1 1 1
288   0   7   2 -10   0   2 0.68 0.58 0.70 0.31 0.54 0.59 0 1 1 1 0 1
289   1   1   2   9   1   2 0.68 0.58 0.70 0.31 0.54 0.59 1 1 1 1 1 0
290   1   1   1   8   0   1 0.89 0.73 0.92 0.29 0.39 0.76 0 0 1 1 1 1
291   1   1   2   8   0   2 0.68 0.58 0.70 0.31 0.49 0.59 1 1 0 1 0 1
292   1   8   1   7   0   2 0.39 0.63 0.65 0.07 0.36 0.59 1 1 1 0 0 1
293   1   6   2   8   0   1 0.61 0.88 0.94 0.39 0.14 0.76 0 0 1 1 1 1
294   1   8   2   8   0   1 0.64 0.91 0.94 0.39 0.14 0.76 1 0 1 1 1 0
295   1   9   2   8   0   1 0.64 0.91 0.94 0.39 0.14 0.76 0 1 1 1 1 0
296   0   8   2 -10   0   2 0.68 0.58 0.73 0.31 0.49 0.59 1 1 0 1 0 1
297   1   9   1   6   0   1 0.89 0.73 0.92 0.29 0.39 0.76 0 0 1 1 1 1
298   1   7   1   6   1   1 0.92 0.76 0.92 0.29 0.39 0.76 1 1 1 0 1 1
299   1   6   1   6   0   2 0.39 0.63 0.65 0.07 0.39 0.59 1 1 0 1 0 1
300   1   6   1   8   0   1 0.92 0.76 0.92 0.29 0.34 0.76 1 1 1 0 0 1
301   1   8   2   8   0   2 0.68 0.58 0.73 0.31 0.49 0.59 1 1 1 1 0 0
302   0   6   1  10   0   2 0.39 0.63 0.68 0.07 0.39 0.59 0 1 1 0 1 1
303   1   9   1   8   0   2 0.39 0.63 0.68 0.07 0.39 0.59 1 1 1 0 1 0
304   1   1   2   9   1   2 0.68 0.58 0.73 0.31 0.52 0.62 1 1 1 1 1 1
305   1   8   2   8   0   1 0.64 0.91 0.94 0.39 0.14 0.79 1 0 0 1 1 1
306   1   1   1   7   0   1 0.92 0.76 0.92 0.29 0.34 0.76 0 1 0 1 1 1
307   0  12   2  10   0   2 0.68 0.53 0.73 0.31 0.47 0.62 1 1 1 1 0 0
308   1   6   2  10   1   2 0.68 0.53 0.73 0.31 0.47 0.62 1 1 1 1 1 1
309   1   4   1   9   0   1 0.92 0.76 0.92 0.29 0.34 0.76 0 1 0 1 1 1
310   1   8   2   8   0   2 0.68 0.53 0.73 0.31 0.42 0.57 1 1 1 1 0 0
311   0   5   1   9   0   1 0.95 0.76 0.95 0.29 0.34 0.76 1 0 0 1 1 1
312   1   4   1   8   0   1 0.95 0.76 0.95 0.29 0.34 0.76 0 1 1 1 1 0
313   1   7   1   9   1   2 0.39 0.63 0.68 0.10 0.39 0.59 1 1 1 1 1 1
314   1   9   2   9   1   1 0.64 0.94 0.94 0.39 0.14 0.79 1 1 0 1 1 1
315   1   6   1   9   1   1 0.95 0.76 0.95 0.29 0.34 0.76 1 1 1 1 1 1
316   1   2   2   9   1   1 0.64 0.94 0.94 0.39 0.09 0.79 0 1 1 1 1 1
317   1   7   2   8   1   1 0.64 0.94 0.94 0.34 0.09 0.79 1 0 1 1 1 1
318   0  11   2   9   0   2 0.68 0.53 0.73 0.31 0.42 0.57 1 0 1 1 1 0
319   1   3   2   8   0   1 0.64 0.94 0.94 0.34 0.04 0.79 0 1 0 1 1 1
320   1   7   2   8   1   2 0.68 0.53 0.73 0.31 0.42 0.57 1 1 0 1 1 1
321   1   7   1   9   1   2 0.39 0.58 0.68 0.05 0.39 0.59 1 1 1 1 1 0
322   1   6   1   8   0   1 0.95 0.71 0.95 0.29 0.29 0.76 1 1 1 1 0 0
323   1   4   2   8   0   2 0.68 0.53 0.73 0.31 0.42 0.52 1 0 1 1 1 0
324   1   5   1   8   1   2 0.39 0.53 0.68 0.05 0.39 0.59 1 1 0 1 1 1
