  1   1   2   1  -6   1   1 0.50 0.50 0.50 0.50 0.50 0.50 1 1 1 1 1 1 4 2 5 3 1 6
  2   1   3   1  -1   1   1 0.45 0.50 0.50 0.50 0.50 0.45 1 1 1 1 1 1 3 2 6 4 5 1
  3   1   4   1  -5   0   2 0.05 0.05 0.05 0.05 0.05 0.05 0 1 1 1 1 0 3 2 4 5 6 1
  4   1   8   1   0   0   2 0.05 0.05 0.05 0.05 0.05 0.05 1 0 1 0 1 1 3 5 6 1 4 2
  5   1   6   1   4   0   2 0.05 0.05 0.05 0.05 0.05 0.05 1 0 1 1 1 0 5 1 4 3 6 2
  6   1   9   1   8   1   1 0.40 0.50 0.50 0.50 0.45 0.45 1 1 1 1 1 1 3 5 1 6 2 4
  7   1   8   1   0   0   2 0.05 0.08 0.05 0.05 0.05 0.08 0 0 1 1 1 1 3 6 5 4 1 2
  8   1   4   1  -3   1   1 0.40 0.45 0.50 0.45 0.45 0.45 1 1 1 1 1 1 3 6 4 1 2 5
  9   1   8   1   6   1   1 0.40 0.40 0.50 0.45 0.40 0.45 1 1 1 1 1 1 3 4 6 2 1 5
 10   1   1   1   0   0   2 0.08 0.08 0.05 0.05 0.05 0.08 1 1 1 0 1 0 1 3 2 5 4 6
 11   1   6   1   4   0   2 0.08 0.08 0.05 0.08 0.05 0.08 0 1 1 0 1 1 6 3 2 5 1 4
 12   1   4   1   0   1   1 0.35 0.40 0.50 0.45 0.35 0.45 1 1 1 1 1 1 2 3 4 5 6 1
 13   1   5   1  -3   1   1 0.30 0.40 0.50 0.45 0.35 0.40 1 1 1 1 1 1 2 4 6 1 3 5
 14   1   7   1  -4   0   2 0.08 0.08 0.05 0.08 0.05 0.08 0 1 1 0 1 1 5 3 2 6 1 4
 15   1   2   1  -6   1   1 0.30 0.40 0.45 0.45 0.30 0.40 1 1 1 1 1 1 3 5 2 6 1 4
 16   1   3   1   4   0   2 0.11 0.08 0.05 0.11 0.05 0.08 1 0 1 0 1 1 1 5 6 3 2 4
 17   1   3   1   0   1   1 0.25 0.40 0.45 0.40 0.30 0.40 1 1 1 1 1 1 5 3 1 6 2 4
 18   1   3   1   0   1   1 0.25 0.35 0.45 0.35 0.30 0.40 1 1 1 1 1 1 1 4 6 5 3 2
 19   1   2   1  -4   1   1 0.25 0.30 0.40 0.35 0.30 0.40 1 1 1 1 1 1 5 4 6 2 1 3
 20   1   6   1   3   1   1 0.20 0.30 0.35 0.35 0.30 0.40 1 1 1 1 1 1 4 1 5 3 6 2
 21   0   5   1  10   2   2 0.11 0.11 0.05 0.11 0.05 0.08 1 0 0 0 1 1 2 6 5 1 4 3
 22   1   6   1   5   0   2 0.11 0.11 0.05 0.11 0.05 0.08 1 1 1 0 1 0 5 1 3 2 4 6
 23   1   5   1   0   0   2 0.11 0.11 0.05 0.14 0.05 0.11 0 1 0 1 1 1 2 4 6 5 1 3
 24   1   9   1   4   0   2 0.11 0.11 0.05 0.14 0.05 0.11 1 1 0 0 1 1 2 6 1 5 4 3
 25   1   2   1   0   0   2 0.11 0.11 0.08 0.14 0.05 0.11 1 1 0 1 1 0 2 5 4 1 3 6
 26   1   2   1   0   0   2 0.11 0.11 0.08 0.14 0.05 0.11 0 0 1 1 1 1 3 4 6 5 1 2
 27   1   9   1   4   0   2 0.14 0.11 0.08 0.14 0.05 0.11 0 1 1 1 0 1 3 2 4 6 1 5
 28   1   9   1   4   0   1 0.20 0.25 0.35 0.35 0.30 0.35 1 1 0 1 1 0 2 4 1 5 3 6
 29   1   3   1   4   0   2 0.14 0.11 0.08 0.14 0.05 0.11 1 0 0 1 1 1 5 6 4 1 2 3
 30   1   7   1  -6   0   1 0.20 0.25 0.35 0.35 0.30 0.35 1 1 1 0 1 0 3 1 2 5 4 6
 31   1   7   1  -5   0   1 0.20 0.25 0.35 0.35 0.30 0.38 0 1 1 0 1 1 6 2 3 5 4 1
 32   1   1   1 -10   1   1 0.20 0.25 0.35 0.38 0.30 0.38 1 1 1 1 1 1 3 6 1 5 4 2
 33   1   7   1   0   1   1 0.20 0.20 0.35 0.33 0.30 0.38 1 1 1 1 1 1 3 4 5 1 6 2
 34   1   2   1   6   0   2 0.14 0.14 0.11 0.14 0.05 0.11 0 1 1 1 1 0 3 5 2 4 6 1
 35   1   2   1   0   0   2 0.17 0.14 0.11 0.14 0.05 0.14 1 0 0 1 1 1 6 5 4 1 3 2
 36   1   6   1   4   0   2 0.17 0.14 0.11 0.14 0.05 0.14 0 1 1 1 1 0 2 4 3 5 1 6
 37   1   5   1   0   0   2 0.17 0.14 0.11 0.14 0.05 0.14 1 1 0 1 0 1 1 2 6 4 5 3
 38   1   7   1  -5   2   2 0.17 0.14 0.14 0.14 0.08 0.14 1 1 0 1 0 1 1 3 4 6 2 5
 39   1   4   1  -4   0   2 0.17 0.09 0.14 0.14 0.08 0.14 0 1 1 1 1 0 5 3 4 2 1 6
 40   1   8   1   2   0   2 0.20 0.09 0.14 0.14 0.08 0.17 0 1 1 0 1 1 6 3 2 5 4 1
 41   1   7   1  -5   0   2 0.20 0.09 0.14 0.17 0.08 0.17 0 1 0 1 1 1 4 2 5 6 1 3
 42   1   7   1  -7   0   2 0.23 0.09 0.14 0.17 0.08 0.17 1 0 1 1 1 0 5 4 1 3 2 6
 43   1   3   1   6   0   2 0.23 0.09 0.14 0.17 0.08 0.17 1 1 0 1 0 1 6 4 1 2 3 5
 44   1   8   1  -3   0   2 0.23 0.09 0.17 0.17 0.08 0.17 1 0 1 1 0 1 3 6 4 1 2 5
 45   1   8   1   0   0   1 0.20 0.15 0.35 0.33 0.30 0.33 0 1 1 0 1 1 5 6 2 3 4 1
 46   1   4   1  -5   0   1 0.23 0.15 0.35 0.33 0.30 0.33 1 1 0 0 1 1 6 2 5 1 4 3
 47   1   6   1   6   0   2 0.23 0.12 0.17 0.17 0.11 0.17 1 0 1 1 1 0 5 1 3 4 6 2
 48   1   8   1  -5   0   1 0.23 0.15 0.38 0.36 0.30 0.33 1 0 0 1 1 1 1 5 6 4 2 3
 49   1   6   1   5   0   1 0.23 0.15 0.38 0.36 0.30 0.33 1 0 1 1 0 1 3 6 1 4 2 5
 50   0   2   1 -10   0   2 0.23 0.12 0.17 0.17 0.11 0.20 1 1 1 0 0 1 3 6 2 1 5 4
 51   1   3   1   5   0   2 0.23 0.12 0.17 0.17 0.11 0.20 0 1 1 1 0 1 4 3 6 2 5 1
 52   1   6   1   7   0   1 0.23 0.18 0.38 0.36 0.30 0.33 1 1 1 0 0 1 3 6 2 1 4 5
 53   1   6   1   4   2   1 0.23 0.18 0.38 0.36 0.33 0.33 0 1 1 1 0 0 4 5 3 2 6 1
 54   1   3   1   6   0   2 0.23 0.12 0.17 0.17 0.11 0.20 1 1 0 1 1 0 1 2 5 4 3 6
 55   1   9   1   6   0   1 0.23 0.18 0.38 0.36 0.33 0.33 1 1 0 1 1 0 4 5 2 1 3 6
 56   1   6   1   6   0   1 0.23 0.18 0.41 0.36 0.33 0.33 0 1 0 1 1 1 6 5 4 2 3 1
 57   1   8   1   6   0   1 0.23 0.18 0.41 0.36 0.33 0.33 1 1 1 1 0 0 2 4 1 3 6 5
 58   1   1   1  -6   0   2 0.23 0.12 0.17 0.17 0.11 0.20 0 1 1 1 0 1 2 3 6 4 1 5
 59   1   2   1   0   0   2 0.26 0.12 0.17 0.17 0.14 0.20 1 1 1 0 1 0 3 2 5 1 6 4
 60   1   3   1   5   0   2 0.26 0.12 0.17 0.17 0.14 0.23 0 1 1 0 1 1 5 6 2 3 1 4
 61   0   3   1 -10   0   2 0.26 0.12 0.17 0.20 0.14 0.23 1 1 1 0 0 1 3 6 1 2 4 5
 62   0   5   1  10   0   1 0.23 0.18 0.41 0.36 0.33 0.36 1 1 0 0 1 1 6 5 2 1 4 3
 63   1   6   1   5   0   1 0.23 0.18 0.41 0.36 0.33 0.36 1 1 0 0 1 1 5 6 1 2 4 3
 64   1   2   1   0   0   2 0.26 0.12 0.17 0.20 0.14 0.23 0 1 1 0 1 1 6 2 5 3 1 4
 65   0   5   1  10   0   1 0.23 0.18 0.44 0.39 0.33 0.36 1 0 1 1 0 1 6 4 3 1 5 2
 66   0   2   1 -10   0   2 0.29 0.12 0.17 0.20 0.14 0.23 1 0 1 1 0 1 6 1 4 3 5 2
 67   1   2   1   0   0   2 0.29 0.12 0.17 0.20 0.14 0.23 1 0 1 1 1 0 3 4 1 5 2 6
 68   1   3   1   5   0   1 0.23 0.18 0.44 0.39 0.33 0.36 0 1 1 1 0 1 2 3 4 6 1 5
 69   1   6   1   6   0   2 0.29 0.15 0.17 0.20 0.14 0.23 1 1 1 0 0 1 1 3 2 6 4 5
 70   1   4   1  -5   0   1 0.26 0.18 0.44 0.39 0.36 0.36 1 0 0 1 1 1 6 4 5 1 2 3
 71   1   8   1   0   0   2 0.29 0.15 0.17 0.23 0.14 0.23 0 1 1 1 0 1 4 6 3 2 5 1
 72   1   9   1   6   0   2 0.29 0.15 0.17 0.23 0.17 0.23 1 1 1 0 1 0 3 1 2 5 4 6
 73   0   1   1 -10   0   1 0.26 0.18 0.44 0.39 0.36 0.36 0 1 1 1 0 1 3 6 2 4 5 1
 74   1   3   1  -5   2   1 0.26 0.18 0.44 0.39 0.36 0.36 1 1 1 1 0 0 1 3 2 5 6 4
 75   1   7   1  -6   0   2 0.29 0.15 0.17 0.23 0.17 0.26 1 1 1 0 1 0 2 3 5 1 6 4
 76   0   6   1  10   2   2 0.29 0.15 0.17 0.26 0.17 0.26 1 1 0 0 1 0 3 2 5 1 6 4
 77   1   5   1   0   0   2 0.29 0.15 0.17 0.26 0.17 0.26 0 1 0 1 1 1 5 6 4 2 1 3
 78   1   8   1   0   0   1 0.26 0.18 0.44 0.34 0.36 0.36 0 1 1 1 1 0 3 4 2 5 6 1
 79   1   4   1  -3   0   2 0.32 0.15 0.20 0.26 0.17 0.26 0 1 0 1 1 1 2 5 6 4 3 1
 80   1   6   1   3   0   1 0.26 0.18 0.44 0.34 0.36 0.36 1 1 0 1 1 0 5 4 1 2 3 6
 81   1   2   1   0   0   2 0.32 0.15 0.20 0.26 0.17 0.26 1 1 1 1 0 0 4 3 1 2 6 5
 82   1   9   1   4   0   2 0.32 0.15 0.20 0.26 0.17 0.29 0 1 1 1 0 1 3 6 4 2 5 1
 83   1   5   1   0   0   1 0.26 0.18 0.47 0.34 0.36 0.39 1 1 0 0 1 1 2 6 5 1 4 3
 84   1   9   1   5   0   2 0.35 0.15 0.20 0.26 0.20 0.29 1 0 1 1 0 1 3 1 4 6 2 5
 85   1   2   1  -6   1   1 0.26 0.18 0.47 0.34 0.36 0.39 1 1 1 1 1 1 3 1 2 6 4 5
 86   1   1   1  -6   0   2 0.35 0.15 0.20 0.26 0.20 0.29 0 1 1 1 1 0 5 4 3 2 6 1
 87   1   7   1  -6   0   2 0.35 0.15 0.20 0.26 0.20 0.29 0 1 0 1 1 1 6 4 2 5 1 3
 88   1   4   1  -5   0   2 0.38 0.15 0.23 0.26 0.20 0.29 1 1 1 0 0 1 3 2 6 1 5 4
 89   1   1   1  -6   0   1 0.26 0.18 0.47 0.29 0.31 0.39 1 0 0 1 1 1 6 4 5 1 3 2
 90   1   9   1   5   0   1 0.26 0.21 0.50 0.29 0.31 0.39 1 0 1 0 1 1 5 6 3 1 2 4
 91   1   2   1   0   0   1 0.26 0.21 0.50 0.29 0.31 0.39 0 0 1 1 1 1 3 6 4 5 1 2
 92   0   3   1 -10   0   1 0.29 0.24 0.50 0.29 0.31 0.39 0 1 1 1 1 0 4 5 3 2 1 6
 93   1   6   1   4   0   1 0.29 0.24 0.50 0.29 0.31 0.39 0 1 1 1 1 0 4 2 5 3 1 6
 94   1   7   1  -6   0   1 0.29 0.24 0.50 0.29 0.31 0.39 0 1 1 1 0 1 6 2 4 3 1 5
 95   0   4   1  10   0   1 0.32 0.24 0.50 0.29 0.31 0.39 1 0 1 1 0 1 3 1 4 6 5 2
 96   1   3   1   3   2   2 0.38 0.15 0.23 0.26 0.23 0.29 0 1 1 1 0 1 1 6 3 2 4 5
 97   1   6   1   5   0   1 0.32 0.24 0.50 0.29 0.31 0.39 0 1 1 1 0 1 3 4 2 6 1 5
 98   1   1   1  -5   0   2 0.38 0.15 0.23 0.21 0.23 0.29 0 1 1 0 1 1 5 3 6 2 4 1
 99   1   4   1  -6   0   2 0.38 0.15 0.23 0.21 0.23 0.29 0 1 1 0 1 1 5 6 3 2 1 4
100   1   3   1   3   0   1 0.32 0.24 0.50 0.29 0.34 0.39 1 0 1 1 1 0 4 1 3 5 6 2
101   1   9   1   6   0   1 0.32 0.24 0.50 0.29 0.34 0.42 0 1 0 1 1 1 4 2 6 5 1 3
102   1   1   1  -4   0   1 0.35 0.24 0.50 0.29 0.34 0.42 1 0 1 0 1 1 3 6 1 5 2 4
103   1   7   1  -4   0   1 0.35 0.27 0.50 0.32 0.34 0.42 1 1 0 1 0 1 4 1 2 6 5 3
104   1   8   1   0   0   1 0.35 0.27 0.53 0.32 0.34 0.42 1 0 1 1 0 1 4 3 1 6 5 2
105   1   5   1   0   0   2 0.41 0.15 0.23 0.24 0.23 0.29 1 1 0 1 0 1 2 4 6 1 5 3
106   1   5   1   0   0   1 0.35 0.27 0.53 0.32 0.37 0.42 1 0 1 0 1 1 5 1 3 6 2 4
107   1   8   1   0   0   2 0.41 0.15 0.23 0.24 0.23 0.29 1 1 1 0 1 0 1 5 3 2 6 4
108   1   5   1   0   0   1 0.35 0.30 0.53 0.32 0.37 0.42 1 0 1 1 0 1 4 6 3 1 2 5
109   1   4   1  -2   2   2 0.41 0.15 0.23 0.24 0.23 0.32 1 1 0 1 0 0 6 1 4 2 5 3
110   1   2   1   2   0   2 0.41 0.15 0.23 0.24 0.23 0.32 1 1 1 0 1 0 3 1 5 2 4 6
111   0   5   1  10   3   2 0.41 0.15 0.23 0.27 0.23 0.32 1 1 1 0 1 0 6 2 1 5 4 3
112   1   5   1   0   2   1 0.35 0.30 0.53 0.32 0.37 0.42 0 1 0 1 0 1 3 4 6 2 1 5
113   1   5   1  -3   0   1 0.35 0.30 0.53 0.32 0.37 0.42 1 1 1 0 1 0 1 2 3 5 6 4
114   1   8   1   0   0   2 0.41 0.15 0.23 0.27 0.23 0.32 1 1 0 1 1 0 2 5 4 1 6 3
115   1   2   1  -3   0   1 0.35 0.30 0.53 0.35 0.37 0.42 1 1 0 0 1 1 6 2 1 5 3 4
116   1   9   1   6   0   2 0.41 0.15 0.26 0.27 0.23 0.35 1 1 1 0 0 1 3 6 1 2 5 4
117   1   5   1  -1   0   1 0.35 0.30 0.53 0.35 0.37 0.42 1 1 0 1 1 0 2 4 1 5 6 3
118   1   7   1  -7   0   2 0.41 0.15 0.26 0.27 0.26 0.35 0 1 1 1 1 0 5 3 2 4 1 6
119   1   4   1  -4   0   1 0.35 0.30 0.56 0.35 0.37 0.45 1 0 1 0 1 1 1 6 5 3 4 2
120   0   6   1  10   0   1 0.35 0.33 0.56 0.38 0.37 0.45 1 0 0 1 1 1 6 1 4 5 2 3
121   1   7   1  -6   0   2 0.41 0.15 0.26 0.27 0.26 0.35 0 1 0 1 1 1 5 4 2 6 1 3
122   1   6   1   5   0   1 0.35 0.33 0.56 0.38 0.37 0.45 1 1 1 0 0 1 2 6 3 1 4 5
123   1   8   1   2   0   1 0.35 0.33 0.56 0.38 0.40 0.45 1 0 1 1 0 1 4 6 1 3 5 2
124   1   7   1  -3   0   1 0.35 0.33 0.56 0.38 0.40 0.45 1 1 0 0 1 1 2 1 6 5 3 4
125   1   1   1  -4   0   1 0.35 0.33 0.56 0.41 0.40 0.45 1 0 0 1 1 1 1 4 5 6 3 2
126   0   3   1 -10   2   1 0.35 0.36 0.59 0.41 0.40 0.45 1 1 0 1 0 0 6 4 2 1 5 3
127   1   2   1   0   0   1 0.35 0.36 0.59 0.41 0.40 0.45 1 0 1 1 0 1 4 1 6 3 2 5
128   1   1   1  -7   0   1 0.35 0.36 0.59 0.41 0.43 0.45 1 1 0 0 1 1 1 6 5 2 4 3
129   1   7   1  -5   0   2 0.44 0.15 0.26 0.27 0.26 0.35 1 1 0 1 1 0 2 4 1 5 6 3
130   1   8   1   3   0   2 0.44 0.15 0.29 0.27 0.26 0.38 0 1 0 1 1 1 2 5 4 6 3 1
131   1   9   1   7   0   1 0.35 0.36 0.59 0.41 0.43 0.45 0 1 1 0 1 1 2 3 6 5 1 4
132   1   7   1  -7   0   1 0.35 0.36 0.59 0.44 0.43 0.45 0 0 1 1 1 1 4 3 5 6 2 1
133   1   4   1  -5   0   2 0.44 0.15 0.29 0.27 0.26 0.38 1 1 0 0 1 1 6 2 1 5 3 4
134   1   4   1  -3   0   2 0.44 0.15 0.32 0.30 0.26 0.38 1 0 0 1 1 1 4 6 5 1 3 2
135   1   8   1   0   0   2 0.44 0.18 0.32 0.30 0.26 0.38 1 1 1 0 0 1 3 1 2 6 5 4
136   0   1   1  -9   0   2 0.44 0.18 0.32 0.30 0.26 0.38 1 1 0 0 1 1 2 6 5 1 3 4
137   1   1   1  -7   0   2 0.44 0.18 0.32 0.30 0.26 0.38 0 1 0 1 1 1 5 6 2 4 3 1
138   1   2   1   0   0   1 0.38 0.39 0.59 0.44 0.43 0.45 1 1 0 1 1 0 5 1 4 2 3 6
139   1   1   1  -7   0   1 0.38 0.39 0.62 0.44 0.43 0.45 1 1 1 0 1 0 3 2 1 5 4 6
140   1   8   1   0   0   1 0.38 0.39 0.62 0.44 0.43 0.48 1 0 1 0 1 1 3 1 6 5 2 4
141   1   3   1   7   0   2 0.47 0.18 0.35 0.30 0.26 0.38 1 0 1 1 0 1 1 3 4 6 2 5
142   1   4   1  -4   0   2 0.47 0.18 0.35 0.30 0.29 0.38 1 1 1 0 1 0 2 3 5 1 6 4
143   1   9   1   5   0   1 0.38 0.39 0.62 0.47 0.43 0.48 0 0 1 1 1 1 6 4 3 5 2 1
144   1   5   1  -1   0   1 0.38 0.42 0.62 0.47 0.43 0.48 1 0 1 1 1 0 3 4 5 1 6 2
145   1   4   1  -2   0   2 0.47 0.18 0.35 0.33 0.29 0.38 0 1 1 0 1 1 3 2 6 5 1 4
146   1   7   1  -7   0   1 0.38 0.42 0.62 0.47 0.43 0.48 0 1 1 1 0 1 6 4 2 3 5 1
147   0   3   1 -10   0   2 0.47 0.18 0.35 0.33 0.29 0.38 0 0 1 1 1 1 5 6 4 3 1 2
148   1   8   1   1   0   1 0.41 0.42 0.62 0.47 0.43 0.48 1 1 1 1 0 0 1 3 4 2 6 5
149   1   6   1   6   0   1 0.41 0.42 0.62 0.47 0.46 0.51 1 0 1 0 1 1 3 6 5 1 4 2
150   1   7   1  -7   0   1 0.41 0.45 0.62 0.47 0.46 0.51 1 0 1 1 0 1 3 6 1 4 2 5
151   1   7   1  -7   0   2 0.47 0.18 0.35 0.33 0.29 0.38 1 1 0 1 1 0 5 1 2 4 6 3
152   0   6   1  10   0   2 0.47 0.18 0.35 0.33 0.29 0.41 0 1 1 0 1 1 3 6 2 5 1 4
153   1   9   1   7   0   1 0.41 0.45 0.62 0.47 0.46 0.51 1 1 1 1 0 0 1 4 3 2 6 5
154   1   1   1  -8   0   1 0.41 0.45 0.62 0.47 0.49 0.51 1 1 0 1 0 1 1 4 6 2 3 5
155   1   6   1   8   0   1 0.41 0.45 0.62 0.47 0.49 0.51 1 1 0 1 0 1 4 6 2 1 3 5
156   1   5   1   0   0   2 0.47 0.18 0.35 0.33 0.29 0.41 1 1 1 1 0 0 3 1 4 2 5 6
157   1   9   1   7   0   2 0.47 0.18 0.35 0.33 0.29 0.41 0 0 1 1 1 1 6 4 3 5 1 2
158   1   3   1   6   0   1 0.41 0.45 0.65 0.47 0.52 0.51 0 1 0 1 1 1 6 5 2 4 3 1
159   1   1   1  -7   0   2 0.50 0.21 0.35 0.33 0.29 0.41 1 0 1 0 1 1 6 1 5 3 4 2
160   1   4   1  -6   0   1 0.41 0.45 0.65 0.47 0.52 0.51 1 1 0 1 0 1 4 6 2 1 3 5
161   1   7   1  -7   0   2 0.50 0.21 0.35 0.36 0.29 0.41 1 1 1 0 1 0 3 2 1 5 4 6
162   1   9   1   7   2   2 0.50 0.21 0.35 0.36 0.29 0.44 1 1 1 0 1 0 6 1 3 2 5 4
163   1   3   1   7   0   2 0.50 0.21 0.35 0.36 0.24 0.44 1 1 0 1 0 1 6 4 2 1 3 5
164   1   6   1   7   0   2 0.50 0.21 0.38 0.36 0.24 0.44 1 1 0 0 1 1 1 5 2 6 3 4
165   1   5   1   0   0   1 0.41 0.45 0.68 0.47 0.52 0.51 1 1 0 0 1 1 5 2 1 6 3 4
166   1   1   1  -7   1   1 0.41 0.45 0.68 0.50 0.52 0.51 1 1 1 1 1 1 1 3 2 6 4 5
167   1   5   1   0   2   2 0.50 0.21 0.38 0.39 0.24 0.44 0 0 0 1 1 1 5 4 6 3 1 2
168   1   5   1   2   0   2 0.50 0.21 0.38 0.39 0.24 0.44 1 1 1 1 0 0 1 3 2 4 5 6
169   1   1   1  -3   2   2 0.50 0.21 0.38 0.39 0.27 0.44 1 1 1 1 0 0 1 5 2 4 3 6
170   1   3   1   6   0   1 0.41 0.45 0.68 0.45 0.47 0.51 0 1 1 1 0 1 2 4 3 6 5 1
171   1   8   1   2   0   1 0.44 0.45 0.68 0.45 0.47 0.51 0 1 1 1 0 1 2 4 3 6 1 5
172   1   4   1  -4   0   1 0.44 0.45 0.68 0.45 0.50 0.51 0 1 1 0 1 1 6 3 5 2 1 4
173   1   2   1   0   0   2 0.50 0.21 0.33 0.39 0.27 0.44 1 0 0 1 1 1 5 1 6 4 3 2
174   1   8   1   0   0   1 0.47 0.45 0.68 0.45 0.50 0.51 0 1 0 1 1 1 5 4 2 6 3 1
175   0   2   1 -10   0   1 0.47 0.45 0.71 0.45 0.50 0.51 1 0 0 1 1 1 4 6 5 1 3 2
176   1   6   1   5   0   2 0.50 0.24 0.33 0.39 0.27 0.44 1 0 1 1 0 1 6 1 3 4 5 2
177   1   4   1  -4   0   1 0.47 0.45 0.71 0.45 0.50 0.51 0 1 0 1 1 1 2 6 5 4 3 1
178   1   3   1   7   0   1 0.50 0.45 0.71 0.45 0.50 0.51 1 1 1 0 1 0 1 2 3 5 6 4
179   1   1   1  -4   0   2 0.50 0.24 0.33 0.39 0.27 0.44 1 0 1 0 1 1 3 5 6 1 4 2
180   1   9   1   4   0   1 0.50 0.45 0.71 0.48 0.50 0.54 0 1 1 1 0 1 6 2 4 3 1 5
181   0   6   1  10   0   1 0.50 0.45 0.71 0.48 0.50 0.54 1 0 1 1 0 1 6 1 4 3 5 2
182   0   2   1 -10   0   1 0.50 0.45 0.71 0.48 0.50 0.54 1 1 0 0 1 1 1 6 2 5 4 3
183   1   7   1  -6   0   1 0.50 0.45 0.71 0.48 0.50 0.54 1 0 1 1 0 1 6 4 3 1 5 2
184   1   4   1  -6   0   2 0.50 0.27 0.33 0.39 0.27 0.44 1 1 0 0 1 1 5 6 1 2 4 3
185   1   6   1   7   0   2 0.50 0.27 0.36 0.42 0.27 0.44 1 1 1 0 0 1 1 6 3 2 4 5
186   1   9   1   6   0   1 0.50 0.48 0.71 0.48 0.53 0.54 1 0 0 1 1 1 1 6 4 5 2 3
187   1   1   1  -6   0   2 0.50 0.27 0.36 0.42 0.30 0.44 0 1 0 1 1 1 6 5 4 2 3 1
188   1   8   1   2   0   2 0.50 0.27 0.36 0.42 0.30 0.44 0 1 1 0 1 1 3 6 5 2 1 4
189   1   9   1   7   0   1 0.50 0.48 0.74 0.48 0.53 0.54 0 1 1 1 0 1 2 6 3 4 5 1
190   1   5   1   1   0   2 0.53 0.27 0.36 0.45 0.30 0.44 0 1 1 0 1 1 2 5 3 6 1 4
191   1   3   1  -1   0   2 0.53 0.27 0.36 0.45 0.30 0.44 1 0 0 1 1 1 4 1 6 5 3 2
192   1   2   1   0   0   2 0.53 0.27 0.39 0.45 0.30 0.44 1 0 1 1 1 0 5 1 4 3 2 6
193   0   4   1  10   0   2 0.53 0.30 0.39 0.45 0.30 0.47 1 1 1 1 0 0 2 3 4 1 6 5
194   1   2   1   0   0   1 0.53 0.48 0.74 0.48 0.53 0.54 0 1 0 1 1 1 4 5 2 6 1 3
195   1   3   1   4   0   1 0.53 0.48 0.74 0.48 0.53 0.54 0 1 1 0 1 1 6 5 2 3 1 4
196   1   6   1   7   0   2 0.53 0.30 0.39 0.45 0.30 0.47 0 0 1 1 1 1 5 4 3 6 2 1
197   1   1   1  -3   0   2 0.56 0.30 0.39 0.45 0.30 0.47 1 1 1 0 1 0 2 3 5 1 4 6
198   1   9   1   7   0   2 0.56 0.30 0.39 0.48 0.30 0.47 0 1 1 1 0 1 4 6 3 2 1 5
199   1   4   1  -5   0   1 0.56 0.48 0.74 0.48 0.53 0.54 1 0 1 0 1 1 3 1 5 6 4 2
200   1   5   1   0   0   2 0.56 0.30 0.39 0.48 0.30 0.47 1 1 1 0 1 0 2 1 5 3 6 4
201   1   2   1   0   0   2 0.56 0.30 0.39 0.48 0.30 0.50 1 1 1 0 0 1 3 1 2 6 4 5
202   1   9   1   6   0   2 0.56 0.30 0.39 0.51 0.33 0.50 1 0 1 1 1 0 3 1 4 5 6 2
203   1   3   1   6   2   1 0.56 0.51 0.74 0.51 0.53 0.54 1 0 1 1 1 0 4 5 1 2 6 3
204   1   4   1  -3   0   2 0.56 0.33 0.39 0.51 0.33 0.50 1 1 0 1 0 1 6 2 1 4 3 5
205   1   1   1  -7   2   1 0.56 0.51 0.69 0.51 0.53 0.54 1 1 0 0 1 1 1 2 6 3 4 5
206   1   4   1  -7   0   1 0.56 0.51 0.69 0.51 0.48 0.54 1 0 1 1 0 1 3 1 4 6 5 2
207   1   1   1  -6   0   1 0.56 0.51 0.69 0.51 0.48 0.54 1 0 1 0 1 1 3 1 6 5 2 4
208   1   5   1   0   0   1 0.56 0.54 0.69 0.51 0.48 0.54 0 1 1 1 0 1 4 6 3 2 5 1
209   1   7   1  -3   0   1 0.56 0.54 0.69 0.51 0.51 0.54 1 1 1 1 0 0 1 3 4 2 5 6
210   1   4   1  -4   0   1 0.56 0.54 0.69 0.51 0.51 0.54 1 0 0 1 1 1 4 1 6 5 3 2
211   1   6   1   5   0   2 0.56 0.33 0.39 0.51 0.33 0.50 0 1 1 0 1 1 6 5 2 3 4 1
212   1   1   1  -6   0   2 0.59 0.33 0.39 0.51 0.33 0.50 1 1 0 1 0 1 1 6 4 2 5 3
213   0   1   1  -9   0   1 0.56 0.54 0.69 0.51 0.51 0.54 1 1 0 0 1 1 5 1 6 2 4 3
214   1   4   1  -7   0   1 0.56 0.54 0.69 0.51 0.51 0.54 0 1 0 1 1 1 5 2 4 6 1 3
215   1   8   1   5   2   2 0.59 0.33 0.42 0.51 0.36 0.50 0 1 0 1 1 1 4 5 3 6 2 1
216   1   9   1   5   2   2 0.59 0.28 0.42 0.51 0.36 0.50 1 0 1 0 0 1 3 6 1 4 5 2
217   1   5   1   2   0   2 0.59 0.28 0.42 0.51 0.36 0.50 1 0 1 1 0 1 4 1 3 6 2 5
218   1   7   1  -6   0   2 0.59 0.28 0.42 0.51 0.36 0.50 1 0 1 1 0 1 3 4 1 6 2 5
219   1   3   1   5   0   2 0.59 0.31 0.42 0.51 0.39 0.50 1 1 0 1 0 1 4 1 2 6 5 3
220   1   5   1   0   0   1 0.59 0.54 0.72 0.51 0.51 0.54 1 0 1 1 1 0 4 3 5 1 2 6
221   0   4   1  10   0   2 0.59 0.31 0.42 0.51 0.39 0.50 1 1 1 1 0 0 4 1 3 2 5 6
222   1   3   1   6   0   1 0.59 0.57 0.72 0.51 0.51 0.57 0 1 1 1 1 0 4 3 5 2 6 1
223   1   5   1   0   0   2 0.59 0.31 0.42 0.51 0.39 0.50 0 1 1 1 1 0 2 4 5 3 6 1
224   0   4   1  10   0   1 0.59 0.57 0.72 0.51 0.51 0.57 1 1 0 1 1 0 2 1 4 5 3 6
225   1   2   1   0   0   1 0.59 0.57 0.72 0.51 0.51 0.57 0 0 1 1 1 1 5 3 6 4 2 1
226   1   8   1   0   0   2 0.59 0.31 0.42 0.51 0.39 0.53 0 1 1 1 1 0 5 3 4 2 1 6
227   1   1   1  -6   0   2 0.62 0.31 0.42 0.51 0.39 0.53 1 1 1 1 0 0 4 2 1 3 6 5
228   0   1   1 -10   0   2 0.62 0.31 0.42 0.51 0.42 0.56 0 1 1 0 1 1 2 3 5 6 1 4
229   1   9   1   7   2   1 0.62 0.57 0.72 0.51 0.51 0.57 1 0 0 1 1 0 3 5 4 1 6 2
230   1   8   1   0   0   1 0.62 0.57 0.72 0.51 0.51 0.57 0 1 1 1 0 1 2 3 6 4 5 1
231   1   2   1   0   0   1 0.62 0.57 0.72 0.51 0.54 0.57 0 1 1 1 1 0 3 2 4 5 6 1
232   1   7   1  -6   0   1 0.65 0.57 0.72 0.51 0.54 0.60 0 0 1 1 1 1 6 3 4 5 2 1
233   1   5   1   1   0   2 0.62 0.31 0.42 0.51 0.42 0.56 1 0 1 0 1 1 5 3 6 1 2 4
234   1   6   1   7   0   2 0.62 0.31 0.42 0.54 0.42 0.56 1 1 0 1 1 0 5 2 4 1 3 6
235   1   3   1   0   1   2 0.62 0.31 0.45 0.54 0.42 0.56 1 1 1 1 1 1 6 1 2 3 4 5
236   1   9   1   7   1   2 0.62 0.31 0.45 0.49 0.37 0.56 1 1 1 1 1 1 1 4 5 2 3 6
237   1   2   1  -2   1   1 0.65 0.60 0.72 0.51 0.54 0.60 1 1 1 1 1 1 4 2 6 5 1 3
238   1   1   1  -7   1   1 0.60 0.60 0.67 0.51 0.54 0.60 1 1 1 1 1 1 2 6 1 3 4 5
239   1   1   1  -7   1   1 0.60 0.60 0.67 0.46 0.49 0.60 1 1 1 1 1 1 5 4 2 3 1 6
240   1   5   1   5   1   1 0.55 0.60 0.67 0.46 0.49 0.55 1 1 1 1 1 1 1 3 6 2 4 5
