  1   1   2   1   3   0   1 0.60 0.90 0.60 1.00 1.00 0.60 1 0 1 1 1 0
  2   0   1   1  -1   0   1 0.60 0.90 0.60 1.00 1.00 0.60 1 0 0 1 1 1
  3   1   1   1  -7   0   1 0.60 0.90 0.60 1.00 1.00 0.60 1 1 1 1 0 0
  4   1   1   1  -7   0   1 0.60 0.90 0.60 1.00 1.00 0.63 1 1 0 1 1 0
  5   1   6   1   2   0   2 0.15 0.45 0.15 0.55 0.55 0.15 0 1 1 0 1 1
  6   1   6   1   7   0   2 0.15 0.45 0.15 0.55 0.55 0.15 1 1 1 1 0 0
  7   1   5   1   1   0   2 0.15 0.45 0.15 0.55 0.55 0.15 1 0 0 1 1 1
  8   1   9   1   4   0   1 0.60 0.90 0.60 1.00 1.00 0.63 1 1 0 1 1 0
  9   1   5   1  -4   1   2 0.15 0.45 0.15 0.55 0.55 0.15 1 1 0 1 1 1
 10   1   5   1  -8   1   1 0.60 0.90 0.63 1.00 1.00 0.66 1 1 1 1 1 1
 11   0   5   1   5   0   2 0.10 0.45 0.15 0.55 0.55 0.15 1 1 1 0 1 0
 12   1   3   1  -7   1   1 0.60 0.90 0.63 0.95 0.95 0.66 1 1 0 1 1 1
 13   1   9   1   2   0   2 0.10 0.45 0.15 0.55 0.55 0.15 1 1 1 1 0 0
 14   1   7   1   7   1   2 0.10 0.45 0.15 0.55 0.58 0.18 1 1 1 1 0 1
 15   1   5   1  -4   1   2 0.10 0.45 0.15 0.55 0.58 0.13 1 1 0 1 1 1
 16   1   8   1   1   1   1 0.60 0.85 0.63 0.95 0.95 0.66 1 1 1 1 1 1
 17   1   7   1   5   1   1 0.60 0.85 0.63 0.90 0.90 0.66 1 1 1 1 1 1
 18   1   2   1  -6   1   2 0.10 0.40 0.15 0.55 0.58 0.13 1 1 1 1 0 1
 19   1   8   1  -3   2   1 0.55 0.85 0.63 0.90 0.90 0.61 1 1 1 1 0 1
 20   1   4   1  -8   0   2 0.10 0.40 0.15 0.50 0.58 0.13 1 1 0 1 1 0
 21   1   8   1   4   1   1 0.50 0.85 0.63 0.85 0.90 0.61 1 1 1 1 1 1
 22   1   4   1  -5   1   2 0.10 0.40 0.18 0.50 0.58 0.13 0 1 1 1 1 1
 23   1   9   1   3   1   1 0.45 0.85 0.58 0.85 0.90 0.61 1 1 1 1 1 1
 24   1   6   1   4   1   1 0.45 0.80 0.58 0.80 0.90 0.61 1 1 0 1 1 1
 25   1   9   1   9   1   1 0.45 0.75 0.58 0.80 0.90 0.61 1 1 1 1 1 1
 26   1   4   1  -8   1   2 0.10 0.35 0.18 0.50 0.58 0.13 1 0 1 1 1 1
 27   1   7   1   7   1   1 0.45 0.75 0.58 0.75 0.90 0.56 1 1 1 1 1 1
 28   1   9   1  -5   4   2 0.10 0.35 0.18 0.45 0.58 0.13 0 0 0 0 0 0
 29   1   5   1  -6   1   1 0.40 0.70 0.58 0.75 0.90 0.56 1 1 1 1 1 1
 30   1   2   1  -7   1   1 0.35 0.70 0.53 0.75 0.90 0.56 1 1 1 1 1 1
 31   1   7   1  -1   1   1 0.35 0.70 0.48 0.75 0.85 0.56 1 1 1 1 1 1
 32   1   8   1   2   1   2 0.10 0.35 0.18 0.45 0.58 0.13 1 1 1 0 1 1
 33   1   2   1  -7   1   1 0.35 0.70 0.48 0.70 0.85 0.51 1 1 1 1 1 1
 34   1   1   1 -10   1   1 0.35 0.65 0.48 0.65 0.85 0.51 1 1 1 1 1 1
 35   1   1   1  -1   1   1 0.35 0.65 0.48 0.65 0.80 0.46 1 1 1 1 1 1
 36   1   3   1   5   1   1 0.35 0.65 0.43 0.65 0.80 0.41 1 1 1 1 1 0
 37   1   8   1   1   1   2 0.10 0.35 0.18 0.45 0.58 0.08 1 1 1 1 0 1
 38   1   2   1  -5   1   2 0.10 0.35 0.18 0.45 0.58 0.03 1 1 1 1 1 0
 39   0   3   1 -10   0   2 0.10 0.30 0.18 0.45 0.58 0.03 0 0 1 1 1 1
 40   1   8   1  -2   1   2 0.10 0.30 0.18 0.45 0.58 0.03 1 0 1 1 1 1
 41   1   8   1   3   1   2 0.05 0.30 0.18 0.45 0.58 0.03 1 1 0 1 1 1
 42   0   3   1 -10   0   1 0.35 0.65 0.38 0.65 0.80 0.41 1 0 1 1 0 1
 43   1   9   1   4   0   2 0.05 0.25 0.18 0.45 0.58 0.03 1 1 1 0 1 0
 44   1   9   1   7   1   1 0.35 0.65 0.38 0.65 0.80 0.41 1 1 1 1 1 1
 45   0   1   1  -6   0   2 0.05 0.25 0.18 0.45 0.58 0.03 1 0 1 1 1 0
 46   1   9   1   2   0   1 0.35 0.65 0.38 0.60 0.75 0.41 1 0 1 0 1 1
 47   1   3   1   4   0   2 0.05 0.25 0.18 0.45 0.58 0.03 1 1 0 0 1 1
 48   1   7   1  -5   0   2 0.05 0.25 0.18 0.48 0.58 0.03 0 1 1 0 1 1
 49   1   1   1  -3   1   2 0.05 0.25 0.18 0.48 0.58 0.03 1 0 1 1 1 1
 50   1   9   1   1   0   1 0.35 0.65 0.38 0.60 0.75 0.41 1 0 0 1 1 1
 51   1   6   1   8   1   2 0.05 0.25 0.13 0.48 0.58 0.03 1 1 0 1 1 1
 52   1   2   1  -5   1   1 0.35 0.68 0.38 0.60 0.75 0.41 1 1 0 1 1 1
 53   1   3   1   5   1   2 0.02 0.25 0.13 0.48 0.58 0.03 1 1 0 1 1 1
 54   1   5   1  -7   1   1 0.30 0.68 0.38 0.60 0.75 0.41 1 1 0 1 1 1
 55   1   6   1   9   1   2 0.02 0.25 0.13 0.48 0.58 0.02 1 1 1 1 0 1
 56   1   3   1   6   0   1 0.25 0.68 0.38 0.60 0.75 0.41 1 0 1 1 1 0
 57   1   6   1  -2   1   1 0.25 0.68 0.38 0.60 0.75 0.41 1 1 1 1 1 0
 58   1   6   1   8   1   1 0.25 0.68 0.38 0.55 0.75 0.41 1 1 1 1 0 1
 59   1   9   1   1   0   2 0.02 0.25 0.13 0.48 0.58 0.02 1 1 0 1 0 1
 60   1   9   1   8   1   1 0.25 0.63 0.38 0.55 0.75 0.41 1 1 0 1 1 1
 61   1   2   1   4   0   1 0.25 0.63 0.38 0.55 0.70 0.41 0 1 1 0 1 1
 62   1   1   1  -5   1   1 0.25 0.63 0.38 0.55 0.70 0.41 1 1 0 1 1 1
 63   1   9   1   3   1   2 0.02 0.25 0.13 0.48 0.58 0.02 0 1 1 1 1 1
 64   0   1   1  -4   0   1 0.25 0.63 0.38 0.55 0.65 0.41 1 0 1 1 1 0
 65   1   6   1   7   1   1 0.25 0.63 0.38 0.55 0.65 0.41 1 0 1 1 1 1
 66   1   8   1   2   0   2 0.02 0.25 0.13 0.43 0.58 0.02 1 1 0 1 1 0
 67   1   1   1  -1   1   1 0.25 0.63 0.38 0.50 0.65 0.41 1 1 1 1 1 1
 68   1   8   1  -5   1   1 0.20 0.63 0.38 0.45 0.65 0.41 1 1 0 1 1 1
 69   1   3   1   9   1   2 0.02 0.25 0.16 0.43 0.58 0.02 1 1 0 1 1 1
 70   1   1   1  -7   1   2 0.02 0.25 0.16 0.38 0.58 0.02 1 1 1 1 1 0
 71   0   1   1  -4   0   2 0.02 0.25 0.16 0.38 0.53 0.02 1 0 1 1 1 0
 72   1   5   1   3   1   1 0.20 0.58 0.38 0.45 0.65 0.41 1 1 1 1 1 1
 73   1   2   1  -6   1   2 0.02 0.25 0.16 0.38 0.53 0.02 1 1 0 1 1 1
 74   1   9   1   1   1   1 0.20 0.58 0.38 0.40 0.60 0.41 1 1 1 1 1 1
 75   1   3   1   5   1   2 0.02 0.25 0.16 0.38 0.53 0.02 1 1 1 1 1 0
 76   1   3   1   4   1   2 0.02 0.20 0.16 0.38 0.53 0.02 1 0 1 1 1 1
 77   1   2   1   8   1   1 0.15 0.58 0.38 0.40 0.55 0.41 1 1 1 1 1 1
 78   1   7   1  -1   1   1 0.15 0.53 0.38 0.40 0.55 0.36 1 1 1 1 1 0
 79   1   8   1   9   1   2 0.02 0.20 0.11 0.38 0.53 0.02 1 1 1 1 1 0
 80   1   7   1   4   1   2 0.02 0.20 0.11 0.33 0.53 0.02 1 1 0 1 1 1
 81   1   3   1   7   1   2 0.02 0.15 0.11 0.33 0.53 0.02 1 1 1 1 0 1
 82   1   6   1   5   1   2 0.02 0.15 0.11 0.33 0.53 0.02 1 1 1 1 0 1
 83   1   8   1  -1   1   2 0.02 0.10 0.11 0.33 0.53 0.02 1 1 1 1 1 0
 84   1   2   1  -2   1   2 0.02 0.05 0.11 0.33 0.53 0.02 1 1 1 1 0 1
 85   1   3   1   4   0   1 0.15 0.53 0.38 0.40 0.50 0.36 1 1 1 1 0 0
 86   1   3   1   8   2   1 0.15 0.53 0.38 0.40 0.50 0.36 1 1 1 1 0 1
 87   1   5   1  -4   2   2 0.02 0.05 0.11 0.33 0.53 0.02 0 1 1 1 0 1
 88   1   4   1  -8   0   1 0.10 0.53 0.33 0.40 0.50 0.36 1 0 0 1 1 1
 89   0   6   1   9   0   2 0.02 0.02 0.11 0.33 0.53 0.02 1 1 1 0 0 1
 90   1   6   1   4   1   1 0.10 0.53 0.33 0.40 0.50 0.36 1 1 1 0 1 1
 91   1   4   1  -3   1   2 0.02 0.02 0.11 0.33 0.53 0.02 1 1 1 1 1 0
 92   1   3   1  -2   1   2 0.02 0.02 0.11 0.28 0.53 0.02 1 0 1 1 1 1
 93   1   6   1   0   1   2 0.02 0.02 0.11 0.28 0.48 0.02 1 1 0 1 1 1
 94   0   3   1 -10   0   1 0.05 0.53 0.33 0.40 0.50 0.36 1 1 1 0 1 0
 95   1   3   1  -6   1   2 0.02 0.02 0.11 0.23 0.48 0.02 1 1 1 1 1 0
 96   0   2   1 -10   0   1 0.05 0.53 0.33 0.40 0.50 0.36 1 1 0 1 1 0
 97   1   5   1  -6   1   2 0.02 0.02 0.11 0.18 0.48 0.02 1 1 1 1 1 0
 98   1   3   1  -1   1   1 0.05 0.53 0.33 0.40 0.50 0.36 1 1 0 1 1 1
 99   1   7   1  -1   1   2 0.02 0.02 0.11 0.18 0.48 0.02 1 1 1 1 0 1
100   1   3   1   0   1   1 0.02 0.53 0.33 0.40 0.50 0.36 1 1 0 1 1 1
101   1   5   1  -2   1   2 0.02 0.02 0.11 0.18 0.48 0.02 1 1 0 1 1 1
102   1   4   1  -7   0   1 0.02 0.53 0.33 0.40 0.50 0.36 1 0 1 1 1 0
103   1   4   1  -5   1   2 0.02 0.02 0.11 0.18 0.48 0.02 1 1 0 1 1 1
104   1   5   1  -8   1   1 0.02 0.56 0.33 0.40 0.50 0.39 1 1 1 1 1 0
105   1   7   1  -4   0   1 0.02 0.56 0.33 0.40 0.50 0.39 1 0 1 0 1 1
106   1   9   1   6   1   1 0.02 0.56 0.33 0.40 0.50 0.39 1 1 1 1 0 1
107   1   5   1  -2   1   1 0.02 0.51 0.33 0.40 0.50 0.39 1 1 0 1 1 1
108   1   2   1  -6   1   1 0.02 0.51 0.33 0.40 0.45 0.39 1 1 1 1 1 1
109   1   5   1  -5   1   1 0.02 0.46 0.33 0.40 0.40 0.39 1 1 1 1 1 1
110   1   5   1  -1   1   2 0.02 0.02 0.11 0.13 0.48 0.02 1 1 1 1 1 0
111   1   7   1  -7   1   1 0.02 0.41 0.33 0.35 0.40 0.39 1 1 1 1 1 0
112   1   1   1  -5   1   2 0.02 0.02 0.11 0.08 0.48 0.02 1 1 1 0 1 1
113   0   4   1   9   0   2 0.02 0.02 0.11 0.08 0.48 0.02 1 1 1 0 0 1
114   0   5   1   9   0   2 0.02 0.02 0.11 0.08 0.48 0.02 0 1 1 0 1 1
115   1   5   1   0   1   1 0.02 0.41 0.33 0.30 0.40 0.39 1 1 0 1 1 1
116   1   7   1  -6   0   2 0.02 0.02 0.11 0.08 0.48 0.02 1 0 1 1 0 1
117   1   5   1  -1   0   1 0.02 0.41 0.33 0.25 0.40 0.39 1 1 0 1 0 1
118   1   1   1  -5   0   2 0.02 0.02 0.11 0.08 0.48 0.02 1 1 1 1 0 0
119   1   2   1  -4   1   2 0.02 0.02 0.11 0.08 0.51 0.02 1 1 0 1 1 1
120   1   1   1  -7   1   2 0.02 0.02 0.11 0.08 0.46 0.02 1 1 0 1 1 1
121   1   1   1  -7   0   1 0.02 0.41 0.36 0.25 0.40 0.39 1 1 1 0 1 0
122   1   4   1  -7   1   2 0.02 0.02 0.11 0.08 0.46 0.02 1 1 1 1 1 0
123   1   4   1  -7   0   2 0.02 0.02 0.11 0.08 0.46 0.02 1 0 1 1 1 0
124   1   2   1  -4   0   1 0.02 0.41 0.36 0.25 0.40 0.39 0 1 1 0 1 1
125   1   3   1   4   0   1 0.02 0.41 0.36 0.28 0.40 0.39 1 1 1 1 0 0
126   1   4   1  -5   2   1 0.02 0.41 0.36 0.28 0.43 0.42 1 1 1 1 0 1
127   1   6   1   0   0   1 0.02 0.36 0.36 0.23 0.43 0.42 1 0 1 0 1 1
128   1   9   1   2   0   1 0.02 0.36 0.36 0.23 0.43 0.42 1 0 1 1 1 0
129   1   2   1   0   0   2 0.02 0.05 0.11 0.08 0.46 0.05 1 1 0 1 1 0
130   1   5   1  -3   1   2 0.02 0.05 0.11 0.08 0.46 0.05 1 1 1 1 0 1
131   1   8   1  -1   0   2 0.02 0.05 0.11 0.03 0.46 0.05 1 1 1 1 0 0
132   1   8   1   0   0   1 0.02 0.39 0.36 0.23 0.43 0.42 0 1 1 0 1 1
133   1   6   1   3   0   2 0.02 0.05 0.11 0.03 0.46 0.08 1 1 0 1 0 1
134   1   3   1  -1   1   2 0.02 0.05 0.14 0.03 0.49 0.08 0 1 1 1 1 1
135   1   3   1   0   1   1 0.05 0.39 0.36 0.26 0.43 0.42 1 0 1 1 1 1
136   1   6   1   1   0   1 0.02 0.39 0.36 0.26 0.43 0.42 1 1 0 1 1 0
137   1   6   1   3   0   1 0.02 0.39 0.36 0.26 0.43 0.45 1 1 0 1 1 0
138   1   6   1   3   0   1 0.02 0.39 0.39 0.26 0.43 0.45 1 1 1 1 0 0
139   1   7   1   0   0   2 0.02 0.05 0.14 0.02 0.49 0.08 1 1 0 0 1 1
140   1   8   1   0   1   1 0.02 0.39 0.39 0.26 0.43 0.48 1 1 0 1 1 1
141   1   1   1  -5   0   1 0.02 0.39 0.39 0.26 0.43 0.48 1 1 0 0 1 1
142   1   5   1   0   1   1 0.02 0.39 0.39 0.26 0.43 0.48 1 1 1 1 1 1
143   1   5   1   0   0   1 0.02 0.39 0.39 0.21 0.38 0.48 0 1 1 0 1 1
144   1   5   1  -2   1   2 0.02 0.05 0.14 0.02 0.49 0.08 0 1 1 1 1 1
145   1   4   1  -7   1   2 0.02 0.05 0.14 0.02 0.49 0.08 1 1 0 1 1 1
146   1   1   1  -9   0   1 0.02 0.39 0.39 0.21 0.38 0.48 0 1 1 0 1 1
147   1   1   1  -7   1   2 0.02 0.05 0.14 0.02 0.49 0.03 1 1 1 1 1 0
148   0   4   1   8   0   1 0.05 0.39 0.39 0.24 0.38 0.48 1 1 1 1 0 0
149   1   9   1   6   0   2 0.02 0.05 0.14 0.02 0.49 0.03 1 1 1 1 0 0
150   1   4   1   0   0   1 0.05 0.39 0.39 0.24 0.38 0.48 1 1 0 1 1 0
151   0   2   1 -10   0   1 0.05 0.39 0.42 0.24 0.38 0.48 1 0 1 0 1 1
152   0   4   1   7   0   2 0.02 0.05 0.14 0.02 0.49 0.03 0 1 1 1 1 0
153   1   8   1   2   0   2 0.02 0.05 0.14 0.02 0.49 0.03 1 0 0 1 1 1
154   1   4   1  -9   1   2 0.02 0.05 0.17 0.02 0.49 0.03 1 1 0 1 1 1
155   1   2   1  -7   1   1 0.05 0.39 0.42 0.24 0.38 0.48 1 1 1 1 1 1
156   1   7   1  -1   1   1 0.05 0.39 0.42 0.19 0.33 0.48 1 1 0 1 1 1
157   1   9   1   1   2   1 0.05 0.34 0.42 0.19 0.33 0.48 1 1 1 1 0 0
158   1   4   1  -6   0   1 0.05 0.34 0.42 0.14 0.33 0.48 1 1 0 1 0 1
159   1   9   1   3   0   2 0.02 0.05 0.17 0.02 0.44 0.03 1 0 1 1 1 0
160   1   9   1   7   0   2 0.02 0.08 0.17 0.02 0.44 0.06 1 1 1 0 0 1
161   1   8   1   0   0   1 0.05 0.34 0.42 0.14 0.33 0.48 1 1 0 0 1 1
162   1   7   1  -2   1   2 0.02 0.08 0.17 0.02 0.44 0.06 1 0 1 1 1 1
163   1   4   1  -1   1   1 0.05 0.34 0.45 0.14 0.33 0.48 1 1 1 1 0 1
164   1   4   1  -2   0   1 0.05 0.29 0.45 0.14 0.33 0.48 1 1 1 0 1 0
165   1   7   1  -4   0   2 0.02 0.08 0.17 0.02 0.44 0.06 1 1 1 0 0 1
166   1   7   1  -5   1   2 0.02 0.08 0.17 0.05 0.47 0.06 1 1 0 1 1 1
167   1   1   1  -1   1   2 0.02 0.08 0.17 0.05 0.42 0.06 1 1 0 1 1 1
168   0   5   1   8   0   1 0.05 0.29 0.45 0.17 0.33 0.51 1 1 0 0 1 1
169   1   8   1  -4   0   2 0.02 0.08 0.17 0.05 0.42 0.06 1 1 0 1 1 0
170   1   2   1  -6   1   1 0.05 0.29 0.45 0.17 0.33 0.51 1 1 1 1 1 1
171   1   2   1  -3   1   1 0.05 0.29 0.45 0.17 0.28 0.46 1 1 0 1 1 1
172   1   6   1   7   1   1 0.05 0.29 0.45 0.12 0.28 0.46 1 0 1 1 1 1
173   1   5   1  -3   1   2 0.02 0.08 0.17 0.05 0.42 0.06 1 1 1 0 1 1
174   1   3   1  -2   1   1 0.05 0.29 0.45 0.12 0.23 0.46 0 1 1 1 1 1
175   1   7   1   1   1   1 0.05 0.29 0.40 0.12 0.23 0.46 1 0 1 1 1 1
176   1   9   1   6   1   2 0.02 0.08 0.17 0.05 0.42 0.06 1 1 1 1 0 1
177   0   5   1   9   0   1 0.02 0.29 0.40 0.12 0.23 0.46 0 1 1 1 1 0
178   1   4   1  -2   1   1 0.02 0.29 0.40 0.12 0.23 0.46 1 1 1 0 1 1
179   1   7   1  -1   2   2 0.02 0.03 0.17 0.05 0.42 0.06 0 0 0 0 0 0
180   1   5   1  -4   2   1 0.02 0.24 0.40 0.12 0.23 0.46 1 1 0 1 0 0
181   1   2   1   0   0   2 0.02 0.03 0.17 0.05 0.42 0.06 0 1 1 1 1 0
182   1   6   1   3   0   2 0.02 0.03 0.17 0.05 0.42 0.09 0 1 1 1 0 1
183   1   2   1   0   0   1 0.02 0.19 0.40 0.12 0.23 0.46 1 1 0 1 0 1
184   1   3   1  -3   1   1 0.02 0.19 0.40 0.12 0.23 0.46 1 1 1 1 1 1
185   1   5   1   0   0   1 0.02 0.14 0.40 0.12 0.23 0.46 0 0 1 1 1 1
186   1   1   1  -7   1   2 0.05 0.03 0.17 0.05 0.42 0.09 1 1 0 1 1 1
187   0   4   1   7   3   1 0.02 0.14 0.40 0.12 0.23 0.46 1 0 1 1 0 1
188   1   8   1   0   0   1 0.02 0.14 0.40 0.12 0.23 0.46 1 0 0 1 1 1
189   1   1   1  -5   1   2 0.05 0.02 0.17 0.05 0.42 0.09 1 1 1 1 0 1
190   1   6   1   0   1   2 0.05 0.02 0.17 0.05 0.42 0.04 1 1 0 1 1 1
191   1   6   1   1   1   2 0.05 0.02 0.17 0.05 0.37 0.04 0 1 1 1 1 1
192   1   8   1   0   0   2 0.05 0.02 0.17 0.05 0.32 0.04 1 0 1 1 0 1
193   1   7   1  -7   0   1 0.02 0.17 0.43 0.12 0.23 0.46 1 1 0 1 1 0
194   1   1   1  -6   1   1 0.02 0.17 0.43 0.12 0.23 0.46 1 0 1 1 1 1
195   1   5   1  -2   1   2 0.05 0.02 0.17 0.05 0.32 0.04 0 1 1 1 1 1
196   0   6   1  10   0   1 0.02 0.17 0.38 0.12 0.23 0.46 1 1 0 1 0 1
197   1   4   1  -2   1   2 0.05 0.02 0.17 0.02 0.32 0.04 1 1 0 1 1 1
198   1   9   1   3   1   1 0.02 0.17 0.38 0.12 0.23 0.46 1 1 1 1 1 1
199   1   1   1  -6   1   1 0.02 0.12 0.38 0.12 0.18 0.46 1 1 1 1 1 0
200   1   6   1   4   1   1 0.02 0.12 0.38 0.12 0.18 0.46 1 1 1 1 0 1
201   1   2   1  -1   0   2 0.05 0.02 0.17 0.02 0.27 0.04 0 1 0 1 1 1
202   0   2   1 -10   0   2 0.05 0.02 0.20 0.02 0.27 0.04 1 0 1 1 0 1
203   1   4   1  -8   0   1 0.02 0.12 0.38 0.12 0.18 0.46 0 1 1 1 0 1
204   1   8   1   0   0   2 0.05 0.02 0.20 0.02 0.27 0.04 1 0 1 1 1 0
205   1   3   1   2   0   1 0.02 0.12 0.38 0.12 0.18 0.46 1 1 0 0 1 1
206   1   6   1   6   0   2 0.05 0.05 0.20 0.02 0.27 0.04 0 1 0 1 1 1
207   1   1   1  -4   1   1 0.02 0.12 0.38 0.12 0.18 0.46 1 1 1 1 1 1
208   1   1   1  -4   0   2 0.08 0.05 0.20 0.02 0.27 0.04 0 1 0 1 1 1
209   1   7   1  -2   1   1 0.02 0.12 0.33 0.12 0.18 0.46 1 0 1 1 1 1
210   1   3   1   0   1   1 0.02 0.12 0.33 0.12 0.18 0.46 1 1 0 1 1 1
211   1   7   1  -2   1   1 0.02 0.12 0.33 0.12 0.13 0.46 1 0 1 1 1 1
212   0   6   1  10   0   1 0.02 0.12 0.33 0.12 0.08 0.46 0 1 1 1 1 0
213   1   9   1   7   0   2 0.08 0.05 0.23 0.02 0.27 0.04 1 1 0 1 1 0
214   1   6   1   7   0   2 0.08 0.05 0.23 0.02 0.27 0.07 1 1 1 0 1 0
215   0   6   1  10   0   2 0.08 0.05 0.23 0.02 0.27 0.07 1 0 0 1 1 1
216   1   8   1   5   1   1 0.02 0.12 0.33 0.12 0.08 0.46 1 1 1 1 1 0
217   1   4   1  -1   1   1 0.02 0.12 0.33 0.12 0.08 0.46 0 1 1 1 1 1
218   1   1   1  -5   0   2 0.08 0.05 0.23 0.02 0.27 0.07 1 0 1 1 1 0
219   1   3   1   0   1   2 0.08 0.05 0.23 0.02 0.27 0.10 0 1 1 1 1 1
220   1   3   1   0   1   1 0.02 0.12 0.33 0.07 0.08 0.46 1 1 1 0 1 1
221   1   2   1   1   0   2 0.08 0.02 0.23 0.02 0.27 0.10 1 1 0 1 1 0
222   1   9   1   5   0   1 0.02 0.07 0.33 0.07 0.08 0.46 1 0 1 0 1 1
223   1   7   1  -3   0   1 0.02 0.07 0.33 0.07 0.08 0.46 1 1 1 0 1 0
224   1   8   1   0   0   2 0.08 0.02 0.26 0.02 0.27 0.10 0 0 1 1 1 1
225   1   1   1  -6   0   2 0.11 0.02 0.26 0.02 0.27 0.10 1 0 1 1 1 0
226   1   8   1   0   0   1 0.02 0.07 0.33 0.10 0.08 0.49 1 0 1 1 1 0
227   1   6   1   7   0   2 0.11 0.05 0.26 0.02 0.27 0.13 1 1 0 1 1 0
228   1   2   1  -3   1   1 0.02 0.10 0.33 0.10 0.08 0.49 1 1 1 1 1 0
229   1   6   1   2   0   2 0.11 0.05 0.26 0.02 0.27 0.13 1 1 1 1 0 0
230   1   6   1   7   2   1 0.02 0.10 0.33 0.10 0.03 0.49 1 1 1 1 1 0
231   1   4   1  -1   1   1 0.02 0.05 0.28 0.10 0.03 0.49 1 1 1 1 0 1
232   1   8   1   1   1   2 0.11 0.05 0.26 0.02 0.27 0.16 1 1 1 1 0 1
233   1   7   1  -5   4   1 0.02 0.05 0.28 0.10 0.03 0.49 0 0 0 0 0 0
234   1   1   1  -4   1   1 0.02 0.05 0.28 0.10 0.03 0.49 1 1 1 1 1 0
235   1   3   1   6   2   2 0.06 0.05 0.26 0.02 0.27 0.16 1 1 1 1 0 0
236   1   8   1   0   0   2 0.06 0.05 0.21 0.02 0.27 0.16 0 1 1 1 0 1
237   1   5   1   0   0   2 0.06 0.05 0.21 0.02 0.30 0.16 0 0 1 1 1 1
238   1   7   1  -7   0   1 0.02 0.05 0.28 0.05 0.03 0.49 1 1 1 1 0 0
239   1   8   1   2   1   1 0.02 0.05 0.28 0.05 0.03 0.52 0 1 1 1 1 1
240   0   3   1 -10   0   2 0.09 0.05 0.21 0.02 0.30 0.16 1 1 1 1 0 0
241   1   1   1  -7   0   2 0.09 0.05 0.21 0.02 0.30 0.16 1 1 1 1 0 0
242   1   2   1   0   0   2 0.09 0.05 0.21 0.02 0.30 0.16 1 0 1 1 1 0
243   1   1   1  -7   0   2 0.09 0.08 0.21 0.02 0.30 0.19 1 1 0 1 0 1
244   1   9   1   6   0   1 0.02 0.02 0.28 0.05 0.03 0.52 1 1 0 1 0 1
245   1   3   1   0   0   2 0.09 0.08 0.21 0.02 0.33 0.19 1 1 1 1 0 0
246   1   3   1  -2   1   2 0.09 0.08 0.21 0.02 0.33 0.19 1 0 1 1 1 1
247   1   1   1  -1   0   2 0.04 0.08 0.21 0.02 0.33 0.19 1 0 1 0 1 1
248   1   8   1   0   0   1 0.02 0.02 0.28 0.05 0.06 0.52 1 0 1 1 0 1
249   1   2   1  -2   1   2 0.04 0.08 0.21 0.05 0.33 0.19 1 0 1 1 1 1
250   1   4   1  -7   0   2 0.02 0.08 0.21 0.05 0.33 0.19 1 1 0 1 0 1
251   1   2   1  -1   1   1 0.02 0.02 0.28 0.05 0.06 0.52 1 0 1 1 1 1
252   1   6   1   2   1   1 0.02 0.02 0.23 0.05 0.06 0.52 1 1 1 0 1 1
253   1   7   1  -7   2   2 0.02 0.08 0.24 0.05 0.36 0.19 1 1 1 0 0 1
254   1   7   1  -7   0   1 0.02 0.02 0.23 0.05 0.06 0.52 1 0 1 0 1 1
255   1   2   1   1   0   2 0.02 0.08 0.24 0.05 0.36 0.14 0 0 1 1 1 1
256   1   9   1   2   0   2 0.02 0.11 0.24 0.05 0.36 0.14 1 1 0 1 0 1
257   1   4   1   0   0   2 0.02 0.11 0.24 0.05 0.36 0.14 1 1 0 1 0 1
258   1   5   1  -2   0   2 0.02 0.11 0.27 0.05 0.39 0.14 0 0 1 1 1 1
259   1   2   1   1   0   2 0.05 0.11 0.27 0.05 0.39 0.14 1 0 1 1 0 1
260   1   4   1  -7   0   2 0.05 0.14 0.27 0.05 0.39 0.14 1 1 0 1 1 0
261   1   4   1   2   1   1 0.02 0.02 0.23 0.05 0.06 0.52 0 1 1 1 1 1
262   1   6   1   1   1   1 0.02 0.02 0.23 0.05 0.06 0.52 1 1 0 1 1 1
263   1   6   1   0   0   1 0.02 0.02 0.23 0.05 0.06 0.52 0 1 0 1 1 1
264   1   7   1  -4   0   2 0.05 0.14 0.27 0.05 0.39 0.14 0 0 1 1 1 1
265   1   3   1   2   0   1 0.02 0.02 0.23 0.05 0.06 0.52 1 1 1 0 1 0
266   1   9   1   6   4   2 0.05 0.14 0.27 0.05 0.39 0.14 0 0 0 0 0 0
267   1   1   1  -8   1   1 0.02 0.02 0.23 0.08 0.06 0.52 1 0 1 1 1 1
268   1   7   1  -7   0   2 0.05 0.14 0.27 0.05 0.39 0.14 1 0 0 1 1 1
269   1   1   1  -8   1   1 0.02 0.02 0.23 0.08 0.02 0.52 1 0 1 1 1 1
270   1   6   1   5   0   1 0.02 0.02 0.23 0.03 0.02 0.52 1 1 0 1 1 0
271   1   4   1  -5   1   2 0.05 0.17 0.30 0.05 0.39 0.14 1 1 0 1 1 1
272   1   8   1   0   0   1 0.02 0.02 0.26 0.03 0.02 0.55 0 1 1 1 1 0
273   1   5   1   0   0   1 0.05 0.02 0.26 0.03 0.02 0.55 1 0 0 1 1 1
274   1   8   1   4   1   2 0.05 0.17 0.30 0.02 0.39 0.14 1 1 0 1 1 1
275   1   9   1   0   0   2 0.05 0.12 0.30 0.02 0.39 0.14 1 0 1 1 1 0
276   1   2   1   0   0   1 0.05 0.02 0.26 0.03 0.02 0.55 0 1 0 1 1 1
277   1   4   1  -1   1   1 0.05 0.02 0.29 0.03 0.02 0.55 1 1 0 1 1 1
278   1   1   1  -6   0   2 0.05 0.12 0.30 0.02 0.39 0.17 1 0 0 1 1 1
279   1   4   1  -7   0   1 0.02 0.02 0.29 0.03 0.02 0.55 0 1 1 0 1 1
280   1   7   1  -4   0   1 0.02 0.02 0.29 0.03 0.02 0.55 1 0 1 1 1 0
281   1   5   1   2   1   1 0.02 0.05 0.29 0.03 0.02 0.58 0 1 1 1 1 1
282   1   2   1  -4   1   2 0.05 0.15 0.30 0.02 0.39 0.17 1 1 1 1 1 0
283   1   6   1   0   1   2 0.05 0.15 0.30 0.02 0.39 0.17 1 1 0 1 1 1
284   1   8   1   1   1   1 0.02 0.05 0.24 0.03 0.02 0.58 1 1 0 1 1 1
285   1   7   1  -6   0   2 0.05 0.15 0.30 0.02 0.39 0.17 1 1 0 1 1 0
286   1   3   1  -6   1   2 0.05 0.15 0.33 0.02 0.39 0.17 1 1 1 0 1 1
287   1   9   1   4   0   2 0.05 0.10 0.33 0.02 0.39 0.17 1 1 0 1 0 1
288   1   2   1  -3   1   1 0.02 0.05 0.24 0.03 0.02 0.53 1 1 1 0 1 1
289   1   9   1   5   0   2 0.05 0.10 0.33 0.02 0.42 0.17 1 0 1 1 1 0
290   1   4   1  -3   1   1 0.02 0.05 0.24 0.03 0.02 0.53 1 0 1 1 1 1
291   1   4   1  -8   1   2 0.05 0.10 0.33 0.02 0.42 0.20 1 0 1 1 1 1
292   1   9   1   1   0   2 0.05 0.10 0.28 0.02 0.42 0.20 0 1 1 1 0 1
293   1   4   1   0   1   2 0.08 0.10 0.28 0.02 0.42 0.20 0 1 1 1 1 1
294   0   2   1 -10   3   2 0.08 0.05 0.28 0.02 0.42 0.20 0 1 1 1 0 1
295   1   4   1   0   1   1 0.02 0.05 0.24 0.02 0.02 0.53 1 1 1 1 0 1
296   1   8   1  -2   1   1 0.02 0.05 0.24 0.02 0.02 0.53 1 0 1 1 1 1
297   1   5   1   0   1   2 0.08 0.05 0.28 0.02 0.42 0.20 1 1 0 1 1 1
298   1   5   1  -1   0   2 0.08 0.02 0.28 0.02 0.42 0.20 0 1 1 1 0 1
299   1   7   1  -6   4   2 0.08 0.02 0.28 0.02 0.45 0.20 0 0 0 0 0 0
300   1   5   1  -1   2   1 0.02 0.05 0.24 0.02 0.02 0.53 1 1 0 1 0 1
301   1   3   1   0   0   2 0.08 0.02 0.28 0.02 0.45 0.20 1 0 1 0 1 1
302   1   3   1   1   1   2 0.08 0.02 0.28 0.02 0.45 0.20 1 0 1 1 1 1
303   1   1   1  -8   1   1 0.02 0.05 0.24 0.02 0.02 0.53 1 1 1 1 1 0
304   1   2   1  -3   1   2 0.03 0.02 0.28 0.02 0.45 0.20 1 1 1 0 1 1
305   1   3   1   2   1   1 0.02 0.05 0.24 0.02 0.02 0.53 1 1 1 1 1 0
306   1   7   1  -7   0   2 0.03 0.02 0.28 0.02 0.45 0.20 1 1 1 0 1 0
307   1   2   1  -3   1   2 0.03 0.02 0.28 0.05 0.45 0.20 1 1 1 1 1 0
308   1   9   1   0   0   1 0.02 0.05 0.24 0.02 0.02 0.53 1 1 1 1 0 0
309   1   8   1   3   1   1 0.02 0.05 0.24 0.02 0.02 0.53 1 1 1 1 0 1
310   1   6   1  -2   1   2 0.03 0.02 0.28 0.02 0.45 0.20 1 1 1 1 0 1
311   1   9   1   3   1   1 0.02 0.05 0.24 0.02 0.02 0.53 1 1 1 1 1 0
312   1   5   1  -2   0   2 0.03 0.02 0.28 0.02 0.45 0.20 0 1 1 1 0 1
