  1   1   2   1   3   0   1 0.60 0.90 0.60 1.00 1.00 0.60 1 0 1 1 1 0 3 1 5 4 6 2
  2   0   1   1  -1   0   1 0.60 0.90 0.60 1.00 1.00 0.60 1 0 0 1 1 1 1 4 6 5 3 2
  3   1   1   1  -7   0   1 0.60 0.90 0.60 1.00 1.00 0.60 1 1 1 1 0 0 1 3 2 4 6 5
  4   1   1   1  -7   0   1 0.60 0.90 0.60 1.00 1.00 0.63 1 1 0 1 1 0 2 4 1 5 6 3
  5   1   6   1   2   0   2 0.15 0.45 0.15 0.55 0.55 0.15 0 1 1 0 1 1 3 5 6 2 4 1
  6   1   6   1   7   0   2 0.15 0.45 0.15 0.55 0.55 0.15 1 1 1 1 0 0 3 4 2 1 6 5
  7   1   5   1   1   0   2 0.15 0.45 0.15 0.55 0.55 0.15 1 0 0 1 1 1 4 6 1 5 2 3
  8   1   9   1   4   0   1 0.60 0.90 0.60 1.00 1.00 0.63 1 1 0 1 1 0 1 2 5 4 6 3
  9   1   5   1  -1   1   2 0.15 0.45 0.15 0.55 0.55 0.15 1 1 0 1 1 1 5 6 2 4 1 3
 10   1   5   1  -2   1   1 0.60 0.90 0.63 1.00 1.00 0.66 1 1 1 1 1 1 2 6 3 1 4 5
 11   0   5   1   9   0   2 0.10 0.45 0.15 0.55 0.55 0.15 1 1 1 0 1 0 5 2 1 3 4 6
 12   1   3   1  -1   1   1 0.60 0.90 0.63 0.95 0.95 0.66 1 1 0 1 1 1 6 5 4 1 3 2
 13   1   9   1   0   0   2 0.10 0.45 0.15 0.55 0.55 0.15 1 1 1 1 0 0 4 3 1 2 5 6
 14   1   7   1   2   1   2 0.10 0.45 0.15 0.55 0.58 0.18 1 1 1 1 0 1 4 2 1 3 6 5
 15   1   5   1  -1   1   2 0.10 0.45 0.15 0.55 0.58 0.13 1 1 0 1 1 1 6 4 5 1 2 3
 16   1   8   1   1   1   1 0.60 0.85 0.63 0.95 0.95 0.66 1 1 1 1 1 1 2 1 3 6 4 5
 17   1   7   1   2   1   1 0.60 0.85 0.63 0.90 0.90 0.66 1 1 1 1 1 1 2 4 3 5 1 6
 18   1   2   1  -2   1   2 0.10 0.40 0.15 0.55 0.58 0.13 1 1 1 1 0 1 1 6 3 2 4 5
 19   1   8   1  -2   2   1 0.55 0.85 0.63 0.90 0.90 0.61 1 1 1 1 0 1 2 5 6 3 4 1
 20   1   4   1  -5   0   2 0.10 0.40 0.15 0.50 0.58 0.13 1 1 0 1 1 0 1 4 2 5 3 6
 21   1   8   1   0   1   1 0.50 0.85 0.63 0.85 0.90 0.61 1 1 1 1 1 1 4 5 6 2 1 3
 22   1   4   1  -8   1   2 0.10 0.40 0.18 0.50 0.58 0.13 0 1 1 1 1 1 4 5 6 3 2 1
 23   1   9   1   3   1   1 0.45 0.85 0.58 0.85 0.90 0.61 1 1 1 1 1 1 5 3 1 6 2 4
 24   1   6   1   5   1   1 0.45 0.80 0.58 0.80 0.90 0.61 1 1 0 1 1 1 6 4 5 1 3 2
 25   1   9   1   7   1   1 0.45 0.75 0.58 0.80 0.90 0.61 1 1 1 1 1 1 3 2 1 5 6 4
 26   1   4   1  -6   1   2 0.10 0.35 0.18 0.50 0.58 0.13 1 0 1 1 1 1 6 3 5 1 4 2
 27   1   7   1   1   1   1 0.45 0.75 0.58 0.75 0.90 0.56 1 1 1 1 1 1 6 3 4 5 1 2
 28   1   9   1  -1   4   2 0.10 0.35 0.18 0.45 0.58 0.13 0 0 0 0 0 0 1 3 2 6 5 4
 29   1   5   1  -1   1   1 0.40 0.70 0.58 0.75 0.90 0.56 1 1 1 1 1 1 5 4 6 2 3 1
 30   1   2   1  -4   1   1 0.35 0.70 0.53 0.75 0.90 0.56 1 1 1 1 1 1 2 1 4 6 3 5
 31   1   7   1  -1   1   1 0.35 0.70 0.48 0.75 0.85 0.56 1 1 1 1 1 1 2 5 3 1 6 4
 32   1   8   1   0   1   2 0.10 0.35 0.18 0.45 0.58 0.13 1 1 1 0 1 1 5 1 3 2 6 4
 33   1   2   1  -8   1   1 0.35 0.70 0.48 0.70 0.85 0.51 1 1 1 1 1 1 3 5 1 6 4 2
 34   1   1   1  -8   1   1 0.35 0.65 0.48 0.65 0.85 0.51 1 1 1 1 1 1 3 4 1 2 5 6
 35   1   1   1  -9   1   1 0.35 0.65 0.48 0.65 0.80 0.46 1 1 1 1 1 1 2 4 5 1 6 3
 36   1   3   1   1   1   1 0.35 0.65 0.43 0.65 0.80 0.41 1 1 1 1 1 0 2 1 4 5 3 6
 37   1   8   1   1   1   2 0.10 0.35 0.18 0.45 0.58 0.08 1 1 1 1 0 1 1 2 3 4 6 5
 38   1   2   1  -2   1   2 0.10 0.35 0.18 0.45 0.58 0.03 1 1 1 1 1 0 4 1 5 3 2 6
 39   0   3   1 -10   0   2 0.10 0.30 0.18 0.45 0.58 0.03 0 0 1 1 1 1 5 3 4 6 2 1
 40   1   8   1  -2   1   2 0.10 0.30 0.18 0.45 0.58 0.03 1 0 1 1 1 1 3 4 6 5 1 2
 41   1   8   1   0   1   2 0.05 0.30 0.18 0.45 0.58 0.03 1 1 0 1 1 1 4 5 6 1 2 3
 42   0   3   1 -10   0   1 0.35 0.65 0.38 0.65 0.80 0.41 1 0 1 1 0 1 4 3 1 6 5 2
 43   1   9   1   2   0   2 0.05 0.25 0.18 0.45 0.58 0.03 1 1 1 0 1 0 5 1 3 2 6 4
 44   1   9   1   6   1   1 0.35 0.65 0.38 0.65 0.80 0.41 1 1 1 1 1 1 6 2 3 1 5 4
 45   0   1   1  -8   0   2 0.05 0.25 0.18 0.45 0.58 0.03 1 0 1 1 1 0 3 5 1 4 2 6
 46   1   9   1   1   0   1 0.35 0.65 0.38 0.60 0.75 0.41 1 0 1 0 1 1 1 6 5 3 4 2
 47   1   3   1   4   0   2 0.05 0.25 0.18 0.45 0.58 0.03 1 1 0 0 1 1 6 1 5 2 3 4
 48   1   7   1  -4   0   2 0.05 0.25 0.18 0.48 0.58 0.03 0 1 1 0 1 1 2 5 6 3 1 4
 49   1   1   1  -4   1   2 0.05 0.25 0.18 0.48 0.58 0.03 1 0 1 1 1 1 5 6 1 4 3 2
 50   1   9   1   2   0   1 0.35 0.65 0.38 0.60 0.75 0.41 1 0 0 1 1 1 6 4 5 1 3 2
 51   1   6   1   0   1   2 0.05 0.25 0.13 0.48 0.58 0.03 1 1 0 1 1 1 6 4 5 2 1 3
 52   1   2   1   0   1   1 0.35 0.68 0.38 0.60 0.75 0.41 1 1 0 1 1 1 6 4 2 5 1 3
 53   1   3   1   1   1   2 0.02 0.25 0.13 0.48 0.58 0.03 1 1 0 1 1 1 1 5 2 4 6 3
 54   1   5   1  -3   1   1 0.30 0.68 0.38 0.60 0.75 0.41 1 1 0 1 1 1 4 5 2 6 1 3
 55   1   6   1   3   1   2 0.02 0.25 0.13 0.48 0.58 0.02 1 1 1 1 0 1 4 3 6 2 1 5
 56   1   3   1   1   0   1 0.25 0.68 0.38 0.60 0.75 0.41 1 0 1 1 1 0 5 4 1 3 6 2
 57   1   6   1  -2   1   1 0.25 0.68 0.38 0.60 0.75 0.41 1 1 1 1 1 0 5 2 1 3 6 4
 58   1   6   1   0   1   1 0.25 0.68 0.38 0.55 0.75 0.41 1 1 1 1 0 1 4 3 1 6 2 5
 59   1   9   1   2   0   2 0.02 0.25 0.13 0.48 0.58 0.02 1 1 0 1 0 1 4 1 6 2 3 5
 60   1   9   1   2   1   1 0.25 0.63 0.38 0.55 0.75 0.41 1 1 0 1 1 1 6 1 4 2 5 3
 61   1   2   1   0   0   1 0.25 0.63 0.38 0.55 0.70 0.41 0 1 1 0 1 1 6 2 5 3 1 4
 62   1   1   1  -6   1   1 0.25 0.63 0.38 0.55 0.70 0.41 1 1 0 1 1 1 2 6 1 4 5 3
 63   1   9   1   4   1   2 0.02 0.25 0.13 0.48 0.58 0.02 0 1 1 1 1 1 5 6 3 2 4 1
 64   0   1   1  -9   0   1 0.25 0.63 0.38 0.55 0.65 0.41 1 0 1 1 1 0 1 4 3 5 6 2
 65   1   6   1   0   1   1 0.25 0.63 0.38 0.55 0.65 0.41 1 0 1 1 1 1 5 3 1 6 4 2
 66   1   8   1   0   0   2 0.02 0.25 0.13 0.43 0.58 0.02 1 1 0 1 1 0 5 2 4 1 6 3
 67   1   1   1  -7   1   1 0.25 0.63 0.38 0.50 0.65 0.41 1 1 1 1 1 1 6 3 5 2 4 1
 68   1   8   1  -1   1   1 0.20 0.63 0.38 0.45 0.65 0.41 1 1 0 1 1 1 6 1 5 4 3 2
 69   1   3   1   2   1   2 0.02 0.25 0.16 0.43 0.58 0.02 1 1 0 1 1 1 1 2 6 5 4 3
 70   1   1   1  -6   1   2 0.02 0.25 0.16 0.38 0.58 0.02 1 1 1 1 1 0 3 1 2 4 5 6
 71   0   1   1  -9   0   2 0.02 0.25 0.16 0.38 0.53 0.02 1 0 1 1 1 0 3 1 5 4 6 2
 72   1   5   1   0   1   1 0.20 0.58 0.38 0.45 0.65 0.41 1 1 1 1 1 1 3 1 6 2 5 4
 73   1   2   1  -2   1   2 0.02 0.25 0.16 0.38 0.53 0.02 1 1 0 1 1 1 5 2 4 1 6 3
 74   1   9   1   2   1   1 0.20 0.58 0.38 0.40 0.60 0.41 1 1 1 1 1 1 4 6 2 3 5 1
 75   1   3   1   1   1   2 0.02 0.25 0.16 0.38 0.53 0.02 1 1 1 1 1 0 1 5 3 4 2 6
 76   1   3   1   1   1   2 0.02 0.20 0.16 0.38 0.53 0.02 1 0 1 1 1 1 6 4 1 5 3 2
 77   1   2   1  -2   1   1 0.15 0.58 0.38 0.40 0.55 0.41 1 1 1 1 1 1 3 4 5 1 2 6
 78   1   7   1  -2   1   1 0.15 0.53 0.38 0.40 0.55 0.36 1 1 1 1 1 0 1 2 3 4 5 6
 79   1   8   1   1   1   2 0.02 0.20 0.11 0.38 0.53 0.02 1 1 1 1 1 0 3 5 1 2 4 6
 80   1   7   1   0   1   2 0.02 0.20 0.11 0.33 0.53 0.02 1 1 0 1 1 1 5 1 4 6 3 2
 81   1   3   1   1   1   2 0.02 0.15 0.11 0.33 0.53 0.02 1 1 1 1 0 1 4 6 3 2 1 5
 82   1   6   1   1   1   2 0.02 0.15 0.11 0.33 0.53 0.02 1 1 1 1 0 1 6 4 1 3 2 5
 83   1   8   1  -1   1   2 0.02 0.10 0.11 0.33 0.53 0.02 1 1 1 1 1 0 5 3 4 1 2 6
 84   1   2   1  -2   1   2 0.02 0.05 0.11 0.33 0.53 0.02 1 1 1 1 0 1 6 4 3 2 1 5
 85   1   3   1   5   0   1 0.15 0.53 0.38 0.40 0.50 0.36 1 1 1 1 0 0 3 4 1 2 6 5
 86   1   3   1   0   2   1 0.15 0.53 0.38 0.40 0.50 0.36 1 1 1 1 0 1 4 2 6 5 1 3
 87   1   5   1  -3   2   2 0.02 0.05 0.11 0.33 0.53 0.02 0 1 1 1 0 1 6 5 3 4 2 1
 88   1   4   1  -8   0   1 0.10 0.53 0.33 0.40 0.50 0.36 1 0 0 1 1 1 5 4 6 1 3 2
 89   0   6   1   9   0   2 0.02 0.02 0.11 0.33 0.53 0.02 1 1 1 0 0 1 2 1 6 3 5 4
 90   1   6   1   4   1   1 0.10 0.53 0.33 0.40 0.50 0.36 1 1 1 0 1 1 5 3 6 2 1 4
 91   1   4   1  -3   1   2 0.02 0.02 0.11 0.33 0.53 0.02 1 1 1 1 1 0 3 5 1 2 4 6
 92   1   3   1  -2   1   2 0.02 0.02 0.11 0.28 0.53 0.02 1 0 1 1 1 1 4 1 6 3 5 2
 93   1   6   1   0   1   2 0.02 0.02 0.11 0.28 0.48 0.02 1 1 0 1 1 1 1 6 5 2 4 3
 94   0   3   1 -10   0   1 0.05 0.53 0.33 0.40 0.50 0.36 1 1 1 0 1 0 5 1 3 2 6 4
 95   1   3   1  -6   1   2 0.02 0.02 0.11 0.23 0.48 0.02 1 1 1 1 1 0 2 1 3 5 4 6
 96   0   2   1 -10   0   1 0.05 0.53 0.33 0.40 0.50 0.36 1 1 0 1 1 0 1 4 2 5 6 3
 97   1   5   1  -6   1   2 0.02 0.02 0.11 0.18 0.48 0.02 1 1 1 1 1 0 3 1 5 4 2 6
 98   1   3   1  -1   1   1 0.05 0.53 0.33 0.40 0.50 0.36 1 1 0 1 1 1 6 4 2 5 1 3
 99   1   7   1  -1   1   2 0.02 0.02 0.11 0.18 0.48 0.02 1 1 1 1 0 1 6 3 4 2 1 5
100   1   3   1   0   1   1 0.02 0.53 0.33 0.40 0.50 0.36 1 1 0 1 1 1 5 2 4 6 1 3
101   1   5   1  -2   1   2 0.02 0.02 0.11 0.18 0.48 0.02 1 1 0 1 1 1 6 1 5 4 2 3
102   1   4   1  -7   0   1 0.02 0.53 0.33 0.40 0.50 0.36 1 0 1 1 1 0 4 1 5 3 6 2
103   1   4   1  -5   1   2 0.02 0.02 0.11 0.18 0.48 0.02 1 1 0 1 1 1 1 5 6 2 4 3
104   1   5   1  -8   1   1 0.02 0.56 0.33 0.40 0.50 0.39 1 1 1 1 1 0 2 4 3 5 1 6
105   1   7   1  -4   0   1 0.02 0.56 0.33 0.40 0.50 0.39 1 0 1 0 1 1 3 5 1 6 2 4
106   1   9   1   6   1   1 0.02 0.56 0.33 0.40 0.50 0.39 1 1 1 1 0 1 3 4 1 6 2 5
107   1   5   1  -2   1   1 0.02 0.51 0.33 0.40 0.50 0.39 1 1 0 1 1 1 2 1 6 4 5 3
108   1   2   1  -6   1   1 0.02 0.51 0.33 0.40 0.45 0.39 1 1 1 1 1 1 6 1 4 3 2 5
109   1   5   1  -5   1   1 0.02 0.46 0.33 0.40 0.40 0.39 1 1 1 1 1 1 6 3 1 5 4 2
110   1   5   1  -1   1   2 0.02 0.02 0.11 0.13 0.48 0.02 1 1 1 1 1 0 1 5 3 2 4 6
111   1   7   1  -7   1   1 0.02 0.41 0.33 0.35 0.40 0.39 1 1 1 1 1 0 2 1 5 3 4 6
112   1   1   1  -5   1   2 0.02 0.02 0.11 0.08 0.48 0.02 1 1 1 0 1 1 5 3 2 6 1 4
113   0   4   1   9   0   2 0.02 0.02 0.11 0.08 0.48 0.02 1 1 1 0 0 1 1 2 3 6 5 4
114   0   5   1   9   0   2 0.02 0.02 0.11 0.08 0.48 0.02 0 1 1 0 1 1 2 6 5 3 1 4
115   1   5   1   0   1   1 0.02 0.41 0.33 0.30 0.40 0.39 1 1 0 1 1 1 1 5 2 6 4 3
116   1   7   1  -6   0   2 0.02 0.02 0.11 0.08 0.48 0.02 1 0 1 1 0 1 4 1 6 3 2 5
117   1   5   1  -1   0   1 0.02 0.41 0.33 0.25 0.40 0.39 1 1 0 1 0 1 4 6 1 2 5 3
118   1   1   1  -5   0   2 0.02 0.02 0.11 0.08 0.48 0.02 1 1 1 1 0 0 4 1 2 3 6 5
119   1   2   1  -4   1   2 0.02 0.02 0.11 0.08 0.51 0.02 1 1 0 1 1 1 1 2 6 4 5 3
120   1   1   1  -7   1   2 0.02 0.02 0.11 0.08 0.46 0.02 1 1 0 1 1 1 4 2 5 6 1 3
121   1   1   1  -7   0   1 0.02 0.41 0.36 0.25 0.40 0.39 1 1 1 0 1 0 1 3 2 5 4 6
122   1   4   1  -7   1   2 0.02 0.02 0.11 0.08 0.46 0.02 1 1 1 1 1 0 3 5 4 2 1 6
123   1   4   1  -7   0   2 0.02 0.02 0.11 0.08 0.46 0.02 1 0 1 1 1 0 5 4 1 3 2 6
124   1   2   1  -4   0   1 0.02 0.41 0.36 0.25 0.40 0.39 0 1 1 0 1 1 2 3 5 6 1 4
125   1   3   1   4   0   1 0.02 0.41 0.36 0.28 0.40 0.39 1 1 1 1 0 0 2 3 4 1 5 6
126   1   4   1  -5   2   1 0.02 0.41 0.36 0.28 0.43 0.42 1 1 1 1 0 1 6 5 3 1 4 2
127   1   6   1   0   0   1 0.02 0.36 0.36 0.23 0.43 0.42 1 0 1 0 1 1 6 5 1 3 4 2
128   1   9   1   2   0   1 0.02 0.36 0.36 0.23 0.43 0.42 1 0 1 1 1 0 5 3 4 1 6 2
129   1   2   1   0   0   2 0.02 0.05 0.11 0.08 0.46 0.05 1 1 0 1 1 0 4 2 1 5 6 3
130   1   5   1  -3   1   2 0.02 0.05 0.11 0.08 0.46 0.05 1 1 1 1 0 1 1 6 3 2 5 4
131   1   8   1  -1   0   2 0.02 0.05 0.11 0.03 0.46 0.05 1 1 1 1 0 0 2 3 4 1 6 5
132   1   8   1   0   0   1 0.02 0.39 0.36 0.23 0.43 0.42 0 1 1 0 1 1 5 2 3 6 1 4
133   1   6   1   3   0   2 0.02 0.05 0.11 0.03 0.46 0.08 1 1 0 1 0 1 1 4 2 6 3 5
134   1   3   1  -1   1   2 0.02 0.05 0.14 0.03 0.49 0.08 0 1 1 1 1 1 6 3 5 2 4 1
135   1   3   1   0   1   1 0.05 0.39 0.36 0.26 0.43 0.42 1 0 1 1 1 1 6 3 5 4 1 2
136   1   6   1   1   0   1 0.02 0.39 0.36 0.26 0.43 0.42 1 1 0 1 1 0 2 5 4 1 6 3
137   1   6   1   3   0   1 0.02 0.39 0.36 0.26 0.43 0.45 1 1 0 1 1 0 2 4 1 5 3 6
138   1   6   1   3   0   1 0.02 0.39 0.39 0.26 0.43 0.45 1 1 1 1 0 0 2 3 4 1 6 5
139   1   7   1   0   0   2 0.02 0.05 0.14 0.02 0.49 0.08 1 1 0 0 1 1 1 6 2 5 3 4
140   1   8   1   0   1   1 0.02 0.39 0.39 0.26 0.43 0.48 1 1 0 1 1 1 6 5 2 4 1 3
141   1   1   1  -5   0   1 0.02 0.39 0.39 0.26 0.43 0.48 1 1 0 0 1 1 5 1 6 2 4 3
142   1   5   1   0   1   1 0.02 0.39 0.39 0.26 0.43 0.48 1 1 1 1 1 1 3 6 2 1 5 4
143   1   5   1   0   0   1 0.02 0.39 0.39 0.21 0.38 0.48 0 1 1 0 1 1 5 2 6 3 1 4
144   1   5   1  -2   1   2 0.02 0.05 0.14 0.02 0.49 0.08 0 1 1 1 1 1 5 6 3 2 4 1
145   1   4   1  -7   1   2 0.02 0.05 0.14 0.02 0.49 0.08 1 1 0 1 1 1 4 1 5 2 6 3
146   1   1   1  -9   0   1 0.02 0.39 0.39 0.21 0.38 0.48 0 1 1 0 1 1 6 3 5 2 4 1
147   1   1   1  -7   1   2 0.02 0.05 0.14 0.02 0.49 0.03 1 1 1 1 1 0 1 5 2 3 4 6
148   0   4   1   8   0   1 0.05 0.39 0.39 0.24 0.38 0.48 1 1 1 1 0 0 4 2 3 1 6 5
149   1   9   1   6   0   2 0.02 0.05 0.14 0.02 0.49 0.03 1 1 1 1 0 0 1 2 4 3 6 5
150   1   4   1   0   0   1 0.05 0.39 0.39 0.24 0.38 0.48 1 1 0 1 1 0 5 1 2 4 3 6
151   0   2   1 -10   0   1 0.05 0.39 0.42 0.24 0.38 0.48 1 0 1 0 1 1 6 1 5 3 4 2
152   0   4   1   7   0   2 0.02 0.05 0.14 0.02 0.49 0.03 0 1 1 1 1 0 2 4 3 5 1 6
153   1   8   1   2   0   2 0.02 0.05 0.14 0.02 0.49 0.03 1 0 0 1 1 1 5 6 1 4 2 3
154   1   4   1  -9   1   2 0.02 0.05 0.17 0.02 0.49 0.03 1 1 0 1 1 1 1 6 2 4 5 3
155   1   2   1  -7   1   1 0.05 0.39 0.42 0.24 0.38 0.48 1 1 1 1 1 1 6 1 3 2 5 4
156   1   7   1  -1   1   1 0.05 0.39 0.42 0.19 0.33 0.48 1 1 0 1 1 1 5 6 4 1 3 2
157   1   9   1   1   2   1 0.05 0.34 0.42 0.19 0.33 0.48 1 1 1 1 0 0 1 2 3 5 6 4
158   1   4   1  -6   0   1 0.05 0.34 0.42 0.14 0.33 0.48 1 1 0 1 0 1 1 4 2 6 5 3
159   1   9   1   3   0   2 0.02 0.05 0.17 0.02 0.44 0.03 1 0 1 1 1 0 4 3 1 5 6 2
160   1   9   1   7   0   2 0.02 0.08 0.17 0.02 0.44 0.06 1 1 1 0 0 1 6 2 3 1 4 5
161   1   8   1   0   0   1 0.05 0.34 0.42 0.14 0.33 0.48 1 1 0 0 1 1 6 1 5 2 4 3
162   1   7   1  -2   1   2 0.02 0.08 0.17 0.02 0.44 0.06 1 0 1 1 1 1 3 5 4 6 1 2
163   1   4   1  -1   1   1 0.05 0.34 0.45 0.14 0.33 0.48 1 1 1 1 0 1 3 4 1 6 5 2
164   1   4   1  -2   0   1 0.05 0.29 0.45 0.14 0.33 0.48 1 1 1 0 1 0 2 1 3 5 4 6
165   1   7   1  -4   0   2 0.02 0.08 0.17 0.02 0.44 0.06 1 1 1 0 0 1 3 1 2 6 4 5
166   1   7   1  -5   1   2 0.02 0.08 0.17 0.05 0.47 0.06 1 1 0 1 1 1 2 1 4 6 5 3
167   1   1   1  -1   1   2 0.02 0.08 0.17 0.05 0.42 0.06 1 1 0 1 1 1 2 5 6 4 1 3
168   0   5   1   8   0   1 0.05 0.29 0.45 0.17 0.33 0.51 1 1 0 0 1 1 5 6 2 1 4 3
169   1   8   1  -4   0   2 0.02 0.08 0.17 0.05 0.42 0.06 1 1 0 1 1 0 5 1 4 2 3 6
170   1   2   1  -6   1   1 0.05 0.29 0.45 0.17 0.33 0.51 1 1 1 1 1 1 2 1 3 4 6 5
171   1   2   1  -3   1   1 0.05 0.29 0.45 0.17 0.28 0.46 1 1 0 1 1 1 5 2 6 1 3 4
172   1   6   1   7   1   1 0.05 0.29 0.45 0.12 0.28 0.46 1 0 1 1 1 1 3 4 6 1 2 5
173   1   5   1  -3   1   2 0.02 0.08 0.17 0.05 0.42 0.06 1 1 1 0 1 1 6 5 2 3 1 4
174   1   3   1  -2   1   1 0.05 0.29 0.45 0.12 0.23 0.46 0 1 1 1 1 1 5 4 2 6 1 3
175   1   7   1   1   1   1 0.05 0.29 0.40 0.12 0.23 0.46 1 0 1 1 1 1 6 3 5 4 2 1
176   1   9   1   6   1   2 0.02 0.08 0.17 0.05 0.42 0.06 1 1 1 1 0 1 4 3 1 6 2 5
177   0   5   1   9   0   1 0.02 0.29 0.40 0.12 0.23 0.46 0 1 1 1 1 0 4 5 3 2 1 6
178   1   4   1  -2   1   1 0.02 0.29 0.40 0.12 0.23 0.46 1 1 1 0 1 1 5 6 3 1 2 4
179   1   7   1  -1   2   2 0.02 0.03 0.17 0.05 0.42 0.06 0 0 0 0 0 0 1 6 2 5 4 3
180   1   5   1  -4   2   1 0.02 0.24 0.40 0.12 0.23 0.46 1 1 0 1 0 0 6 5 4 1 3 2
181   1   2   1   0   0   2 0.02 0.03 0.17 0.05 0.42 0.06 0 1 1 1 1 0 3 4 5 2 1 6
182   1   6   1   3   0   2 0.02 0.03 0.17 0.05 0.42 0.09 0 1 1 1 0 1 3 6 2 4 5 1
183   1   2   1   0   0   1 0.02 0.19 0.40 0.12 0.23 0.46 1 1 0 1 0 1 1 2 4 6 5 3
184   1   3   1  -3   1   1 0.02 0.19 0.40 0.12 0.23 0.46 1 1 1 1 1 1 6 4 5 3 1 2
185   1   5   1   0   0   1 0.02 0.14 0.40 0.12 0.23 0.46 0 0 1 1 1 1 6 4 5 3 2 1
186   1   1   1  -7   1   2 0.05 0.03 0.17 0.05 0.42 0.09 1 1 0 1 1 1 4 5 6 1 2 3
187   0   4   1   7   3   1 0.02 0.14 0.40 0.12 0.23 0.46 1 0 1 1 0 1 6 5 1 3 2 4
188   1   8   1   0   0   1 0.02 0.14 0.40 0.12 0.23 0.46 1 0 0 1 1 1 4 6 5 1 2 3
189   1   1   1  -5   1   2 0.05 0.02 0.17 0.05 0.42 0.09 1 1 1 1 0 1 2 1 4 3 6 5
190   1   6   1   0   1   2 0.05 0.02 0.17 0.05 0.42 0.04 1 1 0 1 1 1 4 1 2 6 5 3
191   1   6   1   1   1   2 0.05 0.02 0.17 0.05 0.37 0.04 0 1 1 1 1 1 2 6 4 3 5 1
192   1   8   1   0   0   2 0.05 0.02 0.17 0.05 0.32 0.04 1 0 1 1 0 1 4 3 1 6 2 5
193   1   7   1  -7   0   1 0.02 0.17 0.43 0.12 0.23 0.46 1 1 0 1 1 0 1 2 5 4 6 3
194   1   1   1  -6   1   1 0.02 0.17 0.43 0.12 0.23 0.46 1 0 1 1 1 1 1 6 4 5 2 3
195   1   5   1  -2   1   2 0.05 0.02 0.17 0.05 0.32 0.04 0 1 1 1 1 1 6 5 2 3 4 1
196   0   6   1  10   0   1 0.02 0.17 0.38 0.12 0.23 0.46 1 1 0 1 0 1 4 6 1 2 3 5
197   1   4   1  -2   1   2 0.05 0.02 0.17 0.02 0.32 0.04 1 1 0 1 1 1 4 1 2 6 5 3
198   1   9   1   3   1   1 0.02 0.17 0.38 0.12 0.23 0.46 1 1 1 1 1 1 1 6 4 3 5 2
199   1   1   1  -6   1   1 0.02 0.12 0.38 0.12 0.18 0.46 1 1 1 1 1 0 5 2 4 3 6 1
200   1   6   1   4   1   1 0.02 0.12 0.38 0.12 0.18 0.46 1 1 1 1 0 1 2 4 6 3 5 1
201   1   2   1  -1   0   2 0.05 0.02 0.17 0.02 0.27 0.04 0 1 0 1 1 1 4 6 5 2 3 1
202   0   2   1 -10   0   2 0.05 0.02 0.20 0.02 0.27 0.04 1 0 1 1 0 1 3 6 1 4 2 5
203   1   4   1  -8   0   1 0.02 0.12 0.38 0.12 0.18 0.46 0 1 1 1 0 1 4 6 2 3 1 5
204   1   8   1   0   0   2 0.05 0.02 0.20 0.02 0.27 0.04 1 0 1 1 1 0 5 4 3 1 6 2
205   1   3   1   2   0   1 0.02 0.12 0.38 0.12 0.18 0.46 1 1 0 0 1 1 2 6 5 1 4 3
206   1   6   1   6   0   2 0.05 0.05 0.20 0.02 0.27 0.04 0 1 0 1 1 1 2 6 5 4 3 1
207   1   1   1  -4   1   1 0.02 0.12 0.38 0.12 0.18 0.46 1 1 1 1 1 1 6 5 2 4 1 3
208   1   1   1  -4   0   2 0.08 0.05 0.20 0.02 0.27 0.04 0 1 0 1 1 1 4 6 2 5 3 1
209   1   7   1  -2   1   1 0.02 0.12 0.33 0.12 0.18 0.46 1 0 1 1 1 1 3 5 6 4 2 1
210   1   3   1   0   1   1 0.02 0.12 0.33 0.12 0.18 0.46 1 1 0 1 1 1 2 6 4 1 3 5
211   1   7   1  -2   1   1 0.02 0.12 0.33 0.12 0.13 0.46 1 0 1 1 1 1 4 1 3 6 2 5
212   0   6   1  10   0   1 0.02 0.12 0.33 0.12 0.08 0.46 0 1 1 1 1 0 5 2 4 3 6 1
213   1   9   1   7   0   2 0.08 0.05 0.23 0.02 0.27 0.04 1 1 0 1 1 0 5 2 4 1 3 6
214   1   6   1   7   0   2 0.08 0.05 0.23 0.02 0.27 0.07 1 1 1 0 1 0 5 2 1 3 6 4
215   0   6   1  10   0   2 0.08 0.05 0.23 0.02 0.27 0.07 1 0 0 1 1 1 5 4 6 1 2 3
216   1   8   1   5   1   1 0.02 0.12 0.33 0.12 0.08 0.46 1 1 1 1 1 0 4 5 3 2 6 1
217   1   4   1  -1   1   1 0.02 0.12 0.33 0.12 0.08 0.46 0 1 1 1 1 1 5 6 3 2 1 4
218   1   1   1  -5   0   2 0.08 0.05 0.23 0.02 0.27 0.07 1 0 1 1 1 0 1 4 3 5 2 6
219   1   3   1   0   1   2 0.08 0.05 0.23 0.02 0.27 0.10 0 1 1 1 1 1 5 6 4 3 2 1
220   1   3   1   0   1   1 0.02 0.12 0.33 0.07 0.08 0.46 1 1 1 0 1 1 5 3 6 1 4 2
221   1   2   1   1   0   2 0.08 0.02 0.23 0.02 0.27 0.10 1 1 0 1 1 0 2 5 1 4 3 6
222   1   9   1   5   0   1 0.02 0.07 0.33 0.07 0.08 0.46 1 0 1 0 1 1 3 5 1 6 2 4
223   1   7   1  -3   0   1 0.02 0.07 0.33 0.07 0.08 0.46 1 1 1 0 1 0 5 3 2 1 4 6
224   1   8   1   0   0   2 0.08 0.02 0.26 0.02 0.27 0.10 0 0 1 1 1 1 3 6 5 4 2 1
225   1   1   1  -6   0   2 0.11 0.02 0.26 0.02 0.27 0.10 1 0 1 1 1 0 4 1 3 5 2 6
226   1   8   1   0   0   1 0.02 0.07 0.33 0.10 0.08 0.49 1 0 1 1 1 0 1 3 5 4 6 2
227   1   6   1   7   0   2 0.11 0.05 0.26 0.02 0.27 0.13 1 1 0 1 1 0 4 2 5 1 6 3
228   1   2   1  -3   1   1 0.02 0.10 0.33 0.10 0.08 0.49 1 1 1 1 1 0 4 1 2 3 6 5
229   1   6   1   2   0   2 0.11 0.05 0.26 0.02 0.27 0.13 1 1 1 1 0 0 3 1 2 4 5 6
230   1   6   1   7   2   1 0.02 0.10 0.33 0.10 0.03 0.49 1 1 1 1 1 0 4 5 1 6 3 2
231   1   4   1  -1   1   1 0.02 0.05 0.28 0.10 0.03 0.49 1 1 1 1 0 1 2 6 3 4 5 1
232   1   8   1   1   1   2 0.11 0.05 0.26 0.02 0.27 0.16 1 1 1 1 0 1 2 4 3 6 1 5
233   1   7   1  -5   4   1 0.02 0.05 0.28 0.10 0.03 0.49 0 0 0 0 0 0 6 3 1 5 2 4
234   1   1   1  -4   1   1 0.02 0.05 0.28 0.10 0.03 0.49 1 1 1 1 1 0 5 3 1 2 6 4
235   1   3   1   6   2   2 0.06 0.05 0.26 0.02 0.27 0.16 1 1 1 1 0 0 6 2 4 1 3 5
236   1   8   1   0   0   2 0.06 0.05 0.21 0.02 0.27 0.16 0 1 1 1 0 1 4 2 3 6 1 5
237   1   5   1   0   0   2 0.06 0.05 0.21 0.02 0.30 0.16 0 0 1 1 1 1 4 3 5 6 1 2
238   1   7   1  -7   0   1 0.02 0.05 0.28 0.05 0.03 0.49 1 1 1 1 0 0 3 4 1 2 5 6
239   1   8   1   2   1   1 0.02 0.05 0.28 0.05 0.03 0.52 0 1 1 1 1 1 5 4 3 6 1 2
240   0   3   1 -10   0   2 0.09 0.05 0.21 0.02 0.30 0.16 1 1 1 1 0 0 4 2 3 1 5 6
241   1   1   1  -7   0   2 0.09 0.05 0.21 0.02 0.30 0.16 1 1 1 1 0 0 2 1 3 4 5 6
242   1   2   1   0   0   2 0.09 0.05 0.21 0.02 0.30 0.16 1 0 1 1 1 0 3 4 1 5 6 2
243   1   1   1  -7   0   2 0.09 0.08 0.21 0.02 0.30 0.19 1 1 0 1 0 1 2 1 6 4 5 3
244   1   9   1   6   0   1 0.02 0.02 0.28 0.05 0.03 0.52 1 1 0 1 0 1 2 4 1 6 5 3
245   1   3   1   0   0   2 0.09 0.08 0.21 0.02 0.33 0.19 1 1 1 1 0 0 3 4 1 2 6 5
246   1   3   1  -2   1   2 0.09 0.08 0.21 0.02 0.33 0.19 1 0 1 1 1 1 6 3 5 4 1 2
247   1   1   1  -1   0   2 0.04 0.08 0.21 0.02 0.33 0.19 1 0 1 0 1 1 3 6 5 1 4 2
248   1   8   1   0   0   1 0.02 0.02 0.28 0.05 0.06 0.52 1 0 1 1 0 1 6 1 3 4 2 5
249   1   2   1  -2   1   2 0.04 0.08 0.21 0.05 0.33 0.19 1 0 1 1 1 1 3 6 4 5 1 2
250   1   4   1  -7   0   2 0.02 0.08 0.21 0.05 0.33 0.19 1 1 0 1 0 1 4 6 1 2 3 5
251   1   2   1  -1   1   1 0.02 0.02 0.28 0.05 0.06 0.52 1 0 1 1 1 1 5 6 1 4 2 3
252   1   6   1   2   1   1 0.02 0.02 0.23 0.05 0.06 0.52 1 1 1 0 1 1 1 3 6 5 4 2
253   1   7   1  -7   2   2 0.02 0.08 0.24 0.05 0.36 0.19 1 1 1 0 0 1 2 1 3 4 5 6
254   1   7   1  -7   0   1 0.02 0.02 0.23 0.05 0.06 0.52 1 0 1 0 1 1 6 5 3 1 2 4
255   1   2   1   1   0   2 0.02 0.08 0.24 0.05 0.36 0.14 0 0 1 1 1 1 6 4 5 3 2 1
256   1   9   1   2   0   2 0.02 0.11 0.24 0.05 0.36 0.14 1 1 0 1 0 1 2 1 6 4 5 3
257   1   4   1   0   0   2 0.02 0.11 0.24 0.05 0.36 0.14 1 1 0 1 0 1 6 1 4 2 5 3
258   1   5   1  -2   0   2 0.02 0.11 0.27 0.05 0.39 0.14 0 0 1 1 1 1 6 5 4 3 2 1
259   1   2   1   1   0   2 0.05 0.11 0.27 0.05 0.39 0.14 1 0 1 1 0 1 4 6 3 1 5 2
260   1   4   1  -7   0   2 0.05 0.14 0.27 0.05 0.39 0.14 1 1 0 1 1 0 2 4 1 5 6 3
261   1   4   1   2   1   1 0.02 0.02 0.23 0.05 0.06 0.52 0 1 1 1 1 1 4 6 3 5 1 2
262   1   6   1   1   1   1 0.02 0.02 0.23 0.05 0.06 0.52 1 1 0 1 1 1 2 4 5 6 3 1
263   1   6   1   0   0   1 0.02 0.02 0.23 0.05 0.06 0.52 0 1 0 1 1 1 5 2 4 6 1 3
264   1   7   1  -4   0   2 0.05 0.14 0.27 0.05 0.39 0.14 0 0 1 1 1 1 5 4 3 6 2 1
265   1   3   1   2   0   1 0.02 0.02 0.23 0.05 0.06 0.52 1 1 1 0 1 0 5 3 2 1 4 6
266   1   9   1   6   4   2 0.05 0.14 0.27 0.05 0.39 0.14 0 0 0 0 0 0 1 2 5 6 3 4
267   1   1   1  -8   1   1 0.02 0.02 0.23 0.08 0.06 0.52 1 0 1 1 1 1 3 4 6 1 2 5
268   1   7   1  -7   0   2 0.05 0.14 0.27 0.05 0.39 0.14 1 0 0 1 1 1 6 4 5 1 3 2
269   1   1   1  -8   1   1 0.02 0.02 0.23 0.08 0.02 0.52 1 0 1 1 1 1 3 5 6 1 2 4
270   1   6   1   5   0   1 0.02 0.02 0.23 0.03 0.02 0.52 1 1 0 1 1 0 2 5 1 4 3 6
271   1   4   1  -5   1   2 0.05 0.17 0.30 0.05 0.39 0.14 1 1 0 1 1 1 1 2 6 5 4 3
272   1   8   1   0   0   1 0.02 0.02 0.26 0.03 0.02 0.55 0 1 1 1 1 0 5 4 3 2 1 6
273   1   5   1   0   0   1 0.05 0.02 0.26 0.03 0.02 0.55 1 0 0 1 1 1 6 5 4 1 2 3
274   1   8   1   4   1   2 0.05 0.17 0.30 0.02 0.39 0.14 1 1 0 1 1 1 5 1 4 6 2 3
275   1   9   1   0   0   2 0.05 0.12 0.30 0.02 0.39 0.14 1 0 1 1 1 0 4 1 5 3 2 6
276   1   2   1   0   0   1 0.05 0.02 0.26 0.03 0.02 0.55 0 1 0 1 1 1 4 6 5 2 1 3
277   1   4   1  -1   1   1 0.05 0.02 0.29 0.03 0.02 0.55 1 1 0 1 1 1 2 4 5 6 3 1
278   1   1   1  -6   0   2 0.05 0.12 0.30 0.02 0.39 0.17 1 0 0 1 1 1 1 6 4 5 2 3
279   1   4   1  -7   0   1 0.02 0.02 0.29 0.03 0.02 0.55 0 1 1 0 1 1 5 3 6 2 1 4
280   1   7   1  -4   0   1 0.02 0.02 0.29 0.03 0.02 0.55 1 0 1 1 1 0 1 3 4 5 2 6
281   1   5   1   2   1   1 0.02 0.05 0.29 0.03 0.02 0.58 0 1 1 1 1 1 2 5 6 4 1 3
282   1   2   1  -4   1   2 0.05 0.15 0.30 0.02 0.39 0.17 1 1 1 1 1 0 1 2 5 3 4 6
283   1   6   1   0   1   2 0.05 0.15 0.30 0.02 0.39 0.17 1 1 0 1 1 1 5 2 1 6 4 3
284   1   8   1   1   1   1 0.02 0.05 0.24 0.03 0.02 0.58 1 1 0 1 1 1 4 5 2 1 3 6
285   1   7   1  -6   0   2 0.05 0.15 0.30 0.02 0.39 0.17 1 1 0 1 1 0 4 1 2 5 6 3
286   1   3   1  -6   1   2 0.05 0.15 0.33 0.02 0.39 0.17 1 1 1 0 1 1 1 3 6 5 2 4
287   1   9   1   4   0   2 0.05 0.10 0.33 0.02 0.39 0.17 1 1 0 1 0 1 1 6 4 2 3 5
288   1   2   1  -3   1   1 0.02 0.05 0.24 0.03 0.02 0.53 1 1 1 0 1 1 6 1 3 2 4 5
289   1   9   1   5   0   2 0.05 0.10 0.33 0.02 0.42 0.17 1 0 1 1 1 0 5 1 3 4 6 2
290   1   4   1  -3   1   1 0.02 0.05 0.24 0.03 0.02 0.53 1 0 1 1 1 1 3 5 6 1 2 4
291   1   4   1  -8   1   2 0.05 0.10 0.33 0.02 0.42 0.20 1 0 1 1 1 1 6 4 5 1 3 2
292   1   9   1   1   0   2 0.05 0.10 0.28 0.02 0.42 0.20 0 1 1 1 0 1 3 4 2 6 1 5
293   1   4   1   0   1   2 0.08 0.10 0.28 0.02 0.42 0.20 0 1 1 1 1 1 4 6 3 5 2 1
294   0   2   1 -10   3   2 0.08 0.05 0.28 0.02 0.42 0.20 0 1 1 1 0 1 1 5 2 6 3 4
295   1   4   1   0   1   1 0.02 0.05 0.24 0.02 0.02 0.53 1 1 1 1 0 1 4 2 6 3 5 1
296   1   8   1  -2   1   1 0.02 0.05 0.24 0.02 0.02 0.53 1 0 1 1 1 1 4 5 6 3 2 1
297   1   5   1   0   1   2 0.08 0.05 0.28 0.02 0.42 0.20 1 1 0 1 1 1 1 5 4 6 2 3
298   1   5   1  -1   0   2 0.08 0.02 0.28 0.02 0.42 0.20 0 1 1 1 0 1 3 4 6 2 5 1
299   1   7   1  -6   4   2 0.08 0.02 0.28 0.02 0.45 0.20 0 0 0 0 0 0 6 5 2 4 3 1
300   1   5   1  -1   2   1 0.02 0.05 0.24 0.02 0.02 0.53 1 1 0 1 0 1 6 5 4 2 3 1
301   1   3   1   0   0   2 0.08 0.02 0.28 0.02 0.45 0.20 1 0 1 0 1 1 5 3 1 6 4 2
302   1   3   1   1   1   2 0.08 0.02 0.28 0.02 0.45 0.20 1 0 1 1 1 1 4 5 3 6 1 2
303   1   1   1  -8   1   1 0.02 0.05 0.24 0.02 0.02 0.53 1 1 1 1 1 0 2 1 3 5 6 4
304   1   2   1  -3   1   2 0.03 0.02 0.28 0.02 0.45 0.20 1 1 1 0 1 1 5 6 1 3 2 4
305   1   3   1   2   1   1 0.02 0.05 0.24 0.02 0.02 0.53 1 1 1 1 1 0 3 5 2 4 6 1
306   1   7   1  -7   0   2 0.03 0.02 0.28 0.02 0.45 0.20 1 1 1 0 1 0 5 1 2 3 4 6
307   1   2   1  -3   1   2 0.03 0.02 0.28 0.05 0.45 0.20 1 1 1 1 1 0 1 5 2 3 4 6
308   1   9   1   0   0   1 0.02 0.05 0.24 0.02 0.02 0.53 1 1 1 1 0 0 2 4 1 3 5 6
309   1   8   1   3   1   1 0.02 0.05 0.24 0.02 0.02 0.53 1 1 1 1 0 1 6 3 4 2 5 1
310   1   6   1  -2   1   2 0.03 0.02 0.28 0.02 0.45 0.20 1 1 1 1 0 1 4 3 1 6 2 5
311   1   9   1   3   1   1 0.02 0.05 0.24 0.02 0.02 0.53 1 1 1 1 1 0 4 5 1 3 6 2
312   1   5   1  -2   0   2 0.03 0.02 0.28 0.02 0.45 0.20 0 1 1 1 0 1 3 6 4 2 5 1
