  1   0   4   1  -3   0   2 0.05 0.05 0.05 0.05 0.05 0.05 1 0 0 1 1 1
  2   1   2   1  -3   0   1 0.50 0.50 0.50 0.50 0.50 0.50 0 1 1 1 1 0
  3   1   6   1   3   0   2 0.05 0.05 0.05 0.05 0.05 0.05 1 1 0 1 0 1
  4   1   7   1   1   2   2 0.05 0.05 0.05 0.05 0.05 0.05 0 1 1 1 1 0
  5   1   5   1  -3   2   2 0.05 0.05 0.05 0.02 0.05 0.05 1 1 0 0 0 1
  6   1   4   1   1   2   2 0.05 0.05 0.05 0.02 0.05 0.05 1 1 0 0 0 1
  7   1   7   1   2   1   1 0.50 0.50 0.50 0.50 0.50 0.50 1 1 1 1 1 0
  8   1   8   1   2   2   1 0.50 0.50 0.45 0.50 0.50 0.50 1 1 1 1 0 0
  9   1   9   1   4   1   1 0.50 0.50 0.40 0.45 0.50 0.50 1 1 1 1 1 1
 10   1   1   1   5   1   1 0.50 0.50 0.40 0.40 0.45 0.50 1 1 1 1 1 1
 11   0   4   1  -3   3   1 0.50 0.50 0.35 0.40 0.45 0.45 1 1 1 1 1 0
 12   1   8   1  -4   2   1 0.50 0.50 0.35 0.40 0.45 0.45 1 1 1 1 1 0
 13   1   9   1  -5   2   1 0.45 0.50 0.35 0.35 0.45 0.45 1 1 1 1 1 0
 14   1   3   1  -6   0   2 0.05 0.05 0.05 0.02 0.05 0.05 1 1 0 0 1 1
 15   1   9   1   4   1   2 0.05 0.05 0.08 0.02 0.05 0.05 1 1 1 0 1 1
 16   1   4   1   3   1   1 0.45 0.50 0.35 0.30 0.40 0.45 1 1 1 1 0 1
 17   0   1   1  -6   0   1 0.40 0.50 0.35 0.30 0.40 0.45 1 0 1 1 0 1
 18   1   8   1  -3   0   2 0.05 0.05 0.08 0.02 0.05 0.02 0 1 1 1 0 1
 19   1   2   1   5   1   1 0.40 0.50 0.35 0.30 0.40 0.45 1 1 1 1 0 1
 20   1   8   1   5   1   1 0.40 0.50 0.35 0.25 0.40 0.45 1 1 1 1 0 1
 21   1   3   1   8   2   2 0.05 0.05 0.08 0.02 0.08 0.02 1 1 1 1 0 1
 22   1   7   1  -4   0   2 0.02 0.05 0.08 0.02 0.08 0.02 1 0 1 0 1 1
 23   1   2   1   3   0   2 0.02 0.05 0.08 0.02 0.08 0.02 1 1 0 1 1 0
 24   1   7   1   4   0   2 0.02 0.05 0.08 0.02 0.08 0.02 1 0 1 1 0 1
 25   1   8   1  -6   2   2 0.02 0.08 0.08 0.02 0.08 0.02 1 0 1 1 0 1
 26   1   3   1   4   0   2 0.02 0.08 0.03 0.02 0.08 0.02 1 0 0 1 1 1
 27   1   5   1  -5   1   1 0.40 0.50 0.35 0.25 0.40 0.40 1 1 1 1 1 1
 28   1   6   1  -7   1   1 0.40 0.50 0.30 0.25 0.40 0.35 1 1 1 1 0 1
 29   1   7   1   5   0   1 0.40 0.50 0.25 0.25 0.40 0.35 0 1 1 0 1 1
 30   1   7   1   4   0   2 0.02 0.08 0.03 0.02 0.08 0.02 1 0 0 1 1 1
 31   1   4   1   3   1   1 0.40 0.50 0.25 0.25 0.40 0.35 1 0 1 1 1 1
 32   1   8   1  -3   0   1 0.40 0.50 0.25 0.20 0.40 0.35 1 0 1 1 0 1
 33   1   3   1   3   0   1 0.40 0.50 0.25 0.20 0.40 0.35 1 0 1 1 1 0
 34   1   9   1   9   2   2 0.02 0.11 0.06 0.02 0.08 0.02 1 0 1 1 0 1
 35   1   7   1   6   0   2 0.02 0.11 0.06 0.02 0.08 0.02 0 1 1 1 1 0
 36   1   1   1   5   1   2 0.02 0.11 0.06 0.02 0.08 0.05 1 1 1 1 1 0
 37   1   3   1   4   1   1 0.40 0.53 0.25 0.20 0.40 0.35 1 1 1 1 1 0
 38   1   1   1   4   0   2 0.02 0.11 0.06 0.02 0.03 0.05 1 1 1 1 0 0
 39   0   4   1   6   3   2 0.02 0.11 0.06 0.02 0.03 0.05 1 1 1 1 0 0
 40   1   9   1  -5   1   1 0.40 0.53 0.25 0.15 0.40 0.35 1 0 1 1 1 1
 41   1   6   1  -2   1   2 0.02 0.11 0.06 0.02 0.03 0.05 1 1 1 1 1 0
 42   0   5   1   4   0   2 0.02 0.11 0.06 0.02 0.02 0.05 0 1 1 1 1 0
 43   1   9   1  -5   0   2 0.02 0.11 0.06 0.02 0.02 0.05 0 1 1 1 0 1
 44   1   8   1   6   0   2 0.05 0.11 0.06 0.02 0.02 0.05 1 0 1 1 1 0
 45   1   5   1   6   0   2 0.05 0.11 0.06 0.02 0.02 0.08 1 1 1 0 1 0
 46   1   2   1   4   0   1 0.40 0.53 0.20 0.15 0.40 0.35 1 1 1 1 0 0
 47   1   1   1   1   0   1 0.40 0.53 0.20 0.15 0.43 0.38 1 1 0 1 1 0
 48   1   6   1   2   0   1 0.40 0.53 0.20 0.15 0.43 0.38 1 0 1 1 0 1
 49   0   6   1   8   0   2 0.05 0.11 0.06 0.02 0.02 0.08 0 1 1 1 0 1
 50   1   7   1   5   2   2 0.05 0.11 0.06 0.02 0.02 0.08 1 1 0 1 0 1
 51   0   3   1 -10   0   2 0.05 0.11 0.06 0.02 0.02 0.08 1 1 1 0 1 0
 52   1   5   1   3   1   1 0.40 0.53 0.20 0.15 0.43 0.38 1 1 1 1 1 0
 53   1   8   1   3   0   2 0.05 0.11 0.06 0.02 0.02 0.08 1 1 0 1 0 1
 54   1   8   1   4   0   2 0.05 0.11 0.06 0.02 0.05 0.08 0 0 1 1 1 1
 55   1   3   1  -2   1   1 0.40 0.53 0.15 0.15 0.43 0.38 1 0 1 1 1 1
 56   1   4   1   5   0   2 0.05 0.14 0.06 0.02 0.05 0.08 1 1 1 1 0 0
 57   1   7   1   4   2   1 0.40 0.53 0.10 0.15 0.43 0.38 1 1 1 0 0 1
 58   1   8   1   4   1   1 0.35 0.53 0.10 0.15 0.43 0.38 1 1 1 1 1 1
 59   1   3   1   4   0   1 0.35 0.53 0.05 0.15 0.38 0.38 1 1 1 0 1 0
 60   1   4   1   5   1   1 0.35 0.53 0.05 0.15 0.38 0.41 1 1 1 1 1 0
 61   1   6   1  -5   0   2 0.05 0.14 0.06 0.02 0.05 0.11 1 1 0 1 0 1
 62   1   2   1  -4   0   2 0.05 0.14 0.09 0.02 0.08 0.11 0 1 1 1 0 1
 63   0   2   1 -10   3   1 0.35 0.53 0.05 0.10 0.38 0.41 1 1 0 1 0 1
 64   1   1   1  -5   0   2 0.08 0.14 0.09 0.02 0.08 0.11 1 0 1 1 1 0
 65   1   5   1   5   0   2 0.08 0.14 0.09 0.02 0.08 0.11 1 0 1 1 1 0
 66   1   5   1   4   0   2 0.08 0.17 0.09 0.02 0.08 0.14 1 1 0 0 1 1
 67   1   3   1   5   2   1 0.35 0.53 0.05 0.10 0.38 0.41 1 1 1 1 0 1
 68   1   8   1   6   1   1 0.35 0.48 0.05 0.05 0.38 0.41 1 1 1 1 1 1
 69   1   3   1  -4   0   2 0.08 0.17 0.09 0.02 0.08 0.14 1 1 1 0 1 0
 70   1   6   1  -4   0   1 0.30 0.43 0.05 0.05 0.38 0.41 1 1 1 0 1 0
 71   1   4   1   4   1   1 0.30 0.43 0.05 0.05 0.38 0.41 1 0 1 1 1 1
 72   1   5   1   5   0   2 0.08 0.17 0.09 0.05 0.08 0.14 0 1 1 1 1 0
 73   1   7   1   6   2   1 0.30 0.43 0.05 0.05 0.38 0.36 1 0 1 1 1 0
 74   1   6   1   6   0   2 0.08 0.17 0.09 0.05 0.08 0.17 1 0 1 1 0 1
 75   1   8   1   5   0   1 0.30 0.43 0.02 0.05 0.38 0.36 0 0 1 1 1 1
 76   1   7   1  -6   0   2 0.08 0.17 0.09 0.05 0.11 0.17 1 0 1 1 0 1
 77   1   8   1  -6   1   1 0.30 0.43 0.02 0.05 0.38 0.36 1 1 1 1 1 0
 78   1   5   1  -5   1   1 0.25 0.43 0.02 0.05 0.38 0.36 1 0 1 1 1 1
 79   1   6   1  -3   2   2 0.08 0.20 0.09 0.05 0.11 0.17 0 0 1 1 1 1
 80   1   2   1   4   1   1 0.20 0.43 0.02 0.05 0.38 0.36 0 1 1 1 1 1
 81   1   5   1   6   1   1 0.20 0.43 0.02 0.05 0.33 0.36 0 1 1 1 1 1
 82   0   5   1   6   0   1 0.20 0.43 0.02 0.02 0.33 0.36 1 1 0 0 1 1
 83   1   9   1   6   1   2 0.08 0.20 0.09 0.05 0.06 0.17 0 1 1 1 1 1
 84   1   8   1   3   2   2 0.08 0.20 0.09 0.05 0.02 0.17 1 0 1 0 1 1
 85   0   4   1   3   0   1 0.20 0.43 0.02 0.02 0.33 0.36 1 1 1 0 1 0
 86   1   6   1  -3   4   2 0.08 0.20 0.09 0.05 0.02 0.17 0 1 0 1 1 0
 87   1   3   1   5   1   1 0.20 0.43 0.02 0.02 0.33 0.36 1 1 1 1 1 1
 88   1   4   1   3   2   2 0.08 0.20 0.09 0.05 0.02 0.17 0 1 0 1 1 1
 89   1   7   1   5   1   1 0.20 0.43 0.02 0.02 0.33 0.36 1 1 1 0 1 1
 90   1   6   1   5   1   1 0.15 0.43 0.02 0.02 0.33 0.36 1 1 1 1 0 1
 91   1   1   1   5   0   1 0.15 0.43 0.02 0.02 0.33 0.36 1 1 0 1 1 0
 92   1   4   1   4   0   1 0.15 0.43 0.02 0.02 0.33 0.36 1 1 0 1 1 0
 93   1   1   1   6   0   1 0.15 0.43 0.05 0.02 0.33 0.39 0 1 0 1 1 1
 94   0   3   1  -9   0   1 0.15 0.43 0.05 0.02 0.33 0.39 1 1 1 1 0 0
 95   1   5   1   6   2   2 0.08 0.15 0.09 0.05 0.02 0.17 0 0 0 1 1 1
 96   1   6   1   5   0   2 0.08 0.15 0.09 0.05 0.02 0.17 1 1 0 0 1 1
 97   1   6   1   6   0   2 0.08 0.15 0.12 0.05 0.02 0.17 1 1 1 1 0 0
 98   1   7   1  -4   0   2 0.08 0.15 0.12 0.05 0.02 0.17 1 1 0 1 0 1
 99   1   3   1   6   0   2 0.08 0.15 0.12 0.05 0.05 0.17 1 1 0 1 1 0
100   1   1   1   6   0   2 0.08 0.15 0.15 0.05 0.05 0.20 1 0 1 0 1 1
101   1   6   1  -5   0   2 0.08 0.15 0.15 0.08 0.05 0.20 0 0 1 1 1 1
102   1   2   1   4   2   2 0.11 0.18 0.15 0.08 0.05 0.20 0 1 1 1 0 1
103   1   7   1  -3   0   1 0.15 0.43 0.05 0.02 0.33 0.39 1 0 1 1 1 0
104   1   1   1   6   0   1 0.15 0.46 0.05 0.02 0.33 0.39 0 1 1 0 1 1
105   1   3   1   6   2   2 0.11 0.18 0.15 0.03 0.05 0.20 0 1 1 1 1 0
106   1   8   1   4   0   1 0.18 0.46 0.05 0.02 0.33 0.39 1 1 0 0 1 1
107   1   8   1   6   1   1 0.18 0.46 0.08 0.05 0.33 0.39 1 0 1 1 1 1
108   1   5   1   6   1   1 0.13 0.46 0.08 0.05 0.33 0.39 1 1 1 1 1 1
109   1   3   1  -5   1   1 0.08 0.46 0.08 0.05 0.28 0.39 1 1 1 1 0 1
110   0   2   1  -9   0   1 0.08 0.46 0.08 0.02 0.28 0.39 1 1 0 0 1 1
111   1   2   1   6   2   2 0.11 0.13 0.15 0.03 0.05 0.20 1 1 0 0 1 1
112   1   9   1   3   0   2 0.06 0.13 0.15 0.03 0.05 0.15 0 1 1 1 0 1
113   1   8   1   6   0   2 0.06 0.13 0.15 0.03 0.05 0.15 0 1 1 1 0 1
114   1   6   1   4   0   1 0.08 0.46 0.08 0.02 0.28 0.39 1 1 0 1 1 0
115   1   8   1   6   0   2 0.09 0.13 0.15 0.03 0.08 0.15 1 1 1 0 0 1
116   1   9   1  -4   0   1 0.08 0.46 0.08 0.02 0.28 0.42 1 0 1 1 1 0
117   1   5   1   6   0   1 0.08 0.46 0.08 0.02 0.28 0.42 1 1 0 0 1 1
118   1   1   1  -7   1   1 0.08 0.46 0.11 0.02 0.28 0.42 1 0 1 1 1 1
119   1   9   1  -5   1   1 0.03 0.46 0.11 0.02 0.28 0.42 1 0 1 1 1 1
120   1   9   1  -4   0   2 0.09 0.13 0.15 0.03 0.08 0.15 0 1 0 1 1 1
121   1   1   1   6   1   1 0.03 0.46 0.11 0.02 0.28 0.42 1 1 1 1 1 0
122   1   3   1   8   1   1 0.03 0.46 0.11 0.02 0.28 0.42 1 1 1 1 0 1
123   1   8   1   7   0   2 0.09 0.13 0.15 0.03 0.08 0.15 0 1 1 0 1 1
124   1   4   1   4   1   1 0.02 0.46 0.11 0.02 0.28 0.42 1 1 1 1 1 0
125   1   5   1   6   2   2 0.12 0.13 0.15 0.06 0.08 0.15 1 1 1 1 0 1
126   1   3   1  -4   1   1 0.02 0.46 0.11 0.02 0.28 0.42 1 1 0 1 1 1
127   1   3   1   6   1   2 0.12 0.08 0.15 0.02 0.08 0.15 1 0 1 1 1 1
128   0   6   1  10   0   2 0.12 0.08 0.15 0.02 0.08 0.15 1 0 1 1 0 1
129   1   1   1   7   1   2 0.12 0.08 0.15 0.02 0.08 0.15 1 1 1 1 0 1
130   1   8   1   5   1   1 0.02 0.46 0.11 0.02 0.28 0.42 1 1 1 1 1 1
131   1   8   1   5   1   1 0.02 0.46 0.06 0.02 0.28 0.42 1 1 1 1 1 0
132   1   4   1   6   1   1 0.02 0.41 0.06 0.02 0.28 0.42 1 1 1 1 1 0
133   1   2   1   6   2   2 0.12 0.08 0.15 0.02 0.08 0.15 1 1 1 1 1 0
134   1   5   1   4   0   2 0.07 0.08 0.15 0.02 0.08 0.15 1 1 0 1 1 0
135   0   5   1   6   0   1 0.02 0.41 0.06 0.02 0.28 0.42 1 0 1 0 1 1
136   1   5   1   7   1   1 0.02 0.41 0.06 0.02 0.28 0.42 1 1 1 1 0 1
137   1   9   1   6   0   2 0.07 0.08 0.18 0.02 0.08 0.15 1 0 1 1 0 1
138   1   2   1   5   1   2 0.07 0.08 0.18 0.02 0.11 0.15 1 1 1 1 0 1
139   1   4   1   4   0   2 0.02 0.08 0.18 0.02 0.11 0.15 1 1 0 1 1 0
140   1   7   1   3   1   1 0.02 0.41 0.06 0.02 0.28 0.42 1 1 1 1 1 1
141   1   9   1   5   1   1 0.02 0.36 0.06 0.02 0.23 0.42 1 1 1 1 1 0
142   0   2   1  -5   3   2 0.02 0.08 0.18 0.02 0.11 0.18 1 1 1 1 1 0
143   1   7   1  -5   1   1 0.02 0.36 0.06 0.02 0.23 0.42 1 1 1 1 1 1
144   0   1   1 -10   0   2 0.02 0.08 0.18 0.02 0.11 0.18 1 0 0 1 1 1
145   0   1   1  -4   0   1 0.02 0.36 0.06 0.02 0.23 0.42 1 1 1 0 0 1
146   1   2   1   5   0   2 0.02 0.08 0.18 0.02 0.11 0.18 1 0 1 1 0 1
147   1   7   1   6   0   1 0.02 0.36 0.06 0.02 0.23 0.42 1 1 0 1 0 1
148   1   9   1   5   0   2 0.02 0.11 0.18 0.02 0.11 0.18 0 1 0 1 1 1
149   1   4   1   6   2   2 0.02 0.11 0.21 0.02 0.11 0.18 0 1 0 1 0 1
150   1   5   1   6   1   2 0.02 0.06 0.21 0.02 0.11 0.18 1 1 1 1 1 0
151   1   9   1   5   0   1 0.02 0.36 0.06 0.02 0.23 0.42 1 1 0 1 1 0
152   1   1   1   7   0   1 0.02 0.36 0.09 0.02 0.23 0.45 0 1 1 1 1 0
153   1   5   1   5   1   1 0.02 0.36 0.09 0.02 0.23 0.45 1 1 1 1 1 0
154   1   6   1   5   1   2 0.02 0.06 0.21 0.02 0.11 0.18 1 1 1 1 1 0
155   1   4   1   6   2   2 0.02 0.06 0.21 0.02 0.11 0.18 0 1 1 1 1 0
156   1   3   1   4   0   2 0.02 0.02 0.21 0.02 0.11 0.18 1 1 0 1 1 0
157   1   7   1   5   1   1 0.02 0.36 0.09 0.02 0.23 0.45 1 1 1 1 0 1
158   1   4   1   5   1   2 0.02 0.02 0.21 0.02 0.11 0.18 1 1 1 1 1 0
159   1   2   1   6   1   1 0.02 0.36 0.09 0.02 0.23 0.45 0 1 1 1 1 1
160   1   4   1   5   0   1 0.02 0.36 0.09 0.02 0.18 0.45 1 1 0 1 1 0
161   1   2   1   4   1   1 0.02 0.36 0.09 0.02 0.18 0.48 1 1 1 1 1 1
162   1   7   1   5   0   2 0.02 0.02 0.21 0.02 0.11 0.18 1 1 0 0 1 1
163   1   9   1  -6   1   1 0.02 0.36 0.04 0.02 0.18 0.48 1 1 1 1 1 1
164   1   4   1  -4   1   1 0.02 0.36 0.02 0.02 0.18 0.43 1 1 0 1 1 1
165   1   7   1   7   1   1 0.02 0.31 0.02 0.02 0.18 0.43 1 1 1 1 1 1
166   1   1   1   6   0   2 0.02 0.02 0.24 0.02 0.11 0.18 0 0 1 1 1 1
167   0   6   1   5   0   1 0.02 0.26 0.02 0.02 0.18 0.43 0 1 1 1 1 0
168   1   9   1  -8   1   1 0.02 0.26 0.02 0.02 0.18 0.43 1 0 1 1 1 1
169   1   9   1  -5   1   1 0.02 0.26 0.02 0.02 0.18 0.43 1 1 0 1 1 1
170   1   6   1  -3   1   1 0.02 0.26 0.02 0.02 0.18 0.43 1 1 0 1 1 1
171   1   5   1  -5   1   2 0.05 0.02 0.24 0.02 0.11 0.18 1 1 0 1 1 1
172   1   1   1   4   1   2 0.05 0.02 0.24 0.02 0.11 0.13 1 1 0 1 1 1
173   1   5   1  -6   1   1 0.02 0.26 0.02 0.02 0.13 0.43 1 1 1 1 1 1
174   1   7   1  -6   1   2 0.02 0.02 0.24 0.02 0.11 0.13 1 1 1 1 1 1
175   1   3   1   5   1   2 0.02 0.02 0.24 0.02 0.11 0.08 1 1 1 1 1 1
176   1   1   1   5   0   2 0.02 0.02 0.24 0.02 0.06 0.08 1 0 0 1 1 1
177   1   1   1   5   1   1 0.02 0.26 0.02 0.02 0.08 0.43 1 1 1 1 1 1
178   0   5   1   6   2   2 0.02 0.02 0.24 0.02 0.06 0.08 0 0 1 0 1 1
179   1   2   1   5   1   1 0.02 0.26 0.02 0.02 0.03 0.43 1 1 0 1 1 1
180   1   1   1   6   0   2 0.02 0.02 0.24 0.02 0.06 0.08 1 0 1 0 1 1
181   1   7   1  -5   2   1 0.02 0.26 0.02 0.02 0.03 0.43 1 0 1 0 1 1
182   1   2   1   9   1   1 0.02 0.26 0.02 0.02 0.02 0.43 1 1 1 1 1 0
183   1   9   1   7   1   1 0.02 0.26 0.02 0.02 0.02 0.43 1 0 1 1 1 1
184   1   4   1   5   2   2 0.02 0.05 0.24 0.02 0.06 0.08 1 1 1 1 0 0
185   0   3   1  -6   0   2 0.02 0.05 0.24 0.02 0.06 0.08 1 0 1 1 1 0
186   1   4   1   6   0   2 0.02 0.05 0.24 0.02 0.06 0.08 1 0 1 1 1 0
187   1   3   1   6   0   2 0.02 0.05 0.24 0.02 0.06 0.08 1 1 1 0 1 0
188   1   3   1   6   0   1 0.02 0.26 0.02 0.02 0.02 0.43 1 1 0 1 1 0
189   1   8   1   7   0   2 0.02 0.05 0.24 0.02 0.06 0.11 1 1 0 1 0 1
190   1   9   1   6   0   2 0.02 0.05 0.27 0.02 0.06 0.11 1 1 0 1 0 1
191   1   2   1   6   1   2 0.02 0.05 0.27 0.02 0.09 0.11 1 1 1 1 1 0
192   1   5   1   7   1   1 0.02 0.26 0.02 0.02 0.02 0.43 1 0 1 1 1 1
193   1   2   1   8   0   2 0.02 0.05 0.27 0.02 0.09 0.11 1 1 1 1 0 0
194   1   5   1   5   0   2 0.02 0.05 0.27 0.02 0.09 0.11 1 0 0 1 1 1
195   1   2   1  -6   0   1 0.02 0.26 0.02 0.02 0.02 0.43 0 0 1 1 1 1
196   1   2   1   6   0   1 0.02 0.26 0.02 0.02 0.02 0.43 1 1 0 1 1 0
197   1   6   1   6   0   2 0.02 0.08 0.30 0.02 0.09 0.11 1 1 1 0 0 1
198   1   1   1   5   0   2 0.02 0.08 0.30 0.02 0.12 0.11 1 1 0 1 0 1
199   1   2   1   6   0   2 0.02 0.08 0.30 0.02 0.12 0.11 1 1 1 1 0 0
200   1   5   1   5   0   1 0.02 0.26 0.05 0.02 0.02 0.46 0 1 0 1 1 1
201   1   6   1   4   1   1 0.05 0.26 0.05 0.02 0.02 0.46 1 1 0 1 1 1
202   1   2   1  -6   0   2 0.02 0.08 0.30 0.02 0.15 0.14 1 1 0 1 0 1
203   1   1   1  -6   0   1 0.05 0.26 0.05 0.02 0.02 0.46 1 1 0 1 0 1
204   1   5   1   6   0   2 0.02 0.08 0.33 0.02 0.15 0.14 1 0 1 1 1 0
205   1   3   1   3   0   1 0.05 0.26 0.08 0.02 0.02 0.46 1 0 1 0 1 1
206   1   4   1   7   1   1 0.05 0.29 0.08 0.02 0.02 0.46 0 1 1 1 1 1
207   1   3   1   8   1   1 0.05 0.24 0.08 0.02 0.02 0.46 0 1 1 1 1 1
208   1   3   1   4   0   2 0.02 0.08 0.33 0.02 0.15 0.14 1 0 1 1 0 1
209   1   6   1  -6   2   1 0.05 0.24 0.08 0.02 0.02 0.46 1 0 1 1 0 1
210   1   1   1   0   0   2 0.02 0.11 0.33 0.02 0.18 0.14 0 1 1 0 1 1
211   1   9   1   6   0   2 0.02 0.11 0.33 0.05 0.18 0.14 1 1 0 1 0 1
212   1   4   1   5   1   1 0.05 0.24 0.03 0.02 0.02 0.46 1 1 0 1 1 1
213   1   4   1   5   1   2 0.02 0.11 0.33 0.05 0.18 0.14 1 1 1 0 1 1
214   1   8   1   6   0   2 0.02 0.11 0.33 0.05 0.13 0.14 1 1 0 1 1 0
215   1   6   1   7   1   1 0.05 0.24 0.03 0.02 0.02 0.46 1 1 1 0 1 1
216   1   1   1  -5   1   2 0.02 0.11 0.36 0.05 0.13 0.17 1 1 1 1 1 1
217   0   3   1 -10   3   1 0.05 0.24 0.03 0.02 0.02 0.46 1 1 1 1 1 1
218   1   4   1  -5   0   2 0.02 0.11 0.36 0.02 0.13 0.12 1 1 1 0 1 0
219   1   3   1  -6   1   2 0.02 0.11 0.36 0.02 0.13 0.12 1 1 1 1 1 1
220   1   7   1  -6   1   2 0.02 0.06 0.31 0.02 0.13 0.12 1 1 0 1 1 1
221   1   2   1   6   0   1 0.05 0.24 0.03 0.02 0.02 0.46 0 1 1 1 1 0
222   1   8   1   7   1   2 0.02 0.06 0.31 0.02 0.13 0.12 1 1 1 1 1 1
223   1   7   1   3   0   2 0.02 0.02 0.31 0.02 0.13 0.07 0 1 0 1 1 1
224   1   4   1   6   0   1 0.05 0.24 0.03 0.02 0.02 0.46 1 1 0 1 1 0
225   1   2   1   5   0   2 0.02 0.02 0.31 0.02 0.13 0.07 1 0 1 1 0 1
226   1   4   1   5   0   2 0.02 0.02 0.31 0.02 0.13 0.07 0 1 1 0 1 1
227   0   1   1 -10   0   2 0.05 0.02 0.31 0.05 0.13 0.07 1 0 1 1 0 1
228   1   9   1   8   1   1 0.05 0.24 0.03 0.02 0.02 0.49 1 1 1 1 0 1
229   1   6   1   5   1   1 0.02 0.24 0.03 0.02 0.02 0.49 1 1 0 1 1 1
230   1   6   1   6   1   1 0.02 0.24 0.03 0.02 0.02 0.49 1 0 1 1 1 1
231   0   6   1  10   0   1 0.02 0.24 0.03 0.02 0.02 0.44 1 1 0 1 1 0
232   1   1   1   7   1   1 0.02 0.24 0.03 0.02 0.02 0.44 1 1 1 0 1 1
233   1   6   1   6   0   2 0.05 0.02 0.31 0.05 0.13 0.07 1 1 0 1 1 0
234   1   5   1   6   1   1 0.02 0.19 0.03 0.02 0.02 0.44 1 1 1 1 0 1
235   1   6   1   4   1   1 0.02 0.19 0.03 0.02 0.02 0.44 1 0 1 1 1 1
236   0   2   1  -9   3   2 0.05 0.02 0.34 0.05 0.13 0.07 1 1 1 1 0 1
237   1   9   1   7   0   2 0.05 0.02 0.34 0.05 0.13 0.07 1 1 0 1 1 0
238   1   1   1   7   1   1 0.02 0.19 0.03 0.02 0.02 0.44 1 1 1 1 0 1
239   1   2   1   5   1   1 0.02 0.19 0.03 0.02 0.02 0.44 1 1 1 1 1 0
240   1   9   1   4   0   2 0.05 0.02 0.34 0.05 0.13 0.10 1 1 0 1 1 0
