  1   3   3   0   0   1 1.00 1.00 1.00 1.00   0   0   1   0   1   4   1   2   3
  1   3   2   5   1   2 0.50 0.50 0.50 0.50   0   0   0   0   1   2   4   3   1
  0   3   7  -2   1   1 0.00 0.00 0.00 0.00   0   0   0   0   1   4   2   1   3
  1   3   6   0   0   2 0.50 0.50 0.50 0.50   0   0   0   1   1   1   4   2   3
  0   3   9   7   1   1 0.00 0.00 0.00 0.00   0   0   0   0   1   1   2   4   3
  1   3   2   0   0   2 0.53 0.53 0.53 0.46   0   0   1   1   1   2   1   4   3
  1   3   5   0   0   1 1.00 1.00 0.96 1.00   1   0   0   0   1   2   3   4   1
  1   3   4   0   0   2 0.53 0.53 0.49 0.42   0   0   1   0   1   4   1   3   2
  1   3   6  -4   1   2 0.56 0.56 0.45 0.42   0   0   0   0   1   1   4   2   3
  1   3   5   0   0   1 0.96 1.00 0.96 1.00   1   0   1   1   1   1   4   2   3
  1   3   4   1   0   2 0.56 0.56 0.45 0.45   0   0   1   0   1   2   1   3   4
  1   3   2  -4   1   2 0.59 0.59 0.41 0.45   0   0   0   0   1   3   1   4   2
  0   3   4   0   0   1 0.00 0.00 0.00 0.00   1   0   1   0   1   4   3   1   2
  1   3   4   0   0   2 0.59 0.59 0.41 0.48   1   0   0   1   1   1   4   3   2
  1   3   3   0   0   1 0.92 1.00 0.92 0.96   1   0   0   1   1   4   2   3   1
  1   3   5   0   0   1 0.88 1.00 0.92 0.92   1   0   0   1   1   4   1   3   2
  0   3   5   0   0   1 0.00 0.00 0.00 0.00   0   0   1   1   1   2   4   3   1
  0   3  10   0   0   1 0.00 0.00 0.00 0.00   1   0   1   1   1   1   3   2   4
  1   3   1   0   0   1 0.84 1.00 0.95 0.88   1   0   0   1   1   2   1   4   3
  1   3   4  -6   1   2 0.55 0.62 0.44 0.44   0   0   0   0   1   4   1   2   3
  1   3   1   0   1   1 0.80 1.00 0.95 0.84   0   0   0   0   1   2   1   3   4
  1   3   3   0   0   1 0.80 1.00 0.98 0.84   0   0   1   0   1   3   1   2   4
  0   3   3   7   1   1 0.00 0.00 0.00 0.00   0   0   0   0   1   4   3   1   2
  0   3   6   0   0   1 0.00 0.00 0.00 0.00   1   1   0   0   1   4   2   3   1
  1   3   4   0   0   2 0.55 0.62 0.44 0.44   1   0   1   1   1   2   3   1   4
  1   3   6   0   1   2 0.51 0.65 0.40 0.40   0   0   0   0   1   3   2   1   4
  1   3   6   0   0   2 0.51 0.65 0.40 0.40   1   0   1   1   1   2   1   3   4
  1   3   5   0   0   1 0.83 1.00 0.94 0.87   1   1   1   1   1   4   3   1   2
  1   3   5   0   1   1 0.79 0.96 0.90 0.83   0   0   0   0   1   4   1   2   3
  1   3   1  -7   1   1 0.79 0.96 0.90 0.83   0   0   0   0   1   3   4   2   1
  1   3   3  10   1   1 0.82 0.99 0.93 0.86   0   0   0   0   1   4   3   1   2
  1   3   1   0   0   1 0.82 0.99 0.93 0.86   1   0   0   1   1   4   1   3   2
  1   3   2   0   0   2 0.47 0.68 0.36 0.36   1   0   0   1   1   3   2   4   1
  1   3   1   0   1   1 0.78 1.00 0.96 0.82   0   0   0   0   1   1   2   3   4
  1   3   6   0   0   2 0.43 0.68 0.36 0.32   0   1   1   1   1   4   1   3   2
  1   3   4   0   0   2 0.43 0.64 0.32 0.28   1   0   1   1   1   1   3   4   2
  0   3   8   0   0   1 0.00 0.00 0.00 0.00   1   0   1   1   1   3   2   1   4
  1   3   6   5   1   2 0.39 0.64 0.28 0.24   0   0   0   0   1   4   3   1   2
  1   3   2   0   0   2 0.39 0.67 0.28 0.24   1   0   1   1   1   3   4   2   1
  1   3   3   0   0   1 0.78 1.00 0.96 0.82   0   1   1   1   1   2   4   1   3
  0   3   2   0   0   1 0.00 0.00 0.00 0.00   1   0   1   1   1   1   2   3   4
  1   3   5   0   0   1 0.81 0.96 0.92 0.78   1   0   1   1   1   3   4   2   1
  1   3   2   0   0   2 0.35 0.67 0.24 0.20   1   0   1   1   1   2   3   4   1
  1   3   1   0   0   1 0.77 0.96 0.88 0.74   1   1   1   1   1   3   1   4   2
  1   3   3  -6   1   1 0.73 0.92 0.84 0.70   0   0   0   0   1   4   2   3   1
  0   3   1 -10   1   1 0.00 0.00 0.00 0.00   0   0   0   0   1   2   3   4   1
  1   3   3   0   0   1 0.73 0.92 0.84 0.70   1   0   0   0   2   4   2   3   1
  1   3   6   0   0   2 0.31 0.70 0.20 0.16   0   1   1   1   2   3   1   2   4
  1   3   2   0   0   2 0.31 0.66 0.16 0.12   1   1   1   1   2   4   3   1   2
  1   3   5   0   0   1 0.69 0.95 0.87 0.73   0   0   1   1   2   4   1   3   2
  1   3   4   0   0   2 0.27 0.62 0.12 0.08   0   0   1   0   2   3   1   4   2
  1   3   5   0   0   1 0.69 0.95 0.83 0.69   0   1   1   1   2   1   4   2   3
  1   3   4   0   0   2 0.27 0.62 0.08 0.08   0   0   0   1   2   4   2   1   3
  0   3   4   0   0   1 0.00 0.00 0.00 0.00   0   1   1   1   2   2   3   4   1
  1   3   4  -6   1   2 0.30 0.65 0.08 0.04   0   0   0   0   2   4   3   1   2
  1   3   3   0   0   1 0.72 0.91 0.79 0.65   0   0   1   1   2   1   2   3   4
  1   3   5   0   1   1 0.72 0.91 0.75 0.61   0   0   0   0   2   1   4   3   2
  0   3   5  -6   1   1 0.00 0.00 0.00 0.00   0   0   0   0   2   4   3   2   1
  0   3  10   9   1   1 0.00 0.00 0.00 0.00   0   0   0   0   2   2   3   1   4
  1   3   1  -8   1   1 0.75 0.94 0.75 0.61   0   0   0   0   2   2   4   1   3
  1   3   3   0   0   1 0.75 0.94 0.78 0.64   0   1   1   1   2   2   4   3   1
  0   3   6   0   0   1 0.00 0.00 0.00 0.00   0   0   1   1   2   2   4   1   3
  1   3   4  -4   1   2 0.30 0.65 0.11 0.04   0   0   0   0   2   3   4   2   1
  1   3   6   0   0   2 0.33 0.68 0.11 0.07   0   0   1   1   2   2   1   3   4
  1   3   5   0   0   1 0.78 0.90 0.74 0.60   0   1   1   1   2   2   3   4   1
  1   3   1   0   0   1 0.78 0.86 0.70 0.56   0   1   1   1   2   1   2   4   3
  1   3   2   0   1   2 0.33 0.68 0.07 0.03   0   0   0   0   2   1   2   4   3
  1   3   6   0   0   2 0.36 0.71 0.07 0.03   0   0   1   1   2   2   3   4   1
  1   3   4   0   0   2 0.36 0.71 0.03 0.02   1   1   0   1   2   4   3   1   2
  0   3   8   4   1   1 0.00 0.00 0.00 0.00   0   0   0   0   2   2   4   1   3
  1   3   2   0   0   2 0.32 0.67 0.03 0.02   0   1   1   1   2   2   4   3   1
  1   3   3   0   0   1 0.81 0.82 0.66 0.52   0   1   1   1   2   3   2   4   1
  0   3   2   0   0   1 0.00 0.00 0.00 0.00   0   1   1   1   2   1   3   4   2
  1   3   5   0   0   1 0.81 0.78 0.62 0.48   0   0   1   1   2   1   4   2   3
  1   3   2   0   0   2 0.32 0.63 0.02 0.02   1   0   0   0   2   1   2   3   4
  1   3   1   0   0   1 0.84 0.78 0.58 0.44   1   1   0   1   2   2   4   3   1
  1   3   3   0   0   1 0.80 0.74 0.58 0.40   1   1   0   0   3   3   1   2   4
  1   3   6   0   0   2 0.28 0.63 0.02 0.02   1   0   0   0   3   1   3   2   4
  1   3   2   8   1   2 0.24 0.66 0.05 0.05   0   0   0   0   3   1   3   4   2
  1   3   5   0   0   1 0.76 0.70 0.61 0.40   0   0   1   0   3   1   4   2   3
  1   3   4   0   0   2 0.24 0.66 0.05 0.05   1   1   0   1   3   2   3   4   1
  1   3   5   4   1   1 0.76 0.70 0.57 0.43   0   0   0   0   3   1   3   2   4
  1   3   4   0   0   2 0.20 0.62 0.08 0.02   1   0   0   1   3   4   2   3   1
  0   3   4   8   1   1 0.00 0.00 0.00 0.00   0   0   0   0   3   3   1   2   4
  1   3   3   0   0   1 0.79 0.73 0.57 0.43   0   1   1   0   3   4   2   1   3
  1   3   3   0   0   1 0.79 0.69 0.53 0.46   0   1   0   0   3   1   3   4   2
  0   3   6  -9   1   1 0.00 0.00 0.00 0.00   0   0   0   0   3   2   1   3   4
  1   3   6  -4   1   2 0.16 0.62 0.08 0.02   0   0   0   0   3   1   2   3   4
  1   3   5  -2   1   1 0.82 0.65 0.53 0.46   0   0   0   0   3   2   1   3   4
  1   3   1   0   0   1 0.82 0.65 0.56 0.49   1   0   0   1   3   1   2   4   3
  1   3   6   7   0   2 0.16 0.65 0.11 0.02   0   0   0   0   3   2   1   4   3
  1   3   4   0   0   2 0.19 0.65 0.11 0.05   1   0   0   0   3   2   3   1   4
  1   3   2   0   0   2 0.15 0.68 0.14 0.05   1   1   0   0   3   2   3   1   4
  1   3   3   7   1   1 0.78 0.68 0.56 0.45   0   0   0   0   3   4   3   1   2
  0   3   2  -5   1   1 0.00 0.00 0.00 0.00   0   0   0   0   3   1   3   4   2
  1   3   5  -2   1   1 0.78 0.68 0.59 0.45   0   0   0   0   3   1   2   4   3
  1   3   2  -3   1   2 0.11 0.64 0.14 0.08   0   0   0   0   3   2   4   1   3
  1   3   1   0   0   1 0.81 0.71 0.59 0.48   1   0   1   0   3   4   1   2   3
  1   3   3   0   0   1 0.77 0.71 0.55 0.48   1   1   1   1   4   2   1   4   3
  1   3   6   0   0   2 0.11 0.64 0.17 0.08   1   1   1   1   4   2   1   3   4
  1   3   5  -4   1   1 0.73 0.67 0.51 0.44   0   0   0   0   4   1   3   2   4
  1   3   4   0   1   2 0.07 0.60 0.13 0.04   0   0   0   0   4   3   2   1   4
  1   3   4  -6   1   2 0.07 0.60 0.13 0.04   0   0   0   0   4   4   3   1   2
  1   3   3   0   0   1 0.73 0.67 0.51 0.44   1   0   0   0   4   4   1   2   3
  1   3   3   0   0   1 0.69 0.70 0.54 0.47   1   0   1   0   4   2   3   4   1
  1   3   1   0   0   1 0.65 0.70 0.50 0.47   1   1   0   0   4   4   2   1   3
  1   3   6   0   0   2 0.10 0.63 0.16 0.07   0   1   0   0   4   2   3   4   1
  1   3   4   0   0   2 0.10 0.59 0.16 0.07   1   0   0   0   4   2   4   3   1
  1   3   2   0   1   2 0.06 0.59 0.19 0.10   0   0   0   0   4   1   4   2   3
  1   3   1   0   0   1 0.61 0.66 0.50 0.50   0   1   0   0   4   4   3   1   2
  1   3   3   4   1   1 0.61 0.62 0.53 0.50   0   0   0   0   5   3   2   1   4
  1   3   6   9   1   2 0.06 0.62 0.19 0.10   0   0   0   0   5   4   3   1   2
  1   3   3   0   0   1 0.64 0.62 0.53 0.53   0   0   0   1   5   3   2   4   1
  1   3   3   5   1   1 0.64 0.65 0.56 0.49   0   0   0   0   5   3   2   1   4
  1   3   1   0   0   1 0.67 0.65 0.56 0.49   0   0   1   0   5   3   4   1   2
  1   3   6   8   1   2 0.09 0.62 0.22 0.13   0   0   0   0   5   1   2   4   3
  1   3   4   0   0   2 0.09 0.65 0.22 0.13   0   0   1   0   5   1   3   2   4
  1   3   1   0   0   1 0.67 0.68 0.52 0.52   1   0   0   0   5   2   4   3   1
  1   3   3   5   1   1 0.63 0.68 0.52 0.52   0   0   0   0   6   2   3   4   1
  1   3   1  -5   1   1 0.63 0.71 0.55 0.55   0   0   0   0   6   4   2   1   3
  1   3   4   0   0   2 0.12 0.65 0.18 0.16   0   0   1   0   6   3   1   2   4
  1   3   1  -5   1   1 0.66 0.71 0.55 0.55   0   0   0   0   6   2   1   3   4
  1   3   4  -1   1   2 0.12 0.68 0.14 0.16   0   0   0   0   7   1   3   2   4
  0   1   8  -4   1   1 0.00 0.00 0.00 0.00   0   0   0   0   1   4   2   3   1
  0   1  10   0   0   1 0.00 0.00 0.00 0.00   1   0   1   1   1   4   1   2   3
  1   1   1  -3   1   1 0.66 0.74 0.58 0.58   0   0   0   0   1   1   2   3   4
  1   1   3   0   0   1 0.69 0.74 0.58 0.58   0   1   1   1   1   4   2   3   1
  1   1   6   0   0   2 0.15 0.68 0.14 0.19   0   1   0   0   1   1   4   3   2
  1   1   1  -3   1   1 0.69 0.70 0.54 0.54   0   0   0   0   1   4   1   3   2
  1   1   6   0   0   2 0.15 0.64 0.17 0.19   0   0   1   0   1   3   4   2   1
  0   1   9   9   1   1 0.00 0.00 0.00 0.00   0   0   0   0   1   3   2   4   1
  1   1   5   0   1   1 0.72 0.70 0.54 0.54   0   0   0   0   1   1   4   3   2
  1   1   6   1   1   2 0.18 0.64 0.13 0.22   0   0   0   0   1   2   3   4   1
  1   1   2   6   1   2 0.18 0.67 0.13 0.22   0   0   0   0   1   2   4   3   1
  1   1   4  -6   1   2 0.21 0.67 0.16 0.25   0   0   0   0   1   3   4   2   1
  1   1   6   0   0   2 0.21 0.70 0.16 0.25   0   0   1   0   1   2   1   4   3
  1   1   5   0   0   1 0.72 0.73 0.57 0.57   0   0   1   1   1   1   4   2   3
  1   1   5  -3   1   1 0.75 0.73 0.53 0.53   0   0   0   0   1   2   4   1   3
  1   1   1   0   0   1 0.75 0.76 0.53 0.53   0   0   1   0   1   2   3   4   1
  1   1   4   0   0   2 0.24 0.70 0.12 0.28   1   0   0   0   1   1   2   4   3
  1   1   2  -5   1   2 0.20 0.73 0.12 0.28   0   0   0   0   1   4   2   1   3
  1   1   6   5   1   2 0.20 0.73 0.15 0.31   0   0   0   0   1   2   4   1   3
  1   1   1   2   1   1 0.78 0.76 0.49 0.56   0   0   0   0   1   4   3   2   1
  1   1   3  -4   1   1 0.78 0.79 0.49 0.56   0   0   0   0   1   2   4   1   3
  1   1   2   0   1   2 0.23 0.76 0.15 0.31   0   0   0   0   1   3   1   2   4
  1   1   4   3   1   2 0.23 0.76 0.18 0.34   0   0   0   0   1   1   3   4   2
  1   1   6   0   0   2 0.26 0.79 0.18 0.34   1   0   1   1   1   4   3   1   2
  1   1   5   0   0   1 0.81 0.79 0.52 0.59   1   1   0   0   1   3   4   1   2
  1   1   4   0   0   2 0.22 0.79 0.14 0.30   0   0   1   0   1   1   2   4   3
  1   1   1   0   0   1 0.77 0.75 0.52 0.59   0   0   1   0   1   1   4   2   3
  1   1   1   0   0   1 0.77 0.75 0.48 0.62   1   1   0   1   1   4   1   3   2
  1   1   2   0   0   2 0.22 0.82 0.10 0.30   0   0   1   0   1   1   4   3   2
  1   1   3  -6   1   1 0.73 0.71 0.48 0.58   0   0   0   0   1   3   1   2   4
  1   1   4  -3   1   2 0.25 0.82 0.06 0.33   0   0   0   0   1   2   3   1   4
  0   1   6  -2   1   1 0.00 0.00 0.00 0.00   0   0   0   0   1   4   1   2   3
  0   1   1   0   0   1 0.00 0.00 0.00 0.00   0   0   1   1   1   2   3   1   4
  1   1   3   6   1   1 0.73 0.71 0.51 0.58   0   0   0   0   1   1   3   2   4
  1   1   2   3   1   2 0.25 0.85 0.06 0.33   0   0   0   0   1   4   1   2   3
  1   1   3   7   1   1 0.76 0.74 0.51 0.61   0   0   0   0   1   4   2   3   1
  0   1   7  -5   1   1 0.00 0.00 0.00 0.00   0   0   0   0   1   4   3   1   2
  1   1   2   2   1   2 0.28 0.85 0.09 0.36   0   0   0   0   1   2   3   1   4
  0   1   4   0   0   1 0.00 0.00 0.00 0.00   0   0   1   0   1   1   3   4   2
  1   1   5   0   0   1 0.76 0.74 0.54 0.61   1   0   0   0   1   4   3   1   2
  1   1   3   4   1   1 0.72 0.77 0.54 0.64   0   0   0   0   1   3   2   1   4
  1   1   4  -4   1   2 0.28 0.88 0.09 0.36   0   0   0   0   1   2   4   1   3
  0   1   3  -5   1   1 0.00 0.00 0.00 0.00   0   0   0   0   1   3   1   2   4
  0   1   2   0   0   1 0.00 0.00 0.00 0.00   0   0   1   0   1   1   4   2   3
  1   1   5   0   0   1 0.72 0.77 0.57 0.64   1   0   1   0   1   3   4   1   2
  0   1   5   6   1   1 0.00 0.00 0.00 0.00   0   0   0   0   1   1   2   4   3
  0   1  10   5   1   1 0.00 0.00 0.00 0.00   0   0   0   0   2   4   2   3   1
  1   1   3   0   0   1 0.68 0.80 0.53 0.67   1   0   0   0   2   3   1   2   4
  1   1   6   7   1   2 0.31 0.88 0.12 0.39   0   0   0   0   2   1   2   4   3
  1   1   6   0   0   2 0.31 0.91 0.12 0.39   1   1   1   0   2   1   2   4   3
  1   1   6   3   1   2 0.27 0.87 0.08 0.42   0   0   0   0   2   4   2   3   1
  1   1   5   0   0   1 0.64 0.80 0.53 0.67   1   1   1   0   2   4   3   2   1
  1   1   1   0   0   1 0.60 0.76 0.49 0.70   1   1   1   1   2   2   3   4   1
  1   1   4   0   0   2 0.27 0.87 0.08 0.42   1   0   1   1   2   3   2   1   4
  1   1   6   4   1   2 0.23 0.90 0.04 0.38   0   0   0   0   2   4   3   2   1
  1   1   5   0   0   1 0.56 0.72 0.45 0.66   0   0   1   0   2   3   1   2   4
  1   1   4   0   0   2 0.23 0.90 0.04 0.38   1   0   0   0   2   3   2   4   1
  1   1   1   0   0   1 0.56 0.72 0.41 0.66   0   0   1   0   2   2   1   4   3
  1   1   1   0   0   1 0.59 0.75 0.37 0.69   1   1   1   1   2   4   2   1   3
  1   1   2   0   0   2 0.19 0.93 0.07 0.41   0   0   1   0   2   1   4   2   3
  0   1   1  -9   1   1 0.00 0.00 0.00 0.00   0   0   0   0   2   2   1   3   4
  0   1   4   8   1   1 0.00 0.00 0.00 0.00   0   0   0   0   2   1   2   4   3
  1   1   5   0   0   1 0.55 0.71 0.33 0.65   1   0   1   0   2   4   3   1   2
  0   1   2   2   1   1 0.00 0.00 0.00 0.00   0   0   0   0   2   1   4   2   3
  1   1   5   0   0   1 0.51 0.71 0.29 0.65   1   0   1   0   2   4   3   2   1
  1   1   3   0   0   1 0.47 0.74 0.25 0.68   0   0   1   0   3   1   2   4   3
  1   1   6   0   0   2 0.19 0.93 0.03 0.41   1   0   0   0   3   3   2   4   1
  1   1   5   0   0   1 0.47 0.74 0.21 0.68   0   0   1   0   3   2   1   4   3
  1   1   1   0   0   1 0.50 0.77 0.17 0.71   1   1   1   1   3   3   1   2   4
  1   1   4   0   0   2 0.15 0.96 0.03 0.44   1   1   0   0   3   4   1   3   2
  1   1   5   0   0   1 0.46 0.73 0.13 0.67   1   0   1   0   3   3   1   4   2
  1   1   4   0   0   2 0.11 0.92 0.06 0.44   1   1   0   0   3   4   1   2   3
  1   1   1   0   0   1 0.42 0.73 0.09 0.67   1   0   0   0   3   1   2   3   4
  1   1   1   0   0   1 0.38 0.76 0.09 0.70   1   1   1   0   3   3   2   4   1
  1   1   2   5   1   2 0.07 0.88 0.06 0.47   0   0   0   0   3   1   4   2   3
  1   1   5   0   0   1 0.34 0.72 0.05 0.70   1   1   0   0   3   1   2   4   3
  1   1   5   0   0   1 0.30 0.68 0.05 0.73   1   0   0   0   3   3   1   4   2
  1   1   3   0   0   1 0.26 0.68 0.08 0.73   1   1   0   0   4   3   1   2   4
  1   1   6   0   0   2 0.07 0.88 0.09 0.47   0   0   1   0   4   1   4   3   2
  1   1   5   0   0   1 0.22 0.64 0.08 0.76   1   1   0   0   4   4   3   2   1
  1   1   1   0   0   1 0.18 0.60 0.11 0.76   1   1   1   1   4   2   4   1   3
  1   1   4   0   0   2 0.10 0.91 0.05 0.50   1   1   0   0   4   2   4   3   1
  1   1   5   0   0   1 0.14 0.56 0.07 0.72   1   0   0   0   4   1   4   2   3
  1   1   4   0   0   2 0.06 0.87 0.05 0.50   1   0   0   0   4   1   2   4   3
  1   1   1   0   0   1 0.10 0.56 0.07 0.72   1   1   0   1   4   2   4   3   1
  1   1   1   0   0   1 0.06 0.52 0.10 0.68   0   0   1   0   4   4   1   2   3
  1   1   5   0   0   1 0.06 0.52 0.06 0.68   0   1   1   0   4   3   1   4   2
  1   1   5   0   0   1 0.09 0.48 0.02 0.71   1   1   0   0   4   2   4   1   3
  1   1   3   0   0   1 0.05 0.44 0.02 0.71   0   1   0   0   5   4   1   2   3
  1   1   6   0   0   2 0.02 0.87 0.08 0.53   0   1   1   0   5   3   4   2   1
  1   1   5   4   1   1 0.05 0.40 0.05 0.74   0   0   0   0   5   4   1   2   3
  1   1   1   0   0   1 0.08 0.40 0.05 0.74   1   1   1   1   5   1   4   2   3
  1   1   4   2   1   2 0.02 0.83 0.04 0.53   0   0   0   0   5   3   4   1   2
  1   1   5  -3   1   1 0.04 0.36 0.02 0.70   0   0   0   0   5   1   4   3   2
  1   1   4  -3   1   2 0.05 0.83 0.04 0.56   0   0   0   0   5   2   4   3   1
  1   1   1  -3   1   1 0.04 0.36 0.02 0.70   0   0   0   0   5   3   4   1   2
  1   1   1   0   0   1 0.07 0.39 0.05 0.73   0   1   0   0   5   1   2   4   3
  1   1   5  -3   1   1 0.07 0.35 0.05 0.73   0   0   0   0   5   1   3   4   2
  1   1   5  -5   1   1 0.10 0.35 0.08 0.76   0   0   0   0   5   2   3   1   4
  1   1   3   9   1   1 0.10 0.38 0.08 0.76   0   0   0   0   6   3   1   2   4
  1   1   6   1   0   2 0.05 0.86 0.07 0.56   0   0   1   0   6   1   3   4   2
  1   1   1   0   0   1 0.13 0.38 0.11 0.79   0   0   1   0   6   4   2   1   3
  1   1   1   0   0   1 0.13 0.41 0.07 0.79   1   1   0   0   6   1   2   3   4
  1   1   6   0   0   2 0.08 0.86 0.03 0.59   1   1   1   0   7   2   3   4   1
  1   1   1   0   0   1 0.09 0.37 0.07 0.82   1   1   0   0   7   3   2   4   1
  1   1   1   0   0   1 0.05 0.33 0.10 0.82   0   1   0   0   7   1   2   4   3
  1   1   6   0   0   2 0.04 0.82 0.02 0.59   0   1   1   1   8   2   1   4   3
  1   1   1   2   1   1 0.05 0.29 0.10 0.85   0   0   0   0   8   2   1   4   3
  1   1   1   0   0   1 0.08 0.29 0.13 0.85   0   1   0   0   8   3   4   1   2
  1   1   6   0   0   2 0.04 0.78 0.02 0.55   0   1   0   0   9   1   4   2   3
  1   1   1   0   0   1 0.08 0.25 0.13 0.88   1   1   0   1   9   4   1   2   3
  1   1   6   0   0   2 0.07 0.74 0.02 0.55   1   1   0   1  10   1   2   4   3
  1   1   1   0   0   1 0.04 0.21 0.16 0.84   1   1   1   0  10   4   2   1   3
  1   1   6   0   0   2 0.03 0.70 0.05 0.51   1   1   0   0  11   4   2   1   3
  1   1   1   0   0   1 0.02 0.17 0.12 0.84   1   1   0   0  11   4   2   3   1
  1   1   6   0   0   2 0.02 0.66 0.05 0.51   1   1   0   1  12   4   2   1   3
  1   1   1   0   0   1 0.02 0.13 0.12 0.87   1   1   0   1  12   2   1   4   3
  1   1   6   0   0   2 0.02 0.62 0.08 0.47   1   1   0   0  13   4   1   2   3
  1   1   1   0   0   1 0.02 0.09 0.15 0.83   1   0   1   0  13   2   1   4   3
  1   1   6   0   0   2 0.02 0.58 0.08 0.47   1   1   1   0  14   4   3   1   2
  1   1   1   0   0   1 0.02 0.09 0.11 0.83   1   0   1   0  14   2   4   3   1
  1   1   6   0   1   2 0.02 0.54 0.04 0.50   0   0   0   0  15   2   4   1   3
  1   1   1   0   0   1 0.02 0.12 0.07 0.86   0   0   1   0  15   1   2   4   3
  1   1   1   0   0   1 0.02 0.12 0.03 0.86   0   0   0   1  16   2   3   4   1
  1   1   1   0   0   1 0.05 0.15 0.03 0.82   0   0   1   1  17   2   4   3   1
  1   1   1   0   0   1 0.05 0.15 0.02 0.78   0   0   0   1  18   3   4   2   1
  1   1   1   0   0   1 0.08 0.18 0.02 0.74   0   0   1   0  19   4   1   3   2
  1   1   1   0   0   1 0.08 0.18 0.02 0.74   1   0   0   0  20   4   2   3   1
  1   1   1   0   0   1 0.04 0.21 0.02 0.77   0   1   0   0  21   3   4   2   1
  1   1   1   0   1   1 0.04 0.17 0.05 0.77   0   0   0   0  22   3   1   4   2
  0   2   4  10   1   1 0.00 0.00 0.00 0.00   0   0   0   0   1   1   4   2   3
  1   2   2   0   0   2 0.02 0.54 0.04 0.50   0   0   1   0   1   3   2   4   1
  1   2   4   3   1   2 0.05 0.57 0.02 0.53   0   0   0   0   1   4   3   2   1
  0   2   7  -2   1   1 0.00 0.00 0.00 0.00   0   0   0   0   1   3   1   4   2
  1   2   4   3   1   2 0.05 0.57 0.02 0.53   0   0   0   0   1   4   3   1   2
  1   2   6   0   0   2 0.08 0.60 0.05 0.56   0   0   1   0   1   2   3   4   1
  1   2   3   0   0   1 0.07 0.17 0.05 0.80   0   1   0   0   1   2   3   4   1
  1   2   2   0   0   2 0.08 0.60 0.02 0.56   0   1   0   0   1   3   4   1   2
  1   2   6   0   0   2 0.11 0.56 0.02 0.59   1   0   1   0   1   4   2   3   1
  1   2   4   0   0   2 0.07 0.56 0.02 0.59   1   1   0   0   1   4   3   2   1
  1   2   4  -3   1   2 0.03 0.52 0.02 0.62   0   0   0   0   1   3   1   2   4
  0   2   2  -2   1   1 0.00 0.00 0.00 0.00   0   0   0   0   1   2   1   3   4
  0   2   8  -3   1   1 0.00 0.00 0.00 0.00   0   0   0   0   1   1   3   2   4
  1   2   5  -2   1   1 0.07 0.13 0.08 0.80   0   0   0   0   1   2   4   1   3
  1   2   4  -5   1   2 0.03 0.52 0.05 0.62   0   0   0   0   1   2   1   4   3
  0   2   6   2   1   1 0.00 0.00 0.00 0.00   0   0   0   0   1   4   2   3   1
  1   2   3   0   0   1 0.10 0.13 0.08 0.83   0   0   1   0   1   2   3   1   4
  1   2   2   0   0   2 0.06 0.55 0.05 0.65   0   1   0   0   1   2   1   4   3
  1   2   6   8   1   2 0.06 0.51 0.08 0.65   0   0   0   0   1   3   4   1   2
  1   2   4   0   0   2 0.09 0.51 0.08 0.68   0   0   0   0   1   1   3   2   4
  1   2   3  10   1   1 0.10 0.16 0.04 0.83   0   0   0   0   1   4   2   1   3
  0   2  10  10   1   1 0.00 0.00 0.00 0.00   0   0   0   0   1   3   1   4   2
  1   2   3   0   0   1 0.13 0.16 0.04 0.86   1   0   0   0   1   3   4   1   2
  1   2   3   0   0   1 0.09 0.19 0.07 0.86   0   1   0   0   1   3   4   2   1
  0   2   3   3   1   1 0.00 0.00 0.00 0.00   0   0   0   0   1   2   3   1   4
  1   2   6   0   0   2 0.09 0.54 0.11 0.68   0   1   0   0   1   1   4   2   3
  1   2   1   0   0   1 0.09 0.15 0.07 0.89   1   1   0   1   1   4   3   1   2
  0   2   5  10   1   1 0.00 0.00 0.00 0.00   0   0   0   0   1   3   4   2   1
  1   2   2   5   1   2 0.12 0.50 0.11 0.71   0   0   0   0   1   2   1   4   3
  1   2   6   5   1   2 0.12 0.50 0.14 0.71   0   0   0   0   1   1   4   2   3
  1   2   1  -3   1   1 0.05 0.11 0.10 0.85   0   0   0   0   1   3   4   2   1
  1   2   2   2   1   2 0.15 0.53 0.14 0.74   0   0   0   0   1   3   2   1   4
  1   2   5   2   1   1 0.05 0.11 0.10 0.85   0   0   0   0   1   4   1   2   3
  1   2   1   0   0   1 0.08 0.14 0.13 0.88   1   1   0   0   1   4   2   3   1
  1   2   5   0   0   1 0.04 0.10 0.13 0.88   0   0   1   0   1   4   2   1   3
  1   2   5   2   1   1 0.04 0.10 0.09 0.91   0   0   0   0   1   2   3   4   1
  1   2   2   0   0   2 0.15 0.53 0.17 0.74   1   1   1   1   1   1   2   3   4
  1   2   5   0   0   1 0.07 0.13 0.09 0.91   1   1   0   1   1   4   2   3   1
  0   2   1 -10   1   1 0.00 0.00 0.00 0.00   0   0   0   0   1   3   2   4   1
  1   2   6   0   0   2 0.11 0.49 0.13 0.70   1   1   0   1   1   1   4   3   2
  1   2   1  -6   1   1 0.03 0.09 0.12 0.87   0   0   0   0   1   1   4   3   2
  1   2   5  -3   1   1 0.03 0.09 0.12 0.87   0   0   0   0   1   1   4   2   3
  0   2   9  -2   1   1 0.00 0.00 0.00 0.00   0   0   0   0   1   4   3   1   2
  1   2   3   0   0   1 0.06 0.12 0.15 0.90   1   1   0   1   1   2   4   3   1
  1   2   1   0   0   1 0.02 0.08 0.15 0.86   1   0   1   1   1   1   3   2   4
  1   2   1   2   1   1 0.02 0.08 0.11 0.82   0   0   0   0   1   4   1   2   3
  1   2   2   0   0   2 0.07 0.45 0.13 0.66   1   1   1   1   2   4   1   3   2
  1   2   6   0   0   2 0.03 0.41 0.09 0.62   1   0   0   1   2   4   2   1   3
  1   2   3   0   0   1 0.02 0.11 0.11 0.82   0   0   1   0   2   4   1   2   3
  1   2   2   0   0   2 0.02 0.41 0.09 0.58   0   1   1   1   2   4   3   2   1
  1   2   6   0   0   2 0.02 0.37 0.05 0.54   1   0   1   1   2   4   1   3   2
  1   2   4   0   0   2 0.02 0.37 0.02 0.50   0   1   0   0   2   3   2   1   4
  1   2   3   5   1   1 0.05 0.11 0.07 0.85   0   0   0   0   2   2   3   4   1
  1   2   2   2   1   2 0.02 0.33 0.02 0.50   0   0   0   0   2   4   1   3   2
  1   2   4  -4   1   2 0.05 0.33 0.05 0.53   0   0   0   0   2   1   3   4   2
  1   2   3   2   1   1 0.05 0.14 0.07 0.85   0   0   0   0   2   1   2   4   3
  1   2   3   0   0   1 0.08 0.14 0.10 0.88   0   1   0   1   2   3   4   2   1
  1   2   6   0   0   2 0.05 0.36 0.05 0.53   1   1   0   1   2   1   4   2   3
  1   2   1   0   0   1 0.08 0.10 0.10 0.84   1   1   0   1   2   3   2   1   4
  1   2   1   0   0   1 0.04 0.06 0.13 0.80   0   0   1   0   2   3   4   1   2
  1   2   5   0   0   1 0.04 0.06 0.09 0.80   0   0   1   0   2   3   2   1   4
  1   2   2   3   1   2 0.02 0.32 0.08 0.49   0   0   0   0   2   3   1   4   2
  1   2   5   0   0   1 0.07 0.09 0.05 0.83   0   0   1   0   2   4   1   3   2
  1   2   6   0   1   2 0.02 0.32 0.08 0.49   0   0   0   0   2   4   1   3   2
  1   2   3   2   1   1 0.07 0.09 0.02 0.83   0   0   0   0   2   1   3   2   4
  1   2   1   0   0   1 0.10 0.12 0.02 0.86   1   0   0   1   2   3   4   1   2
  1   2   2   1   0   2 0.05 0.35 0.11 0.52   0   1   0   0   3   1   2   4   3
  1   2   6   6   1   2 0.05 0.31 0.11 0.52   0   0   0   0   3   3   2   1   4
  1   2   3   0   0   1 0.06 0.12 0.05 0.82   0   0   1   0   3   3   1   4   2
  1   2   2   0   0   2 0.08 0.31 0.14 0.55   0   1   0   0   3   3   2   1   4
  1   2   6   0   0   2 0.08 0.27 0.14 0.55   1   1   0   0   3   3   2   4   1
  1   2   4   3   1   2 0.04 0.23 0.17 0.58   0   0   0   0   3   3   4   2   1
  1   2   3   0   1   1 0.06 0.15 0.02 0.82   0   0   0   0   3   1   3   4   2
  1   2   6   0   0   2 0.04 0.23 0.17 0.58   0   1   1   1   3   4   3   2   1
  1   2   1  -5   1   1 0.09 0.15 0.02 0.85   0   0   0   0   3   4   2   3   1
  1   2   1  -3   1   1 0.09 0.18 0.05 0.85   0   0   0   0   3   4   1   3   2
  1   2   5   0   0   1 0.12 0.18 0.05 0.88   1   1   0   1   3   4   3   1   2
  1   2   5  -3   1   1 0.08 0.14 0.08 0.84   0   0   0   0   3   3   1   4   2
  1   2   1  -1   1   1 0.08 0.14 0.08 0.84   0   0   0   0   3   1   4   2   3
  1   2   2  -2   1   2 0.07 0.19 0.13 0.54   0   0   0   0   4   3   2   1   4
  1   2   3   0   0   1 0.11 0.17 0.11 0.87   0   1   0   1   4   3   1   4   2
  1   2   2   0   0   2 0.07 0.19 0.13 0.54   0   0   1   1   4   1   2   4   3
  1   2   6   0   0   2 0.10 0.22 0.09 0.50   0   1   0   1   4   3   2   4   1
  1   2   6   0   0   2 0.10 0.18 0.09 0.46   1   1   0   0   4   4   3   2   1
  1   2   5   2   1   1 0.11 0.13 0.11 0.83   0   0   0   0   4   2   4   1   3
  1   2   3   0   0   1 0.14 0.13 0.14 0.83   1   0   1   0   5   2   4   1   3
  1   2   2   0   0   2 0.06 0.14 0.12 0.46   0   1   0   0   5   3   2   4   1
  1   2   6   0   0   2 0.06 0.10 0.12 0.49   0   0   1   1   5   4   1   2   3
  1   2   6   0   0   2 0.09 0.10 0.08 0.45   1   1   0   0   5   3   2   4   1
  1   2   3  10   1   1 0.10 0.16 0.10 0.86   0   0   0   0   6   4   1   2   3
  1   2   2   0   0   2 0.05 0.06 0.08 0.45   0   0   1   0   6   1   4   2   3
  1   2   6   4   1   2 0.05 0.06 0.04 0.48   0   0   0   0   6   4   1   2   3
  1   2   6  -1   1   2 0.08 0.09 0.04 0.48   0   0   0   0   6   4   3   1   2
  1   2   2  -4   1   2 0.08 0.09 0.07 0.51   0   0   0   0   7   3   2   4   1
  1   4   6   3   1   2 0.11 0.12 0.07 0.51   0   0   0   0   1   3   4   1   2
  1   4   2   1   1   2 0.11 0.12 0.10 0.54   0   0   0   0   1   2   1   4   3
  1   4   2   0   0   2 0.14 0.15 0.10 0.54   0   1   0   0   1   2   1   3   4
  1   4   5   0   0   1 0.10 0.16 0.10 0.86   0   0   1   0   1   2   1   4   3
  0   4   5  10   1   1 0.00 0.00 0.00 0.00   0   0   0   0   1   4   2   3   1
  1   4   6   0   0   2 0.14 0.11 0.13 0.57   1   1   0   0   1   1   3   4   2
  1   4   6   5   1   2 0.10 0.07 0.13 0.57   0   0   0   0   1   2   1   3   4
  0   4   4   9   1   1 0.00 0.00 0.00 0.00   0   0   0   0   1   3   2   1   4
  1   4   3   0   0   1 0.13 0.19 0.06 0.89   1   1   0   0   1   3   2   4   1
  1   4   3   0   1   1 0.09 0.15 0.06 0.89   0   0   0   0   1   4   2   3   1
  1   4   6   0   0   2 0.10 0.07 0.16 0.60   0   0   1   1   1   3   2   1   4
  1   4   3   0   0   1 0.09 0.15 0.09 0.92   1   1   1   0   1   3   4   2   1
  0   4   9   8   1   1 0.00 0.00 0.00 0.00   0   0   0   0   1   2   4   1   3
  1   4   3  -2   1   1 0.05 0.11 0.05 0.92   0   0   0   0   1   2   4   3   1
  1   4   4   0   0   2 0.13 0.10 0.12 0.56   0   0   1   0   1   2   1   4   3
  1   4   1   0   0   1 0.05 0.11 0.05 0.95   0   0   1   1   1   4   1   2   3
  1   4   5   0   0   1 0.08 0.14 0.02 0.91   1   0   0   0   1   1   4   2   3
  1   4   2   0   0   2 0.13 0.10 0.08 0.56   1   0   1   1   1   4   2   1   3
  1   4   1   1   1   1 0.04 0.14 0.02 0.91   0   0   0   0   1   1   3   2   4
  0   4   8   2   1   1 0.00 0.00 0.00 0.00   0   0   0   0   1   1   2   3   4
  1   4   1   0   0   1 0.04 0.17 0.05 0.94   0   1   1   0   1   4   3   1   2
  1   4   1   0   1   1 0.07 0.13 0.02 0.94   0   0   0   0   1   3   4   1   2
  1   4   6   0   0   2 0.09 0.13 0.04 0.52   1   0   1   0   1   3   1   2   4
  0   4  10   8   1   1 0.00 0.00 0.00 0.00   0   0   0   0   1   2   1   3   4
  0   4   1   0   1   1 0.00 0.00 0.00 0.00   0   0   0   0   1   4   1   2   3
  1   4   2   0   0   2 0.05 0.13 0.02 0.52   0   0   0   1   1   3   4   1   2
  1   4   2  -2   1   2 0.05 0.16 0.02 0.48   0   0   0   0   1   1   2   3   4
  0   4   6  -8   1   1 0.00 0.00 0.00 0.00   0   0   0   0   1   4   1   2   3
  1   4   3  -4   0   1 0.07 0.13 0.02 0.97   0   0   0   0   1   3   4   2   1
  1   4   5   0   1   1 0.10 0.16 0.05 0.97   0   0   0   0   1   1   3   2   4
  1   4   4  -1   0   2 0.08 0.16 0.05 0.48   1   0   1   1   1   2   4   1   3
  1   4   1   0   0   1 0.10 0.16 0.05 1.00   1   1   1   1   1   3   2   4   1
  1   4   5   0   0   1 0.06 0.12 0.02 0.96   1   0   0   1   1   4   1   2   3
  1   4   3   0   0   1 0.02 0.12 0.02 0.92   1   0   0   0   1   1   2   4   3
  1   4   1   0   0   1 0.02 0.15 0.05 0.92   0   1   1   1   1   1   3   4   2
  0   4   3   3   1   1 0.00 0.00 0.00 0.00   0   0   0   0   1   1   4   3   2
  1   4   6   0   0   2 0.04 0.19 0.02 0.44   0   1   0   1   1   2   4   3   1
  1   4   5   0   0   1 0.02 0.11 0.02 0.88   0   1   0   0   1   4   1   3   2
  1   4   4   0   0   2 0.04 0.15 0.02 0.40   0   0   0   1   1   1   3   4   2
  1   4   5   0   0   1 0.05 0.07 0.02 0.88   0   0   0   1   1   1   2   4   3
  0   4   7  -7   1   1 0.00 0.00 0.00 0.00   0   0   0   0   1   4   3   2   1
  1   4   2  -6   1   2 0.07 0.15 0.05 0.36   0   0   0   0   1   3   1   2   4
  0   4   2   1   1   1 0.00 0.00 0.00 0.00   0   0   0   0   1   1   3   4   2
  1   4   4   0   0   2 0.07 0.18 0.05 0.36   0   0   1   0   1   3   4   2   1
  1   4   4   0   0   2 0.10 0.18 0.02 0.39   1   1   0   1   1   4   3   2   1
  1   4   4   0   0   2 0.06 0.14 0.02 0.35   1   0   0   1   1   2   1   3   4
  1   4   2   0   0   2 0.02 0.14 0.05 0.31   0   1   1   0   2   1   2   4   3
  1   4   5   0   0   1 0.05 0.07 0.05 0.84   0   0   1   1   2   3   2   4   1
  1   4   6   0   1   2 0.02 0.10 0.02 0.31   0   0   0   0   2   1   2   4   3
  1   4   3   0   1   1 0.08 0.10 0.02 0.80   0   0   0   0   2   2   4   1   3
  1   4   6   4   1   2 0.05 0.10 0.02 0.34   0   0   0   0   2   1   4   3   2
  1   4   3  -2   1   1 0.08 0.10 0.02 0.80   0   0   0   0   2   1   2   3   4
  1   4   4  -2   1   2 0.05 0.13 0.05 0.34   0   0   0   0   2   3   2   4   1
  1   4   1  -2   1   1 0.11 0.13 0.05 0.83   0   0   0   0   2   1   4   2   3
  1   4   5   2   1   1 0.11 0.13 0.05 0.83   0   0   0   0   2   4   2   3   1
  1   4   2   2   1   2 0.08 0.13 0.05 0.37   0   0   0   0   2   3   4   2   1
  1   4   1   0   0   1 0.14 0.16 0.08 0.86   1   1   0   0   2   4   1   3   2
  1   4   6   7   1   2 0.08 0.16 0.08 0.37   0   0   0   0   2   1   3   4   2
  1   4   2   0   0   2 0.11 0.16 0.08 0.40   1   1   0   0   2   1   4   3   2
  1   4   3  -2   1   1 0.10 0.12 0.08 0.86   0   0   0   0   2   3   1   4   2
  1   4   4   0   0   2 0.07 0.12 0.11 0.40   1   0   0   0   2   4   1   2   3
  1   4   1  -6   1   1 0.10 0.12 0.11 0.89   0   0   0   0   2   4   1   2   3
  1   4   5   0   0   1 0.13 0.15 0.11 0.89   0   0   1   0   2   3   1   2   4
  1   4   3   0   0   1 0.13 0.15 0.07 0.92   1   1   0   0   2   1   2   3   4
  1   4   1  -2   1   1 0.09 0.11 0.07 0.92   0   0   0   0   2   4   1   3   2
  1   4   6   0   0   2 0.03 0.12 0.11 0.43   0   1   0   0   2   1   3   2   4
  1   4   5   2   1   1 0.09 0.11 0.10 0.95   0   0   0   0   2   3   2   1   4
  1   4   4  -3   1   2 0.03 0.08 0.14 0.43   0   0   0   0   2   2   3   1   4
  1   4   5   0   0   1 0.12 0.14 0.10 0.95   0   0   1   0   2   4   3   1   2
  1   4   4  -4   1   2 0.06 0.08 0.14 0.46   0   0   0   0   2   1   2   4   3
  1   4   4  -1   1   2 0.06 0.11 0.17 0.46   0   0   0   0   2   2   1   4   3
  1   4   4  -3   1   2 0.09 0.11 0.17 0.49   0   0   0   0   2   4   2   1   3
  1   4   2   2   1   2 0.09 0.14 0.20 0.49   0   0   0   0   3   4   2   3   1
  1   4   5  -1   0   1 0.12 0.14 0.06 0.98   1   1   0   0   3   4   2   1   3
  1   4   1  -1   1   1 0.08 0.10 0.06 0.98   0   0   0   0   3   3   1   2   4
  1   4   2   0   1   2 0.12 0.14 0.20 0.52   0   0   0   0   3   2   4   1   3
  1   4   4   0   0   2 0.12 0.17 0.23 0.52   0   0   1   0   3   1   2   3   4
  1   4   5   2   1   1 0.08 0.10 0.09 1.00   0   0   0   0   3   1   3   2   4
  1   4   3   0   0   1 0.11 0.13 0.09 1.00   0   0   1   0   3   2   3   1   4
  1   4   6   0   0   2 0.15 0.17 0.19 0.55   1   0   1   0   3   1   4   3   2
  1   4   5   0   0   1 0.11 0.13 0.05 1.00   1   0   0   0   3   1   2   4   3
  1   4   5   1   1   1 0.07 0.16 0.05 1.00   0   0   0   0   4   1   4   2   3
  1   4   4   0   0   2 0.11 0.20 0.15 0.55   0   0   1   0   4   4   1   3   2
  1   4   3   0   1   1 0.07 0.16 0.08 1.00   0   0   0   0   4   1   4   2   3
  1   4   6   0   0   2 0.11 0.20 0.11 0.58   1   0   1   0   4   3   2   4   1
  1   4   5   0   0   1 0.10 0.19 0.08 1.00   1   0   1   0   4   2   1   3   4
  1   4   4   0   0   2 0.07 0.23 0.07 0.58   0   1   0   0   5   3   4   2   1
  1   4   6   7   1   2 0.07 0.19 0.07 0.61   0   0   0   0   5   1   3   4   2
  1   4   5   0   0   1 0.06 0.19 0.04 1.00   0   0   1   0   5   1   3   4   2
  1   4   4   0   0   2 0.10 0.19 0.10 0.61   1   1   0   0   6   1   4   3   2
  1   4   5   0   0   1 0.06 0.22 0.02 1.00   0   1   0   0   6   4   1   3   2
  1   4   4   0   0   2 0.06 0.15 0.10 0.64   0   0   0   1   7   3   1   2   4
  1   4   5   0   0   1 0.09 0.18 0.02 1.00   1   0   0   0   7   3   2   1   4
  1   4   4   2   1   2 0.06 0.15 0.13 0.60   0   0   0   0   8   1   4   3   2
  1   4   5   1   0   1 0.05 0.18 0.05 1.00   0   0   0   0   8   3   4   1   2
  1   4   5  -3   1   1 0.05 0.21 0.05 1.00   0   0   0   0   9   2   1   3   4
  0   5   2 -10   1   1 0.00 0.00 0.00 0.00   0   0   0   0   1   2   4   3   1
  1   5   4   0   0   2 0.09 0.18 0.13 0.60   0   0   1   0   1   1   4   2   3
  1   5   1  -3   1   1 0.08 0.21 0.08 1.00   0   0   0   0   1   1   4   3   2
  1   5   1   0   1   1 0.08 0.24 0.08 1.00   0   0   0   0   1   3   2   4   1
  1   5   5   0   0   1 0.11 0.24 0.11 1.00   1   0   0   0   1   2   3   4   1
  1   5   3   3   1   1 0.07 0.27 0.11 1.00   0   0   0   0   1   2   3   1   4
  0   5   6   2   1   1 0.00 0.00 0.00 0.00   0   0   0   0   1   2   3   1   4
  1   5   2   5   1   2 0.09 0.18 0.09 0.63   0   0   0   0   1   1   3   2   4
  1   5   1  -3   1   1 0.07 0.27 0.14 1.00   0   0   0   0   1   1   2   3   4
  1   5   4  -2   1   2 0.12 0.21 0.09 0.63   0   0   0   0   1   2   1   3   4
  1   5   6   5   1   2 0.12 0.21 0.12 0.66   0   0   0   0   1   2   4   1   3
  1   5   6   0   0   2 0.15 0.24 0.12 0.66   1   0   0   0   1   3   4   1   2
  1   5   4   0   0   2 0.11 0.24 0.15 0.69   0   0   1   0   1   3   2   4   1
  1   5   3   0   0   1 0.10 0.30 0.14 1.00   0   0   1   0   1   4   3   1   2
  1   5   1   0   0   1 0.10 0.30 0.10 1.00   0   0   1   0   1   4   1   2   3
  1   5   4   0   0   2 0.11 0.27 0.11 0.69   0   0   1   0   1   4   1   3   2
  1   5   6   0   0   2 0.14 0.27 0.07 0.72   1   0   0   0   1   4   3   2   1
  0   5   5   9   1   1 0.00 0.00 0.00 0.00   0   0   0   0   1   1   4   2   3
  1   5   3   0   0   1 0.13 0.33 0.06 1.00   1   1   1   1   1   2   3   4   1
  1   5   2   0   0   2 0.10 0.30 0.07 0.72   1   1   0   0   1   3   4   1   2
  0   5   3   0   0   1 0.00 0.00 0.00 0.00   1   0   1   0   1   4   3   1   2
  1   5   2   0   0   2 0.06 0.26 0.10 0.75   1   1   1   1   1   2   3   1   4
  1   5   3   0   0   1 0.09 0.29 0.02 0.96   1   1   0   0   1   4   3   1   2
  1   5   2   0   0   2 0.02 0.22 0.06 0.71   1   1   0   0   1   4   3   2   1
  1   5   5  -2   1   1 0.05 0.25 0.02 0.96   0   0   0   0   1   4   1   3   2
  1   5   5   0   0   1 0.05 0.25 0.05 0.99   0   0   0   0   1   4   2   3   1
  0   5   4   4   1   1 0.00 0.00 0.00 0.00   0   0   0   0   1   4   2   3   1
  0   5   1  -9   1   1 0.00 0.00 0.00 0.00   0   0   0   0   1   2   1   3   4
  1   5   1   2   1   1 0.08 0.28 0.05 0.99   0   0   0   0   1   4   2   1   3
  1   5   1   0   0   1 0.08 0.28 0.08 1.00   0   0   0   1   1   3   4   2   1
  1   5   6   0   0   2 0.02 0.18 0.06 0.71   0   0   1   0   1   3   2   4   1
  1   5   4   0   0   2 0.02 0.18 0.02 0.74   0   1   0   0   1   2   3   1   4
  1   5   4   0   0   2 0.05 0.14 0.02 0.74   0   0   1   0   1   2   1   4   3
  1   5   5   0   0   1 0.11 0.31 0.08 0.96   1   0   0   0   1   4   2   3   1
  1   5   6   0   0   2 0.05 0.14 0.02 0.77   0   1   0   0   1   1   2   3   4
  0   5  10   0   0   1 0.00 0.00 0.00 0.00   1   0   0   0   1   3   4   1   2
  1   5   6   4   1   2 0.08 0.10 0.02 0.77   0   0   0   0   1   1   4   2   3
  1   5   3   0   0   1 0.07 0.31 0.11 0.96   0   1   1   1   1   4   3   1   2
  1   5   5  -5   1   1 0.07 0.27 0.07 0.92   0   0   0   0   1   1   3   2   4
  1   5   5   0   0   1 0.10 0.27 0.07 0.92   1   1   1   0   1   2   3   1   4
  0   5   8   0   0   1 0.00 0.00 0.00 0.00   0   0   1   0   1   1   2   4   3
  1   5   2   0   0   2 0.08 0.10 0.05 0.80   0   0   1   1   1   4   2   3   1
  0   5   9   0   0   1 0.00 0.00 0.00 0.00   0   1   0   0   1   3   4   1   2
  0   5   7   2   1   1 0.00 0.00 0.00 0.00   0   0   0   0   1   1   2   3   4
  1   5   3   0   0   1 0.06 0.23 0.03 0.95   0   1   1   1   1   2   3   1   4
  1   5   2   0   0   2 0.11 0.13 0.02 0.76   0   0   1   1   1   2   4   1   3
  1   5   4   0   0   2 0.11 0.13 0.02 0.72   1   0   1   1   2   1   2   4   3
  1   5   5   0   0   1 0.06 0.19 0.02 0.91   0   1   1   1   2   4   2   3   1
  1   5   6   0   0   2 0.07 0.16 0.02 0.68   1   0   0   0   2   4   2   3   1
  1   5   4   0   0   2 0.03 0.16 0.02 0.68   0   1   0   0   2   3   4   2   1
  1   5   3   0   0   1 0.09 0.15 0.02 0.87   0   1   0   0   2   3   4   2   1
  1   5   1   0   0   1 0.09 0.11 0.02 0.87   0   1   0   0   2   1   4   2   3
  1   5   4  -5   1   2 0.03 0.12 0.05 0.71   0   0   0   0   2   4   3   1   2
  1   5   6   0   0   2 0.06 0.12 0.05 0.71   0   0   0   1   2   3   1   2   4
  1   5   3   0   0   1 0.12 0.07 0.05 0.90   1   0   0   0   2   4   3   2   1
  1   5   2   0   0   2 0.06 0.15 0.08 0.67   0   0   1   1   2   3   4   2   1
  0   5   3   0   1   1 0.00 0.00 0.00 0.00   0   0   0   0   2   4   3   2   1
  1   5   2   3   1   2 0.09 0.15 0.04 0.63   0   0   0   0   2   3   4   2   1
  1   5   3   9   1   1 0.08 0.07 0.05 0.90   0   0   0   0   2   3   2   1   4
  1   5   2   7   1   2 0.09 0.18 0.04 0.63   0   0   0   0   2   4   1   3   2
  1   5   5  -2   1   1 0.08 0.10 0.08 0.93   0   0   0   0   2   3   1   2   4
  1   5   1   0   0   1 0.11 0.10 0.08 0.93   1   0   0   0   2   2   4   3   1
  1   5   6   3   1   2 0.12 0.18 0.07 0.66   0   0   0   0   2   3   2   1   4
  1   5   4  -7   1   2 0.12 0.21 0.07 0.66   0   0   0   0   2   4   3   2   1
  1   5   4 -10   1   2 0.15 0.21 0.10 0.69   0   0   0   0   2   1   3   4   2
  1   5   5   0   1   1 0.07 0.13 0.11 0.96   0   0   0   0   2   2   3   1   4
  1   5   6   0   0   2 0.15 0.24 0.10 0.69   1   0   1   1   2   4   1   2   3
  0   5  10  10   1   1 0.00 0.00 0.00 0.00   0   0   0   0   2   2   3   4   1
  1   5   3   0   0   1 0.07 0.13 0.11 0.96   0   0   0   0   2   1   3   2   4
  1   5   5   0   0   1 0.10 0.16 0.14 0.99   1   0   1   1   2   3   4   2   1
  0   5   8   0   0   1 0.00 0.00 0.00 0.00   0   0   1   1   2   3   1   4   2
  1   5   2   0   0   2 0.11 0.24 0.06 0.65   1   1   1   1   2   4   3   1   2
  0   5   9   0   1   1 0.00 0.00 0.00 0.00   0   0   0   0   2   3   4   1   2
  1   5   3   0   0   1 0.06 0.16 0.10 0.95   0   1   1   1   2   3   1   2   4
  1   5   2   0   1   2 0.07 0.20 0.02 0.61   0   0   0   0   2   2   4   3   1
  1   5   4   0   0   2 0.07 0.20 0.02 0.61   0   1   1   1   3   3   2   4   1
  1   5   5   2   1   1 0.06 0.12 0.06 0.91   0   0   0   0   3   3   4   1   2
  1   5   6   0   0   2 0.10 0.16 0.02 0.57   0   1   1   1   3   1   3   2   4
  1   5   4  -7   1   2 0.10 0.12 0.02 0.53   0   0   0   0   3   4   1   2   3
  1   5   3   0   0   1 0.09 0.12 0.06 0.91   0   1   1   1   3   2   4   3   1
  1   5   1   0   0   1 0.09 0.08 0.02 0.87   1   0   0   1   3   4   1   3   2
  1   5   6   7   1   2 0.13 0.12 0.02 0.53   0   0   0   0   3   3   4   1   2
  1   5   3   7   1   1 0.05 0.08 0.02 0.83   0   0   0   0   3   4   2   3   1
  1   5   2  -6   1   2 0.13 0.15 0.05 0.56   0   0   0   0   3   4   2   3   1
  1   5   1 -10   1   1 0.05 0.11 0.05 0.83   0   0   0   0   3   3   1   4   2
  1   5   6   0   0   2 0.16 0.15 0.05 0.56   1   1   0   1   3   1   3   4   2
  1   5   3  10   1   1 0.08 0.11 0.05 0.86   0   0   0   0   3   1   2   4   3
  1   5   5  -4   1   1 0.08 0.14 0.08 0.86   0   0   0   0   3   4   2   1   3
  0   5   8  -3   1   1 0.00 0.00 0.00 0.00   0   0   0   0   3   4   1   3   2
  1   5   2   0   1   2 0.12 0.11 0.08 0.52   0   0   0   0   3   3   1   2   4
  1   5   3   4   1   1 0.11 0.14 0.08 0.89   0   0   0   0   3   3   4   1   2
  1   5   4   0   0   2 0.12 0.11 0.08 0.52   0   0   1   0   4   3   2   4   1
  1   5   6   5   1   2 0.15 0.14 0.04 0.55   0   0   0   0   4   4   2   3   1
  1   5   3   7   1   1 0.11 0.17 0.11 0.89   0   0   0   0   4   3   4   2   1
  1   5   1   0   0   1 0.14 0.17 0.11 0.92   0   0   1   0   4   2   4   1   3
  1   5   6   6   1   2 0.15 0.14 0.04 0.55   0   0   0   0   4   1   4   3   2
  1   5   4   0   0   2 0.18 0.17 0.07 0.58   0   0   0   1   5   3   1   4   2
  1   5   1   0   1   1 0.14 0.20 0.07 0.92   0   0   0   0   5   2   4   1   3
  1   5   4   0   0   2 0.18 0.17 0.07 0.54   1   1   0   0   6   4   1   3   2
  1   5   4   0   0   2 0.14 0.13 0.10 0.54   1   1   0   0   7   2   4   1   3
  1   5   4  -3   1   2 0.10 0.09 0.10 0.57   0   0   0   0   8   2   3   4   1
