0.20 1.56 0.20 1.56 0 0 0 0
0.20 1.56 0.20 1.56 0 0 0 0
0.20 1.56 0.20 1.56 0 0 0 0
0.22 1.58 0.22 1.58 0 0 0 0
0.22 1.58 0.22 1.58 0 0 0 0
0.22 1.58 0.22 1.58 0 1 0 0
0.24 1.56 0.24 1.60 0 0 0 0
0.24 1.56 0.24 1.60 0 1 0 0
0.24 1.54 0.24 1.60 0 1 0 0
0.26 1.52 0.26 1.62 1 0 0 0
0.24 1.52 0.26 1.62 1 0 1 0
0.22 1.52 0.24 1.62 0 0 0 0
0.22 1.54 0.24 1.64 0 1 0 0
0.22 1.52 0.24 1.64 1 0 1 0
0.20 1.52 0.22 1.64 0 0 0 0
0.20 1.52 0.22 1.66 0 0 0 0
0.20 1.54 0.22 1.66 0 1 0 0
0.22 1.52 0.24 1.66 0 1 0 0
0.22 1.50 0.24 1.68 0 1 0 0
0.22 1.48 0.24 1.68 0 1 0 0
0.24 1.46 0.26 1.68 0 0 0 0
0.24 1.46 0.26 1.70 0 0 0 0
0.24 1.46 0.26 1.70 0 0 0 0
0.26 1.48 0.28 1.70 0 1 0 1
0.26 1.46 0.28 1.68 0 1 0 0
0.26 1.44 0.28 1.68 0 1 0 0
0.28 1.42 0.30 1.68 0 1 0 1
0.28 1.40 0.30 1.66 0 0 0 0
0.28 1.40 0.30 1.66 0 0 0 0
0.30 1.40 0.32 1.66 0 0 0 0
0.30 1.42 0.32 1.68 0 0 0 0
0.30 1.42 0.32 1.68 0 1 0 0
0.32 1.40 0.34 1.68 0 0 0 0
0.32 1.40 0.34 1.70 0 1 0 0
0.32 1.38 0.34 1.70 0 1 0 0
0.34 1.36 0.36 1.70 0 0 0 0
0.34 1.36 0.36 1.72 0 0 0 0
0.34 1.36 0.36 1.72 0 0 0 0
0.36 1.38 0.38 1.72 0 0 0 0
0.36 1.38 0.38 1.74 1 0 0 0
0.34 1.38 0.38 1.74 0 0 0 1
0.34 1.40 0.40 1.72 0 0 0 0
0.34 1.40 0.40 1.72 1 0 0 1
0.32 1.40 0.40 1.70 0 0 0 0
0.32 1.42 0.42 1.70 0 0 0 0
0.32 1.42 0.42 1.70 0 0 0 0
0.34 1.42 0.42 1.72 0 0 0 0
0.34 1.44 0.44 1.72 0 0 0 1
0.34 1.44 0.44 1.70 0 1 0 0
0.36 1.42 0.44 1.70 0 0 0 0
0.36 1.42 0.46 1.70 0 0 0 0
0.36 1.42 0.46 1.72 0 0 0 0
0.38 1.44 0.46 1.72 0 0 0 0
0.38 1.44 0.48 1.72 0 0 0 0
0.38 1.44 0.48 1.74 0 0 0 0
0.40 1.46 0.48 1.74 0 0 0 0
0.40 1.46 0.50 1.74 0 0 0 1
0.40 1.46 0.50 1.72 0 1 0 1
0.42 1.44 0.50 1.70 0 0 0 1
0.42 1.44 0.52 1.68 1 0 0 0
0.40 1.44 0.52 1.68 0 0 0 1
0.40 1.46 0.52 1.66 0 0 0 0
0.40 1.46 0.54 1.66 0 0 0 1
0.42 1.46 0.54 1.64 0 0 0 0
0.42 1.48 0.54 1.64 0 0 0 1
0.42 1.48 0.56 1.62 0 0 0 1
0.44 1.48 0.56 1.60 0 0 0 0
0.44 1.50 0.56 1.60 1 1 0 0
0.42 1.48 0.58 1.60 0 0 0 0
0.42 1.48 0.58 1.62 0 0 0 0
0.42 1.48 0.58 1.62 0 0 0 0
0.44 1.50 0.60 1.62 0 1 0 0
0.44 1.48 0.60 1.64 0 0 0 1
0.44 1.48 0.60 1.62 0 1 0 1
0.46 1.46 0.62 1.60 0 0 0 0
0.46 1.46 0.62 1.60 1 1 0 0
0.44 1.44 0.62 1.60 1 1 0 1
0.42 1.42 0.64 1.58 0 0 0 0
0.42 1.42 0.64 1.58 0 0 0 0
0.42 1.42 0.64 1.58 0 0 0 0
0.44 1.44 0.66 1.60 0 0 0 0
0.44 1.44 0.66 1.60 0 0 0 0
0.44 1.44 0.66 1.60 0 0 0 0
0.46 1.46 0.68 1.62 0 0 0 0
0.46 1.46 0.68 1.62 0 0 0 0
0.46 1.46 0.68 1.62 0 0 0 0
0.48 1.48 0.70 1.64 0 0 0 0
0.48 1.48 0.70 1.64 0 0 0 0
0.48 1.48 0.70 1.64 0 0 0 0
0.50 1.50 0.72 1.66 0 0 0 0
0.50 1.50 0.72 1.66 0 0 0 0
0.50 1.50 0.72 1.66 0 0 0 0
0.52 1.52 0.74 1.68 1 1 0 0
0.50 1.50 0.74 1.68 0 0 0 0
0.50 1.50 0.74 1.68 0 0 0 0
0.50 1.50 0.76 1.70 0 0 0 0
0.52 1.52 0.76 1.70 1 0 0 0
0.50 1.52 0.76 1.70 0 1 0 1
0.50 1.50 0.78 1.68 1 0 0 0
0.48 1.50 0.78 1.68 0 0 0 0
0.48 1.50 0.78 1.68 0 0 0 1
0.48 1.52 0.80 1.66 0 0 0 0
0.50 1.52 0.80 1.66 0 0 0 0
0.50 1.52 0.80 1.66 1 0 1 0
0.48 1.54 0.78 1.68 0 0 0 0
0.48 1.54 0.78 1.68 1 1 1 0
0.46 1.52 0.76 1.68 0 1 0 1
0.46 1.50 0.76 1.66 0 0 0 0
0.46 1.50 0.76 1.66 0 0 0 0
0.48 1.50 0.78 1.66 0 0 0 0
0.48 1.52 0.78 1.68 1 1 0 0
0.46 1.50 0.78 1.68 1 0 0 0
0.44 1.50 0.80 1.68 0 0 0 0
0.44 1.50 0.80 1.70 0 0 0 0
0.44 1.52 0.80 1.70 0 0 1 1
0.46 1.52 0.78 1.68 1 1 0 0
0.44 1.50 0.78 1.68 0 0 0 0
0.44 1.50 0.78 1.68 1 1 0 0
0.42 1.48 0.80 1.70 0 0 0 0
0.42 1.48 0.80 1.70 1 1 0 1
0.40 1.46 0.80 1.68 1 1 0 0
0.38 1.44 0.82 1.68 0 1 0 0
0.38 1.42 0.82 1.68 0 0 0 0
0.38 1.42 0.82 1.70 0 0 0 0
0.40 1.42 0.84 1.70 0 0 0 0
0.40 1.44 0.84 1.70 0 0 0 0
0.40 1.44 0.84 1.72 0 0 0 0
0.42 1.44 0.86 1.72 0 0 0 0
0.42 1.46 0.86 1.72 0 1 0 1
0.42 1.44 0.86 1.70 0 0 0 0
0.44 1.44 0.88 1.70 1 1 0 0
0.42 1.42 0.88 1.70 0 0 0 0
0.42 1.42 0.88 1.72 0 0 0 0
0.42 1.42 0.90 1.72 1 0 0 1
0.40 1.44 0.90 1.70 1 1 0 1
0.38 1.42 0.90 1.68 1 1 0 0
0.36 1.40 0.92 1.68 0 0 0 0
0.36 1.40 0.92 1.68 0 0 0 0
0.36 1.40 0.92 1.70 0 1 0 1
0.38 1.38 0.94 1.68 0 0 0 0
0.38 1.38 0.94 1.68 0 0 0 0
0.38 1.38 0.94 1.68 1 0 0 0
0.36 1.40 0.96 1.70 0 1 0 1
0.36 1.38 0.96 1.68 0 0 0 0
0.36 1.38 0.96 1.68 0 0 0 0
0.38 1.38 0.98 1.68 0 0 0 0
0.38 1.40 0.98 1.70 0 0 0 0
0.38 1.40 0.98 1.70 0 0 0 0
0.40 1.40 1.00 1.70 0 0 0 0
0.40 1.42 1.00 1.72 0 0 0 0
0.40 1.42 1.00 1.72 0 0 0 0
0.42 1.42 1.02 1.72 0 0 0 0
0.42 1.44 1.02 1.74 0 0 0 0
0.42 1.44 1.02 1.74 0 0 0 0
0.44 1.44 1.04 1.74 0 0 0 0
0.44 1.46 1.04 1.76 0 0 0 0
0.44 1.46 1.04 1.76 0 1 0 1
0.46 1.44 1.06 1.74 0 0 0 0
0.46 1.44 1.06 1.74 0 0 0 0
0.46 1.44 1.06 1.74 0 0 0 0
0.48 1.46 1.08 1.76 0 0 0 0
0.48 1.46 1.08 1.76 0 0 0 0
0.48 1.46 1.08 1.76 0 0 0 0
0.50 1.48 1.10 1.78 0 0 0 0
0.50 1.48 1.10 1.78 0 0 0 0
0.50 1.48 1.10 1.78 0 0 0 0
0.52 1.50 1.12 1.80 0 0 0 0
0.52 1.50 1.12 1.80 0 0 0 0
0.52 1.50 1.12 1.80 0 0 0 0
0.54 1.52 1.14 1.82 0 0 0 0
0.54 1.52 1.14 1.82 0 0 0 0
0.54 1.52 1.14 1.82 0 0 0 1
0.56 1.54 1.16 1.80 0 0 0 0
0.56 1.54 1.16 1.80 0 0 0 0
0.56 1.54 1.16 1.80 0 0 0 0
0.58 1.56 1.18 1.82 0 0 0 1
0.58 1.56 1.18 1.80 0 0 0 0
0.58 1.56 1.18 1.80 0 0 0 0
0.60 1.58 1.20 1.80 0 0 0 0
0.60 1.58 1.20 1.82 0 0 0 0
0.60 1.58 1.20 1.82 0 0 0 1
0.62 1.60 1.22 1.80 1 0 0 1
0.60 1.60 1.22 1.78 0 0 0 0
0.60 1.60 1.22 1.78 0 0 0 0
0.60 1.62 1.24 1.78 0 0 0 0
0.62 1.62 1.24 1.80 0 0 0 0
0.62 1.62 1.24 1.80 1 1 0 1
0.60 1.60 1.26 1.78 0 0 0 0
0.60 1.60 1.26 1.78 0 1 0 1
0.60 1.58 1.26 1.76 1 0 1 0
0.58 1.58 1.24 1.76 0 0 1 1
0.58 1.58 1.22 1.74 1 0 1 1
0.56 1.60 1.20 1.72 0 0 0 0
0.56 1.60 1.20 1.72 0 0 1 1
0.56 1.60 1.18 1.70 1 1 0 1
0.54 1.58 1.18 1.68 1 0 0 1
0.52 1.58 1.18 1.66 1 0 1 1
0.50 1.58 1.16 1.64 0 0 0 0
0.50 1.60 1.16 1.64 0 0 0 0
0.50 1.60 1.16 1.64 1 1 0 0
0.48 1.58 1.18 1.66 0 0 0 0
0.48 1.58 1.18 1.66 1 0 0 1
0.46 1.58 1.18 1.64 0 0 0 0
0.46 1.60 1.20 1.64 1 0 1 0
0.44 1.60 1.18 1.64 0 0 0 0
0.44 1.60 1.18 1.66 0 0 0 0
0.44 1.62 1.18 1.66 1 1 0 1
0.42 1.60 1.20 1.64 0 0 0 0
0.42 1.60 1.20 1.64 0 0 0 0
0.42 1.60 1.20 1.64 0 1 0 1
0.44 1.58 1.22 1.62 0 1 0 1
0.44 1.56 1.22 1.60 0 0 0 0
0.44 1.56 1.22 1.60 0 0 0 0
0.46 1.56 1.24 1.60 0 0 0 0
0.46 1.58 1.24 1.62 0 0 0 1
0.46 1.58 1.24 1.60 0 0 0 0
0.48 1.58 1.26 1.60 0 0 0 0
0.48 1.60 1.26 1.60 0 0 0 0
0.48 1.60 1.26 1.62 1 1 0 0
0.46 1.58 1.28 1.62 0 0 0 0
0.46 1.58 1.28 1.62 0 0 0 0
0.46 1.58 1.28 1.64 0 0 0 0
0.48 1.60 1.30 1.64 0 0 0 0
0.48 1.60 1.30 1.64 1 1 0 0
0.46 1.58 1.30 1.66 0 0 0 0
0.46 1.58 1.32 1.66 0 0 0 0
0.46 1.58 1.32 1.66 0 0 0 0
0.48 1.60 1.32 1.68 0 0 0 0
0.48 1.60 1.34 1.68 0 0 0 0
0.48 1.60 1.34 1.68 0 0 0 0
0.50 1.62 1.34 1.70 0 0 0 0
0.50 1.62 1.36 1.70 0 0 0 0
0.50 1.62 1.36 1.70 0 0 0 0
0.52 1.64 1.36 1.72 0 0 0 0
0.52 1.64 1.38 1.72 0 0 0 0
0.52 1.64 1.38 1.72 0 0 0 0
0.54 1.66 1.38 1.74 1 1 0 0
0.52 1.64 1.40 1.74 0 0 0 1
0.52 1.64 1.40 1.72 0 0 0 1
0.52 1.64 1.40 1.70 0 0 0 0
0.54 1.66 1.42 1.70 0 0 0 0
0.54 1.66 1.42 1.70 0 0 0 0
0.54 1.66 1.42 1.72 1 1 0 1
0.52 1.64 1.44 1.70 0 1 0 0
0.52 1.62 1.44 1.70 0 0 0 0
0.52 1.62 1.44 1.70 0 0 0 0
0.54 1.62 1.46 1.72 0 0 0 0
0.54 1.64 1.46 1.72 0 0 0 0
0.54 1.64 1.46 1.72 0 0 0 0
0.56 1.64 1.48 1.74 0 0 0 0
0.56 1.66 1.48 1.74 0 0 0 0
0.56 1.66 1.48 1.74 0 0 0 0
0.58 1.66 1.50 1.76 0 0 0 0
0.58 1.68 1.50 1.76 0 0 0 0
0.58 1.68 1.50 1.76 0 0 0 0
0.60 1.68 1.52 1.78 0 0 0 0
0.60 1.70 1.52 1.78 0 0 0 0
0.60 1.70 1.52 1.78 0 0 0 0
0.62 1.70 1.54 1.80 1 1 1 1
0.60 1.68 1.52 1.78 0 0 0 0
0.60 1.68 1.52 1.78 0 0 0 0
0.60 1.68 1.52 1.78 0 0 0 0
0.62 1.70 1.54 1.80 0 1 0 1
0.62 1.68 1.54 1.78 1 1 0 1
0.60 1.66 1.54 1.76 0 0 0 0
0.60 1.66 1.56 1.76 0 0 0 0
0.60 1.66 1.56 1.76 0 0 0 0
0.62 1.68 1.56 1.78 0 0 0 0
0.62 1.68 1.58 1.78 0 0 0 0
0.62 1.68 1.58 1.78 0 0 0 0
0.64 1.70 1.58 1.80 1 1 1 0
0.62 1.68 1.56 1.80 0 0 0 0
0.62 1.68 1.56 1.80 0 0 0 0
0.62 1.68 1.56 1.82 1 1 0 1
0.60 1.66 1.58 1.80 0 1 0 1
0.60 1.64 1.58 1.78 1 1 1 0
0.58 1.62 1.56 1.78 1 1 1 0
0.56 1.60 1.54 1.78 1 1 1 1
0.54 1.58 1.52 1.76 1 1 1 0
0.52 1.56 1.50 1.76 1 1 1 1
0.50 1.54 1.48 1.74 0 0 0 0
0.50 1.54 1.48 1.74 1 1 1 0
0.48 1.52 1.46 1.74 0 0 0 0
0.48 1.52 1.46 1.76 0 0 0 0
0.48 1.52 1.46 1.76 0 0 0 0
0.50 1.54 1.48 1.76 0 0 0 0
0.50 1.54 1.48 1.78 1 1 1 1
0.48 1.52 1.46 1.76 0 1 1 0
0.48 1.50 1.44 1.76 1 1 1 1
0.46 1.48 1.42 1.74 0 0 0 0
0.46 1.48 1.42 1.74 0 0 0 0
0.46 1.48 1.42 1.74 1 1 1 1
0.44 1.46 1.40 1.72 1 1 1 1
0.42 1.44 1.38 1.70 1 1 1 0
0.40 1.42 1.36 1.70 1 1 1 0
0.38 1.40 1.34 1.70 0 0 0 0
0.38 1.40 1.34 1.72 0 0 0 0
0.38 1.40 1.34 1.72 0 0 0 0
0.40 1.42 1.36 1.72 0 0 0 0
0.40 1.42 1.36 1.74 0 0 0 0
0.40 1.42 1.36 1.74 1 1 1 1
0.38 1.40 1.34 1.72 0 0 0 0
0.38 1.40 1.34 1.72 0 0 0 0
0.38 1.40 1.34 1.72 0 0 0 0
0.40 1.42 1.36 1.74 0 0 0 0
0.40 1.42 1.36 1.74 0 0 0 0
0.40 1.42 1.36 1.74 0 0 0 0
0.42 1.44 1.38 1.76 0 0 0 0
0.42 1.44 1.38 1.76 0 1 1 1
0.42 1.42 1.36 1.74 1 1 1 0
0.40 1.40 1.34 1.74 0 0 0 0
0.40 1.40 1.34 1.74 1 1 1 1
0.38 1.38 1.32 1.72 1 1 0 1
0.36 1.36 1.32 1.70 0 0 0 0
0.36 1.36 1.32 1.70 0 0 0 0
0.36 1.36 1.34 1.70 1 1 0 1
0.34 1.34 1.34 1.68 0 0 0 0
0.34 1.34 1.34 1.68 1 1 0 1
0.32 1.32 1.36 1.66 0 0 0 0
0.32 1.32 1.36 1.66 1 1 1 1
0.30 1.30 1.34 1.64 0 0 0 0
0.30 1.30 1.34 1.64 0 0 0 0
0.30 1.30 1.34 1.64 0 0 0 0
0.32 1.32 1.36 1.66 1 1 1 1
0.30 1.30 1.34 1.64 0 0 0 0
0.30 1.30 1.34 1.64 0 0 0 0
0.30 1.30 1.34 1.64 0 0 0 0
0.32 1.32 1.36 1.66 0 1 1 1
0.32 1.30 1.34 1.64 1 0 0 0
0.30 1.30 1.34 1.64 0 0 0 0
0.30 1.30 1.34 1.64 0 0 0 0
0.30 1.32 1.36 1.66 0 0 0 0
0.32 1.32 1.36 1.66 0 0 0 0
0.32 1.32 1.36 1.66 1 1 1 1
0.30 1.30 1.34 1.64 0 0 0 0
0.30 1.30 1.34 1.64 0 0 0 0
0.30 1.30 1.34 1.64 1 1 1 0
0.28 1.28 1.32 1.66 0 0 0 0
0.28 1.28 1.32 1.66 0 0 0 0
0.28 1.28 1.32 1.66 0 0 0 0
0.30 1.30 1.34 1.68 1 0 0 1
0.28 1.30 1.34 1.66 0 0 0 0
0.28 1.30 1.34 1.66 1 1 1 0
0.26 1.28 1.32 1.66 1 0 1 1
0.24 1.28 1.30 1.64 1 0 0 1
0.22 1.28 1.30 1.62 0 0 1 1
0.22 1.30 1.28 1.60 0 0 0 0
0.22 1.30 1.28 1.60 0 0 0 0
0.24 1.30 1.28 1.60 0 0 0 0
0.24 1.32 1.30 1.62 0 0 0 0
