1.78 1.78 1.78 1.78 0 0 0 0
1.78 1.78 1.78 1.78 0 0 1 0
1.80 1.80 1.76 1.80 0 0 0 0
1.80 1.80 1.76 1.80 0 0 0 0
1.82 1.82 1.78 1.82 0 0 0 0
1.82 1.82 1.78 1.82 0 0 1 0
1.84 1.84 1.76 1.84 0 0 0 0
1.84 1.84 1.76 1.84 1 0 0 0
1.82 1.86 1.78 1.86 0 0 0 1
1.82 1.86 1.78 1.84 0 0 0 0
1.84 1.88 1.80 1.84 1 0 0 0
1.82 1.88 1.80 1.86 0 1 0 1
1.82 1.86 1.82 1.84 0 1 0 0
1.84 1.84 1.82 1.84 0 0 0 0
1.84 1.84 1.84 1.86 0 0 1 0
1.86 1.86 1.82 1.86 1 1 0 0
1.84 1.84 1.82 1.88 1 1 0 0
1.82 1.82 1.84 1.88 1 1 0 1
1.80 1.80 1.84 1.86 1 1 0 0
1.78 1.78 1.86 1.86 0 0 0 0
1.78 1.78 1.86 1.88 0 0 1 0
1.80 1.80 1.84 1.88 0 0 0 0
1.80 1.80 1.84 1.90 0 0 1 1
1.82 1.82 1.82 1.88 1 0 0 0
1.80 1.82 1.82 1.88 1 1 0 1
1.78 1.80 1.84 1.86 1 0 1 1
1.76 1.80 1.82 1.84 1 0 0 0
1.74 1.82 1.82 1.84 1 0 0 0
1.72 1.82 1.84 1.86 1 0 1 0
1.70 1.84 1.82 1.86 0 1 0 0
1.70 1.82 1.82 1.88 0 0 0 1
1.72 1.82 1.84 1.86 1 1 0 1
1.70 1.80 1.84 1.84 0 1 0 0
1.70 1.78 1.86 1.84 0 0 0 0
1.72 1.78 1.86 1.86 0 1 0 0
1.72 1.76 1.88 1.86 0 0 0 0
1.74 1.76 1.88 1.88 0 0 1 1
1.74 1.78 1.86 1.86 1 1 0 0
1.72 1.76 1.86 1.86 0 0 0 0
1.72 1.76 1.88 1.88 0 0 0 0
1.74 1.78 1.88 1.88 0 0 0 0
1.74 1.78 1.90 1.90 1 1 1 1
1.72 1.76 1.88 1.88 0 0 1 1
1.72 1.76 1.86 1.86 1 0 1 1
1.70 1.78 1.84 1.84 0 0 0 0
1.70 1.78 1.84 1.84 0 0 0 0
1.72 1.80 1.86 1.86 1 1 0 1
1.70 1.78 1.86 1.84 1 0 1 0
1.68 1.78 1.84 1.84 1 0 0 0
1.66 1.80 1.84 1.86 0 1 0 0
1.66 1.78 1.86 1.86 0 0 0 0
1.68 1.78 1.86 1.88 0 0 1 0
1.68 1.80 1.84 1.88 0 0 0 1
1.70 1.80 1.84 1.86 0 0 1 0
1.70 1.82 1.82 1.86 0 0 0 0
1.72 1.82 1.82 1.88 0 0 0 0
1.72 1.84 1.84 1.88 0 0 0 1
1.74 1.84 1.84 1.86 0 1 0 0
1.74 1.82 1.86 1.86 0 1 1 0
1.76 1.80 1.84 1.88 0 0 0 1
1.76 1.80 1.84 1.86 0 0 0 0
1.78 1.82 1.86 1.86 1 1 0 0
1.76 1.80 1.86 1.88 1 0 1 1
1.74 1.80 1.84 1.86 1 0 0 1
1.72 1.82 1.84 1.84 1 0 1 1
1.70 1.82 1.82 1.82 1 1 0 1
1.68 1.80 1.82 1.80 0 0 0 0
1.68 1.80 1.84 1.80 1 0 0 1
1.66 1.82 1.84 1.78 1 1 0 1
1.64 1.80 1.86 1.76 0 1 1 0
1.64 1.78 1.84 1.76 0 1 1 1
1.66 1.76 1.82 1.74 1 1 1 0
1.64 1.74 1.80 1.74 1 1 1 0
1.62 1.72 1.78 1.76 1 1 1 1
1.60 1.70 1.76 1.74 1 1 1 1
1.58 1.68 1.74 1.72 1 1 1 1
1.56 1.66 1.72 1.70 1 0 1 1
1.54 1.66 1.70 1.68 1 0 0 1
1.52 1.68 1.70 1.66 1 0 0 1
1.50 1.68 1.72 1.64 0 0 1 1
1.50 1.70 1.70 1.62 0 0 1 0
1.52 1.70 1.68 1.62 1 1 0 1
1.50 1.68 1.68 1.60 1 0 0 1
1.48 1.68 1.70 1.58 0 0 0 0
1.48 1.70 1.70 1.58 0 0 1 1
1.50 1.70 1.68 1.56 0 0 1 1
1.50 1.72 1.66 1.54 0 0 0 1
1.52 1.72 1.66 1.52 0 0 0 0
1.52 1.74 1.68 1.52 0 0 0 0
1.54 1.74 1.68 1.54 0 0 0 0
1.54 1.76 1.70 1.54 1 0 0 0
1.52 1.76 1.70 1.56 1 1 0 0
1.50 1.74 1.72 1.56 1 0 0 0
1.48 1.74 1.72 1.58 1 1 1 0
1.46 1.72 1.70 1.58 1 0 0 0
1.44 1.72 1.70 1.60 1 0 1 0
1.42 1.74 1.68 1.60 0 0 0 0
1.42 1.74 1.68 1.62 1 0 1 0
1.40 1.76 1.66 1.62 1 0 0 0
1.38 1.76 1.66 1.64 1 0 1 0
1.36 1.78 1.64 1.64 1 1 0 0
1.34 1.76 1.64 1.66 1 0 0 0
1.32 1.76 1.66 1.66 1 0 1 1
1.30 1.78 1.64 1.64 1 0 1 1
1.28 1.78 1.62 1.62 1 1 1 0
1.26 1.76 1.60 1.62 1 0 1 0
1.24 1.76 1.58 1.64 1 0 1 0
1.22 1.78 1.56 1.64 1 0 1 0
1.20 1.78 1.54 1.66 0 0 1 0
1.20 1.80 1.52 1.66 1 0 1 0
1.18 1.80 1.50 1.68 1 1 0 0
1.16 1.78 1.50 1.68 1 1 1 0
1.14 1.76 1.48 1.70 1 1 0 0
1.12 1.74 1.48 1.70 1 0 0 0
1.10 1.74 1.50 1.72 0 0 0 0
1.10 1.76 1.50 1.72 1 1 1 0
1.08 1.74 1.48 1.74 0 0 0 0
1.08 1.74 1.48 1.74 1 1 0 0
1.06 1.72 1.50 1.76 1 1 1 0
1.04 1.70 1.48 1.76 0 0 0 0
1.04 1.70 1.48 1.78 0 0 0 0
1.06 1.72 1.50 1.78 0 1 0 0
1.06 1.70 1.50 1.80 0 0 1 0
1.08 1.70 1.48 1.80 0 0 0 0
1.08 1.72 1.48 1.82 0 1 0 0
1.10 1.70 1.50 1.82 1 0 1 0
1.08 1.70 1.48 1.84 0 0 0 1
1.08 1.72 1.48 1.82 0 0 0 1
1.10 1.72 1.50 1.80 0 0 0 1
1.10 1.74 1.50 1.78 0 0 0 1
1.12 1.74 1.52 1.76 0 0 0 0
1.12 1.76 1.52 1.76 0 0 0 1
1.14 1.76 1.54 1.74 0 0 0 1
1.14 1.78 1.54 1.72 0 0 0 0
1.16 1.78 1.56 1.72 0 1 0 1
1.16 1.76 1.56 1.70 0 0 0 1
1.18 1.76 1.58 1.68 0 0 0 1
1.18 1.78 1.58 1.66 0 0 0 0
1.20 1.78 1.60 1.66 1 0 1 0
1.18 1.80 1.58 1.68 1 1 0 0
1.16 1.78 1.58 1.68 0 1 0 0
1.16 1.76 1.60 1.70 0 0 0 1
1.18 1.76 1.60 1.68 0 0 0 1
1.18 1.78 1.62 1.66 0 0 0 0
1.20 1.78 1.62 1.66 1 1 0 0
1.18 1.76 1.64 1.68 0 1 0 0
1.18 1.74 1.64 1.68 0 0 0 0
1.20 1.74 1.66 1.70 1 0 1 0
1.18 1.76 1.64 1.70 1 0 1 1
1.16 1.76 1.62 1.68 1 0 1 0
1.14 1.78 1.60 1.68 1 0 1 1
1.12 1.78 1.58 1.66 0 0 0 0
1.12 1.80 1.58 1.66 0 0 1 0
1.14 1.80 1.56 1.68 0 0 1 0
1.14 1.82 1.54 1.68 0 0 0 0
1.16 1.82 1.54 1.70 0 1 0 0
1.16 1.80 1.56 1.70 0 0 0 0
1.18 1.80 1.56 1.72 1 1 0 0
1.16 1.78 1.58 1.72 0 1 0 0
1.16 1.76 1.58 1.74 1 1 0 0
1.14 1.74 1.60 1.74 0 0 0 0
1.14 1.74 1.60 1.76 1 1 0 0
1.12 1.72 1.62 1.76 1 0 1 0
1.10 1.72 1.60 1.78 0 0 0 0
1.10 1.74 1.60 1.78 0 0 1 0
1.12 1.74 1.58 1.80 0 0 0 0
1.12 1.76 1.58 1.80 1 0 1 0
1.10 1.76 1.56 1.82 1 0 1 0
1.08 1.78 1.54 1.82 1 0 1 0
1.06 1.78 1.52 1.84 0 0 0 0
1.06 1.80 1.52 1.84 0 0 1 0
1.08 1.80 1.50 1.86 1 0 1 1
1.06 1.82 1.48 1.84 0 0 0 0
1.06 1.82 1.48 1.84 1 0 1 0
1.04 1.84 1.46 1.86 1 0 1 1
1.02 1.84 1.44 1.84 1 1 1 0
1.00 1.82 1.42 1.84 1 1 1 0
0.98 1.80 1.40 1.86 1 1 1 1
0.96 1.78 1.38 1.84 0 0 1 0
0.96 1.78 1.36 1.84 0 0 0 0
0.98 1.80 1.36 1.86 0 0 1 0
0.98 1.80 1.34 1.86 1 1 0 1
0.96 1.78 1.34 1.84 0 1 0 1
0.96 1.76 1.36 1.82 0 0 0 0
0.98 1.76 1.36 1.82 1 1 1 0
0.96 1.74 1.34 1.84 0 0 0 0
0.96 1.74 1.34 1.84 1 1 1 0
0.94 1.72 1.32 1.86 1 1 1 1
0.92 1.70 1.30 1.84 0 0 1 1
0.92 1.70 1.28 1.82 1 1 1 1
0.90 1.68 1.26 1.80 1 0 1 1
0.88 1.68 1.24 1.78 1 0 1 1
0.86 1.70 1.22 1.76 1 0 1 1
0.84 1.70 1.20 1.74 1 1 1 1
0.82 1.68 1.18 1.72 1 1 1 1
0.80 1.66 1.16 1.70 1 0 1 1
0.78 1.66 1.14 1.68 0 0 0 0
0.78 1.68 1.14 1.68 1 1 1 1
0.76 1.66 1.12 1.66 1 1 1 1
0.74 1.64 1.10 1.64 1 1 1 1
0.72 1.62 1.08 1.62 1 1 1 1
0.70 1.60 1.06 1.60 0 0 0 0
0.70 1.60 1.06 1.60 1 1 1 1
0.68 1.58 1.04 1.58 1 1 1 1
0.66 1.56 1.02 1.56 0 0 0 0
0.66 1.56 1.02 1.56 1 0 1 1
0.64 1.58 1.00 1.54 1 1 1 1
0.62 1.56 0.98 1.52 0 0 0 0
0.62 1.56 0.98 1.52 1 0 1 1
0.60 1.58 0.96 1.50 0 1 0 1
0.60 1.56 0.96 1.48 1 1 1 0
0.58 1.54 0.94 1.48 0 0 1 0
0.58 1.54 0.92 1.50 1 0 1 0
0.56 1.56 0.90 1.50 1 0 1 0
0.54 1.56 0.88 1.52 1 1 1 0
0.52 1.54 0.86 1.52 1 0 1 1
0.50 1.54 0.84 1.50 0 0 1 0
0.50 1.56 0.82 1.50 0 0 1 0
0.52 1.56 0.80 1.52 1 1 1 1
0.50 1.54 0.78 1.50 0 0 0 0
0.50 1.54 0.78 1.50 0 0 0 0
0.52 1.56 0.80 1.52 1 0 1 1
0.50 1.56 0.78 1.50 1 0 1 0
0.48 1.58 0.76 1.50 0 0 0 0
0.48 1.58 0.76 1.52 0 1 0 1
0.50 1.56 0.78 1.50 1 0 1 1
0.48 1.56 0.76 1.48 1 0 1 0
0.46 1.58 0.74 1.48 0 0 0 0
0.46 1.58 0.74 1.50 0 0 0 0
0.48 1.60 0.76 1.50 0 1 0 1
0.48 1.58 0.76 1.48 1 0 1 1
0.46 1.58 0.74 1.46 1 1 1 1
0.44 1.56 0.72 1.44 1 0 1 1
0.42 1.56 0.70 1.42 1 1 1 1
0.40 1.54 0.68 1.40 1 1 1 1
0.38 1.52 0.66 1.38 1 1 1 1
0.36 1.50 0.64 1.36 1 1 1 0
0.34 1.48 0.62 1.36 1 1 1 1
0.32 1.46 0.60 1.34 0 0 0 0
0.32 1.46 0.60 1.34 1 1 1 1
0.30 1.44 0.58 1.32 1 1 1 1
0.28 1.42 0.56 1.30 0 0 0 0
0.28 1.42 0.56 1.30 1 0 1 1
0.26 1.44 0.54 1.28 0 1 1 1
0.26 1.42 0.52 1.26 0 0 1 1
0.28 1.42 0.50 1.24 0 0 0 0
0.28 1.44 0.50 1.24 0 0 1 0
0.30 1.44 0.48 1.26 0 1 1 1
0.30 1.42 0.46 1.24 1 1 1 1
0.28 1.40 0.44 1.22 1 1 1 1
0.26 1.38 0.42 1.20 1 1 1 1
0.24 1.36 0.40 1.18 0 1 1 1
0.24 1.34 0.38 1.16 0 1 1 1
0.26 1.32 0.36 1.14 1 1 1 1
0.24 1.30 0.34 1.12 0 1 1 1
0.24 1.28 0.32 1.10 0 1 0 1
0.26 1.26 0.32 1.08 0 1 0 1
0.26 1.24 0.34 1.06 1 1 1 1
0.24 1.22 0.32 1.04 1 1 1 1
0.22 1.20 0.30 1.02 0 1 1 1
0.22 1.18 0.28 1.00 0 1 0 1
0.24 1.16 0.28 0.98 1 1 1 1
0.22 1.14 0.26 0.96 0 0 1 1
0.22 1.14 0.24 0.94 0 1 0 1
0.24 1.12 0.24 0.92 0 0 0 0
0.24 1.12 0.26 0.92 0 0 0 0
0.26 1.14 0.26 0.94 0 0 0 0
0.26 1.14 0.28 0.94 0 0 1 1
0.28 1.16 0.26 0.92 1 0 0 0
0.26 1.16 0.26 0.92 0 1 0 1
0.26 1.14 0.28 0.90 1 1 0 0
0.24 1.12 0.28 0.90 0 1 0 0
0.24 1.10 0.30 0.92 0 1 0 1
0.26 1.08 0.30 0.90 0 0 0 0
0.26 1.08 0.32 0.90 0 0 1 1
0.28 1.10 0.30 0.88 0 1 1 1
0.28 1.08 0.28 0.86 0 0 1 1
0.30 1.08 0.26 0.84 0 0 0 0
0.30 1.10 0.26 0.84 0 0 0 0
0.32 1.10 0.28 0.86 1 0 1 1
0.30 1.12 0.26 0.84 1 1 1 0
0.28 1.10 0.24 0.84 0 0 0 0
0.28 1.10 0.24 0.86 0 0 0 1
0.30 1.12 0.26 0.84 0 0 0 0
0.30 1.12 0.26 0.84 0 0 0 0
0.32 1.14 0.28 0.86 0 0 0 0
0.32 1.14 0.28 0.86 0 0 0 1
0.34 1.16 0.30 0.84 1 1 0 1
0.32 1.14 0.30 0.82 0 1 0 1
0.32 1.12 0.32 0.80 0 0 0 0
0.34 1.12 0.32 0.80 1 1 1 1
0.32 1.10 0.30 0.78 0 0 1 1
0.32 1.10 0.28 0.76 1 0 1 1
0.30 1.12 0.26 0.74 1 1 0 1
0.28 1.10 0.26 0.72 1 0 1 1
0.26 1.10 0.24 0.70 0 0 1 1
0.26 1.12 0.22 0.68 0 0 0 0
0.28 1.12 0.22 0.68 0 0 0 0
0.28 1.14 0.24 0.70 0 0 0 0
0.30 1.14 0.24 0.70 0 0 0 0
0.30 1.16 0.26 0.72 1 1 0 1
0.28 1.14 0.26 0.70 1 1 0 0
0.26 1.12 0.28 0.70 1 1 1 0
0.24 1.10 0.26 0.72 0 0 0 1
0.24 1.10 0.26 0.70 0 0 0 0
0.26 1.12 0.28 0.70 0 1 0 1
0.26 1.10 0.28 0.68 1 0 0 1
0.24 1.10 0.30 0.66 0 0 0 1
0.24 1.12 0.30 0.64 0 1 1 1
0.26 1.10 0.28 0.62 0 0 0 1
0.26 1.10 0.28 0.60 0 1 1 1
0.28 1.08 0.26 0.58 0 0 0 1
0.28 1.08 0.26 0.56 0 0 0 0
0.30 1.10 0.28 0.56 1 1 0 1
0.28 1.08 0.28 0.54 0 0 0 1
0.28 1.08 0.30 0.52 1 1 1 1
0.26 1.06 0.28 0.50 0 1 0 1
0.26 1.04 0.28 0.48 1 1 0 1
0.24 1.02 0.30 0.46 0 1 1 1
0.24 1.00 0.28 0.44 1 1 1 1
0.22 0.98 0.26 0.42 1 1 1 1
0.20 0.96 0.24 0.40 0 0 0 1
0.20 0.96 0.24 0.38 1 1 0 1
0.18 0.94 0.26 0.36 0 1 0 0
0.18 0.92 0.26 0.36 1 1 1 1
0.16 0.90 0.24 0.34 0 1 0 1
0.16 0.88 0.24 0.32 1 1 1 1
0.14 0.86 0.22 0.30 1 1 0 1
0.12 0.84 0.22 0.28 1 1 0 1
0.10 0.82 0.24 0.26 0 1 0 1
0.10 0.80 0.24 0.24 0 1 0 1
0.12 0.78 0.26 0.22 0 0 0 0
0.12 0.78 0.26 0.22 0 1 1 1
0.14 0.76 0.24 0.20 0 1 0 0
0.14 0.74 0.24 0.20 0 1 0 0
0.16 0.72 0.26 0.22 0 0 0 0
0.16 0.72 0.26 0.22 0 1 1 1
0.18 0.70 0.24 0.20 0 0 0 0
0.18 0.70 0.24 0.20 0 0 0 0
0.20 0.72 0.26 0.22 0 0 0 0
0.20 0.72 0.26 0.22 0 0 0 0
0.22 0.74 0.28 0.24 1 0 1 0
0.20 0.74 0.26 0.24 0 0 0 0
0.20 0.76 0.26 0.26 0 0 0 0
0.22 0.76 0.28 0.26 0 0 0 0
0.22 0.78 0.28 0.28 1 1 0 1
0.20 0.76 0.30 0.26 1 1 0 0
0.18 0.74 0.30 0.26 0 0 0 0
0.18 0.74 0.32 0.28 0 0 0 0
0.20 0.76 0.32 0.28 0 0 0 0
