0.14 0.18 0.18 0.22 1 1 1 1
0.12 0.16 0.16 0.20 1 1 1 1
0.10 0.14 0.14 0.18 1 1 1 1
0.08 0.12 0.12 0.16 0 0 1 1
0.08 0.12 0.10 0.14 0 0 0 0
0.10 0.14 0.10 0.14 0 0 0 0
0.10 0.14 0.12 0.16 0 1 1 1
0.12 0.12 0.10 0.14 0 0 0 1
0.12 0.12 0.10 0.12 0 0 0 0
0.14 0.14 0.12 0.12 0 0 0 0
0.14 0.14 0.12 0.14 0 0 0 0
0.16 0.16 0.14 0.14 0 0 0 0
0.16 0.16 0.14 0.16 0 0 0 0
0.18 0.18 0.16 0.16 1 0 0 0
0.16 0.18 0.16 0.18 1 0 1 1
0.14 0.20 0.14 0.16 1 0 1 1
0.12 0.20 0.12 0.14 0 1 0 0
0.12 0.18 0.12 0.14 0 0 0 0
0.14 0.18 0.14 0.16 0 0 0 0
0.14 0.20 0.14 0.16 0 1 0 0
0.16 0.18 0.16 0.18 0 0 0 0
0.16 0.18 0.16 0.18 0 0 0 0
0.18 0.20 0.18 0.20 1 1 1 1
0.16 0.18 0.16 0.18 0 1 0 0
0.16 0.16 0.16 0.18 0 0 0 0
0.18 0.16 0.18 0.20 0 0 0 0
0.18 0.18 0.18 0.20 0 0 0 0
0.20 0.18 0.20 0.22 1 1 0 1
0.18 0.16 0.20 0.20 0 1 1 1
0.18 0.14 0.18 0.18 0 0 1 1
0.20 0.14 0.16 0.16 0 0 0 0
0.20 0.16 0.16 0.16 0 1 1 1
0.22 0.14 0.14 0.14 1 0 0 0
0.20 0.14 0.14 0.14 1 0 0 0
0.18 0.16 0.16 0.16 1 0 0 0
0.16 0.16 0.16 0.16 0 0 0 0
0.16 0.18 0.18 0.18 0 0 0 0
0.18 0.18 0.18 0.18 0 0 0 0
0.18 0.20 0.20 0.20 0 0 1 1
0.20 0.20 0.18 0.18 0 0 0 0
0.20 0.22 0.18 0.18 0 0 0 0
0.22 0.22 0.20 0.20 0 0 0 0
0.22 0.24 0.20 0.20 1 1 0 1
0.20 0.22 0.22 0.18 0 0 0 0
0.20 0.22 0.22 0.18 0 0 0 0
0.22 0.24 0.24 0.20 0 1 1 1
0.22 0.22 0.22 0.18 1 1 1 1
0.20 0.20 0.20 0.16 1 1 1 1
0.18 0.18 0.18 0.14 1 1 1 1
0.16 0.16 0.16 0.12 1 1 1 1
0.14 0.14 0.14 0.10 1 1 1 1
0.12 0.12 0.12 0.08 0 0 0 0
0.12 0.12 0.12 0.08 0 0 0 0
0.14 0.14 0.14 0.10 0 0 0 0
0.14 0.14 0.14 0.10 0 0 0 0
0.16 0.16 0.16 0.12 0 0 0 0
0.16 0.16 0.16 0.12 0 0 0 0
0.18 0.18 0.18 0.14 0 0 0 0
0.18 0.18 0.18 0.14 0 0 0 0
0.20 0.20 0.20 0.16 0 0 0 0
0.20 0.20 0.20 0.16 0 0 0 0
0.22 0.22 0.22 0.18 1 1 1 1
0.20 0.20 0.20 0.16 0 0 0 0
0.20 0.20 0.20 0.16 0 0 0 0
0.22 0.22 0.22 0.18 1 1 1 1
0.20 0.20 0.20 0.16 1 1 1 1
0.18 0.18 0.18 0.14 1 1 1 1
0.16 0.16 0.16 0.12 1 1 1 1
0.14 0.14 0.14 0.10 1 1 0 0
0.12 0.12 0.14 0.10 0 0 0 0
0.12 0.12 0.16 0.12 0 0 0 0
0.14 0.14 0.16 0.12 1 0 1 0
0.12 0.14 0.14 0.14 1 1 1 1
0.10 0.12 0.12 0.12 0 0 0 0
0.10 0.12 0.12 0.12 0 0 0 0
0.12 0.14 0.14 0.14 0 0 0 0
0.12 0.14 0.14 0.14 0 0 0 0
0.14 0.16 0.16 0.16 0 0 0 0
0.14 0.16 0.16 0.16 0 0 0 0
0.16 0.18 0.18 0.18 1 1 0 0
0.14 0.16 0.18 0.18 0 0 0 0
0.14 0.16 0.20 0.20 0 0 1 1
0.16 0.18 0.18 0.18 0 0 0 0
0.16 0.18 0.18 0.18 1 1 1 1
0.14 0.16 0.16 0.16 1 1 1 1
0.12 0.14 0.14 0.14 0 1 0 0
0.12 0.12 0.14 0.14 0 0 0 0
0.14 0.12 0.16 0.16 0 0 0 0
0.14 0.14 0.16 0.16 0 0 0 0
0.16 0.14 0.18 0.18 0 0 1 1
0.16 0.16 0.16 0.16 0 1 0 0
0.18 0.14 0.16 0.16 1 0 1 1
0.16 0.14 0.14 0.14 0 0 0 0
0.16 0.16 0.14 0.14 1 1 1 1
0.14 0.14 0.12 0.12 0 0 0 0
0.14 0.14 0.12 0.12 0 0 0 0
0.16 0.16 0.14 0.14 0 1 0 0
0.16 0.14 0.14 0.14 0 0 0 0
0.18 0.14 0.16 0.16 1 1 1 1
0.16 0.12 0.14 0.14 0 0 0 0
0.16 0.12 0.14 0.14 0 0 0 0
0.18 0.14 0.16 0.16 0 0 0 0
0.18 0.14 0.16 0.16 0 0 0 0
0.20 0.16 0.18 0.18 0 0 0 0
0.20 0.16 0.18 0.18 1 1 0 0
0.18 0.14 0.20 0.20 1 1 1 1
0.16 0.12 0.18 0.18 0 0 0 0
0.16 0.12 0.18 0.18 0 0 0 0
0.18 0.14 0.20 0.20 1 0 1 1
0.16 0.14 0.18 0.18 0 0 0 0
0.16 0.16 0.18 0.18 0 0 0 0
0.18 0.16 0.20 0.20 1 0 1 1
0.16 0.18 0.18 0.18 1 1 0 0
0.14 0.16 0.18 0.18 1 0 1 1
0.12 0.16 0.16 0.16 1 0 1 1
0.10 0.18 0.14 0.14 0 1 0 0
0.10 0.16 0.14 0.14 0 0 0 0
0.12 0.16 0.16 0.16 0 0 0 0
0.12 0.18 0.16 0.16 0 1 0 0
0.14 0.16 0.18 0.18 0 0 0 0
0.14 0.16 0.18 0.18 0 1 0 0
0.16 0.14 0.20 0.20 0 0 0 0
0.16 0.14 0.20 0.20 0 0 0 0
0.18 0.16 0.22 0.22 0 0 0 0
0.18 0.16 0.22 0.22 0 0 0 0
0.20 0.18 0.24 0.24 0 0 0 0
0.20 0.18 0.24 0.24 1 0 1 1
0.18 0.20 0.22 0.22 1 1 1 1
0.16 0.18 0.20 0.20 1 1 1 1
0.14 0.16 0.18 0.18 1 1 1 1
0.12 0.14 0.16 0.16 1 1 1 1
0.10 0.12 0.14 0.14 0 0 0 0
0.10 0.12 0.14 0.14 0 0 0 0
0.12 0.14 0.16 0.16 1 1 0 0
0.10 0.12 0.16 0.16 0 0 0 0
0.10 0.12 0.18 0.18 0 0 0 0
0.12 0.14 0.18 0.18 0 0 1 1
0.12 0.14 0.16 0.16 0 0 1 1
0.14 0.16 0.14 0.14 0 0 0 0
0.14 0.16 0.14 0.14 0 0 0 0
0.16 0.18 0.16 0.16 1 1 1 1
0.14 0.16 0.14 0.14 0 0 0 0
0.14 0.16 0.14 0.14 0 0 1 1
0.16 0.18 0.12 0.12 1 1 1 1
0.14 0.16 0.10 0.10 1 1 0 0
0.12 0.14 0.10 0.10 1 1 1 1
0.10 0.12 0.08 0.08 0 0 0 0
0.10 0.12 0.08 0.08 0 0 0 0
0.12 0.14 0.10 0.10 1 1 1 1
0.10 0.12 0.08 0.08 0 0 0 0
0.10 0.12 0.08 0.08 0 0 0 0
0.12 0.14 0.10 0.10 0 0 0 0
0.12 0.14 0.10 0.10 0 0 0 0
0.14 0.16 0.12 0.12 1 1 1 1
0.12 0.14 0.10 0.10 0 0 0 0
0.12 0.14 0.10 0.10 0 0 0 0
0.14 0.16 0.12 0.12 1 1 1 1
0.12 0.14 0.10 0.10 0 0 0 0
0.12 0.14 0.10 0.10 0 0 0 0
0.14 0.16 0.12 0.12 1 1 0 0
0.12 0.14 0.12 0.12 0 0 0 0
0.12 0.14 0.14 0.14 0 0 0 0
0.14 0.16 0.14 0.14 0 0 1 1
0.14 0.16 0.12 0.12 0 0 0 0
0.16 0.18 0.12 0.12 0 0 0 0
0.16 0.18 0.14 0.14 1 1 0 0
0.14 0.16 0.14 0.14 1 1 0 1
0.12 0.14 0.16 0.12 1 1 0 0
0.10 0.12 0.16 0.12 0 0 1 1
0.10 0.12 0.14 0.10 0 0 0 0
0.12 0.14 0.14 0.10 0 0 1 1
0.12 0.14 0.12 0.08 1 1 1 0
0.10 0.12 0.10 0.08 0 0 0 0
0.10 0.12 0.10 0.10 0 0 0 0
0.12 0.14 0.12 0.10 0 0 0 0
0.12 0.14 0.12 0.12 0 0 0 0
0.14 0.16 0.14 0.12 1 1 0 1
0.12 0.14 0.14 0.10 0 0 0 0
0.12 0.14 0.16 0.10 0 0 1 0
0.14 0.16 0.14 0.12 0 0 0 0
0.14 0.16 0.14 0.12 0 0 0 0
0.16 0.18 0.16 0.14 1 1 1 1
0.14 0.16 0.14 0.12 1 1 1 1
0.12 0.14 0.12 0.10 1 1 1 1
0.10 0.12 0.10 0.08 0 0 0 0
0.10 0.12 0.10 0.08 0 0 0 0
0.12 0.14 0.12 0.10 0 0 0 0
0.12 0.14 0.12 0.10 0 0 0 0
0.14 0.16 0.14 0.12 0 1 1 1
0.14 0.14 0.12 0.10 0 0 0 0
0.16 0.14 0.12 0.10 0 0 0 0
0.16 0.16 0.14 0.12 1 1 1 1
0.14 0.14 0.12 0.10 0 0 0 0
0.14 0.14 0.12 0.10 0 0 0 0
0.16 0.16 0.14 0.12 1 1 1 1
0.14 0.14 0.12 0.10 0 0 0 0
0.14 0.14 0.12 0.10 0 0 0 0
0.16 0.16 0.14 0.12 0 0 0 0
0.16 0.16 0.14 0.12 0 0 0 0
0.18 0.18 0.16 0.14 1 1 1 1
0.16 0.16 0.14 0.12 0 0 0 0
0.16 0.16 0.14 0.12 1 1 1 1
0.14 0.14 0.12 0.10 0 0 0 0
0.14 0.14 0.12 0.10 1 1 1 1
0.12 0.12 0.10 0.08 0 0 0 0
0.12 0.12 0.10 0.08 0 0 0 0
0.14 0.14 0.12 0.10 0 0 0 0
0.14 0.14 0.12 0.10 0 0 0 0
0.16 0.16 0.14 0.12 0 0 0 0
0.16 0.16 0.14 0.12 0 0 0 0
0.18 0.18 0.16 0.14 1 1 1 1
0.16 0.16 0.14 0.12 1 1 1 1
0.14 0.14 0.12 0.10 1 1 1 1
0.12 0.12 0.10 0.08 0 0 0 0
0.12 0.12 0.10 0.08 0 0 0 0
0.14 0.14 0.12 0.10 0 0 0 0
0.14 0.14 0.12 0.10 0 0 0 0
0.16 0.16 0.14 0.12 0 0 0 0
0.16 0.16 0.14 0.12 0 0 0 0
0.18 0.18 0.16 0.14 0 0 0 0
0.18 0.18 0.16 0.14 0 0 0 0
0.20 0.20 0.18 0.16 1 1 1 1
0.18 0.18 0.16 0.14 0 0 0 0
0.18 0.18 0.16 0.14 1 1 1 1
0.16 0.16 0.14 0.12 1 1 1 1
0.14 0.14 0.12 0.10 0 0 0 0
0.14 0.14 0.12 0.10 0 0 0 0
0.16 0.16 0.14 0.12 1 1 0 0
0.14 0.14 0.14 0.12 0 0 0 0
0.14 0.14 0.16 0.14 1 1 1 1
0.12 0.12 0.14 0.12 0 0 0 0
0.12 0.12 0.14 0.12 0 0 0 0
0.14 0.14 0.16 0.14 0 0 1 1
0.14 0.14 0.14 0.12 0 0 0 0
0.16 0.16 0.14 0.12 1 1 0 0
0.14 0.14 0.16 0.14 0 0 0 0
0.14 0.14 0.16 0.14 0 0 0 0
0.16 0.16 0.18 0.16 1 1 1 1
0.14 0.14 0.16 0.14 1 1 1 1
0.12 0.12 0.14 0.12 1 1 1 1
0.10 0.10 0.12 0.10 0 0 0 0
0.10 0.10 0.12 0.10 1 1 1 0
0.08 0.08 0.10 0.12 0 0 0 0
0.08 0.08 0.10 0.12 0 0 0 0
0.10 0.10 0.12 0.14 0 0 0 0
0.10 0.10 0.12 0.14 0 0 0 0
0.12 0.12 0.14 0.16 0 0 0 1
0.12 0.12 0.14 0.14 0 0 0 0
0.14 0.14 0.16 0.14 0 0 0 0
0.14 0.14 0.16 0.16 0 0 0 1
0.16 0.16 0.18 0.14 0 0 0 0
0.16 0.16 0.18 0.14 0 0 0 0
0.18 0.18 0.20 0.16 0 0 0 0
0.18 0.18 0.20 0.16 1 1 1 1
0.16 0.16 0.18 0.14 1 1 1 1
0.14 0.14 0.16 0.12 1 1 1 1
0.12 0.12 0.14 0.10 1 1 0 0
0.10 0.10 0.14 0.10 1 1 1 0
0.08 0.08 0.12 0.12 0 0 0 0
0.08 0.08 0.12 0.12 0 0 0 0
0.10 0.10 0.14 0.14 0 0 0 0
0.10 0.10 0.14 0.14 0 0 0 0
0.12 0.12 0.16 0.16 0 0 0 0
0.12 0.12 0.16 0.16 0 0 0 1
0.14 0.14 0.18 0.14 0 0 1 1
0.14 0.14 0.16 0.12 0 0 0 0
0.16 0.16 0.16 0.12 0 0 0 0
0.16 0.16 0.18 0.14 1 1 1 0
0.14 0.14 0.16 0.14 1 1 1 0
0.12 0.12 0.14 0.16 1 1 1 1
0.10 0.10 0.12 0.14 0 0 0 0
0.10 0.10 0.12 0.14 0 0 0 0
0.12 0.12 0.14 0.16 0 0 0 1
0.12 0.12 0.14 0.14 0 0 0 0
0.14 0.14 0.16 0.14 0 0 0 0
0.14 0.14 0.16 0.16 0 1 1 1
0.16 0.12 0.14 0.14 0 0 0 0
0.16 0.12 0.14 0.14 0 0 0 0
0.18 0.14 0.16 0.16 0 0 0 0
0.18 0.14 0.16 0.16 1 1 1 1
0.16 0.12 0.14 0.14 1 1 1 1
0.14 0.10 0.12 0.12 0 0 0 0
0.14 0.10 0.12 0.12 0 0 0 0
0.16 0.12 0.14 0.14 0 0 0 0
0.16 0.12 0.14 0.14 0 0 0 0
0.18 0.14 0.16 0.16 1 1 0 0
0.16 0.12 0.16 0.16 1 1 1 1
0.14 0.10 0.14 0.14 0 0 0 0
0.14 0.10 0.14 0.14 0 0 0 0
0.16 0.12 0.16 0.16 1 1 1 1
0.14 0.10 0.14 0.14 1 1 1 1
0.12 0.08 0.12 0.12 1 1 1 0
0.10 0.06 0.10 0.12 0 0 0 0
0.10 0.06 0.10 0.14 0 0 0 0
0.12 0.08 0.12 0.14 1 1 1 1
0.10 0.06 0.10 0.12 0 0 0 0
0.10 0.06 0.10 0.12 0 0 0 0
0.12 0.08 0.12 0.14 0 0 0 0
0.12 0.08 0.12 0.14 0 0 0 0
0.14 0.10 0.14 0.16 0 0 1 1
0.14 0.10 0.12 0.14 0 0 0 0
0.16 0.12 0.12 0.14 0 0 0 0
0.16 0.12 0.14 0.16 0 0 0 1
0.18 0.14 0.14 0.14 0 0 0 0
0.18 0.14 0.16 0.14 1 0 1 0
0.16 0.16 0.14 0.16 1 0 1 1
0.14 0.16 0.12 0.14 1 1 0 0
0.12 0.14 0.12 0.14 1 1 1 1
0.10 0.12 0.10 0.12 0 0 0 0
0.10 0.12 0.10 0.12 0 0 0 0
0.12 0.14 0.12 0.14 0 0 0 0
0.12 0.14 0.12 0.14 0 0 0 0
0.14 0.16 0.14 0.16 0 0 0 0
0.14 0.16 0.14 0.16 0 1 0 1
0.16 0.14 0.16 0.14 1 0 0 0
0.14 0.14 0.16 0.14 0 0 0 0
0.14 0.16 0.18 0.16 1 1 1 1
0.12 0.14 0.16 0.14 0 0 1 0
0.12 0.14 0.14 0.14 0 0 0 0
0.14 0.16 0.14 0.16 1 1 0 0
0.12 0.14 0.16 0.16 0 0 0 0
0.12 0.14 0.16 0.18 0 0 0 0
0.14 0.16 0.18 0.18 0 1 1 0
0.14 0.14 0.16 0.20 0 0 0 0
0.16 0.14 0.16 0.20 0 0 0 0
0.16 0.16 0.18 0.22 1 1 0 0
0.14 0.14 0.18 0.22 1 0 1 0
0.12 0.14 0.16 0.24 0 0 1 1
0.12 0.16 0.14 0.22 0 1 1 0
0.14 0.14 0.12 0.22 0 0 0 1
0.14 0.14 0.12 0.20 0 0 0 1
0.16 0.16 0.14 0.18 1 1 1 1
0.14 0.14 0.12 0.16 1 1 1 1
0.12 0.12 0.10 0.14 1 1 1 1
0.10 0.10 0.08 0.12 1 1 1 1
0.08 0.08 0.06 0.10 0 0 0 0
0.08 0.08 0.06 0.10 0 0 0 0
0.10 0.10 0.08 0.12 0 0 0 0
0.10 0.10 0.08 0.12 0 0 0 0
0.12 0.12 0.10 0.14 0 0 0 0
0.12 0.12 0.10 0.14 1 1 1 1
0.10 0.10 0.08 0.12 0 0 0 0
0.10 0.10 0.08 0.12 0 0 0 0
0.12 0.12 0.10 0.14 0 0 0 0
0.12 0.12 0.10 0.14 0 0 0 0
0.14 0.14 0.12 0.16 0 0 0 0
0.14 0.14 0.12 0.16 0 0 0 0
0.16 0.16 0.14 0.18 0 0 0 1
0.16 0.16 0.14 0.16 1 1 1 1
0.14 0.14 0.12 0.14 1 1 1 1
