  1 2 2 2 1   0 1
  2 2 3 2 1   0 1
  3 2 4 1 2   0 1
  4 3 6 2 1   4 0
  5 3 6 2 1   4 0
  6 3 3 1 2   0 1
  7 5 6 1 2   7 0
  8 1 7 1 2   0 1
  9 2 6 2 1   0 1
 10 4 7 2 1   7 0
 11 4 7 1 2   0 1
 12 5 6 1 2   0 1
 13 1 2 2 1   0 1
 14 3 3 2 1  -5 0
 15 4 1 1 2   0 1
 16 3 3 2 1   0 1
 17 1 3 1 2   0 1
 18 4 7 1 2   0 1
 19 3 6 2 1   0 1
 20 2 1 1 2  -9 0
 21 5 1 2 1   0 1
 22 4 3 2 1  -5 0
 23 5 3 1 2   0 1
 24 3 4 1 2   0 1
 25 2 3 1 2   0 1
 26 2 2 1 2   0 1
 27 5 3 2 1   0 1
 28 1 7 2 1   0 1
 29 1 3 1 2   0 1
 30 3 3 1 2   0 1
 31 3 1 2 1   0 1
 32 1 1 1 2   0 1
 33 3 3 1 2   0 1
 34 2 4 2 1  -5 0
 35 4 6 2 1   0 1
 36 3 3 2 1  -6 0
 37 3 2 2 1   0 1
 38 4 5 1 2   0 1
 39 5 6 1 2   7 0
 40 4 4 1 2  -4 0
 41 5 6 2 1   8 0
 42 1 4 1 2   0 1
 43 5 2 2 1   0 1
 44 1 1 1 2   0 1
 45 5 3 2 1  -5 0
 46 5 5 2 1  -2 0
 47 2 5 1 2   0 1
 48 2 1 2 1   0 1
 49 3 4 1 2   0 1
 50 3 3 2 1   0 1
 51 3 1 2 1  -7 0
 52 1 5 2 1   0 1
 53 5 7 1 2   0 1
 54 1 4 2 1   0 1
 55 2 3 1 2  -7 0
 56 4 5 2 1  -4 0
 57 2 3 1 2   0 1
 58 4 5 2 1   0 1
 59 1 7 1 2   0 1
 60 4 5 1 2   0 1
 61 1 7 2 1   4 0
 62 2 4 1 2   0 1
 63 1 3 1 2   0 1
 64 4 6 2 1   0 1
 65 2 7 1 2   0 1
 66 4 1 2 1   0 1
 67 5 3 2 1  -6 0
 68 5 4 1 2   0 1
 69 1 5 2 1   0 1
 70 4 7 1 2   0 1
 71 5 2 2 1   0 1
 72 2 5 1 2   0 1
 73 2 4 1 2   0 1
 74 3 2 1 2   0 1
 75 3 5 1 2   0 1
 76 3 6 1 2   0 1
 77 3 5 2 1   0 1
 78 3 4 2 1   0 1
 79 3 5 2 1   0 1
 80 1 1 2 1   0 1
 81 2 6 1 2   0 1
 82 5 4 2 1   0 1
 83 1 3 2 1   0 1
 84 1 7 2 1   6 0
 85 4 1 1 2   0 1
 86 2 5 2 1   0 1
 87 5 6 2 1   0 1
 88 4 4 2 1  -9 0
 89 4 1 2 1 -10 0
 90 4 2 2 1  -4 0
 91 4 3 2 1   0 1
 92 3 4 1 2   0 1
 93 5 1 2 1   0 1
 94 4 1 1 2   0 1
 95 4 4 2 1   0 1
 96 2 4 2 1   0 1
 97 2 7 2 1   7 0
 98 4 7 1 2   0 1
 99 1 2 2 1   0 1
100 1 6 2 1   0 1
101 4 2 1 2   0 1
102 1 5 2 1   0 1
103 1 3 1 2   0 1
104 5 1 1 2   0 1
105 2 5 2 1   0 1
106 5 4 2 1   0 1
107 4 3 2 1   0 1
108 2 7 2 1   0 1
109 2 1 2 1   0 1
110 4 4 1 2   0 1
111 4 6 1 2   0 1
112 1 2 1 2   0 1
113 3 4 2 1   0 1
114 1 5 2 1   0 1
115 1 5 1 2  -1 0
116 1 5 1 2   0 1
117 2 3 1 2  -4 0
118 5 3 1 2   0 1
119 1 7 1 2   0 1
120 5 3 1 2  -7 0
121 2 2 2 1  -9 0
122 1 7 1 2   0 1
123 5 5 1 2   0 1
124 2 4 2 1  -4 0
125 3 5 1 2   0 1
126 1 2 2 1   0 1
127 4 6 2 1   0 1
128 5 5 2 1   0 1
129 1 6 2 1   0 1
130 5 5 1 2   0 1
131 1 3 2 1  -4 0
132 5 7 2 1   0 1
133 5 2 1 2   0 1
134 1 4 2 1  -4 0
135 4 5 2 1   0 1
136 2 7 1 2   0 1
137 2 7 2 1   0 1
138 2 2 2 1  -4 0
139 3 5 2 1   0 1
140 1 4 2 1   0 1
141 4 4 2 1   0 1
142 3 2 2 1   0 1
143 2 7 1 2   0 1
144 3 3 2 1  -4 0
145 1 6 1 2   0 1
146 3 2 1 2   0 1
147 5 7 1 2   0 1
148 1 3 2 1   0 1
149 4 3 2 1   0 1
150 4 3 1 2   0 1
151 3 5 1 2   0 1
152 2 7 2 1   0 0
153 5 2 2 1   0 1
154 1 1 2 1   0 1
155 5 6 1 2   4 0
156 3 6 1 2   0 1
157 1 2 2 1  -4 0
158 3 4 1 2   0 1
159 3 1 1 2   0 1
160 5 6 2 1   0 1
161 5 1 1 2  -6 0
162 5 7 1 2   0 1
163 3 1 1 2   0 1
164 5 4 2 1  -6 0
165 4 7 2 1   0 1
166 5 4 1 2  -9 0
167 3 2 1 2   0 1
168 3 1 1 2   0 1
169 1 6 2 1   0 1
170 4 3 1 2  -6 0
171 4 1 2 1   0 1
172 3 7 1 2   0 1
173 2 1 2 1  -4 0
174 5 1 2 1   0 1
175 2 2 2 1   0 1
176 1 4 1 2   0 1
177 1 2 1 2   0 1
178 2 6 1 2   0 1
179 2 6 2 1   0 1
180 5 2 1 2  -7 0
181 4 3 1 2   0 1
182 1 7 1 2   0 1
183 5 6 2 1   0 1
184 3 6 1 2   3 0
185 2 5 1 2   0 1
186 2 2 2 1  -2 0
187 5 2 1 2   0 1
188 2 2 1 2   0 1
189 5 4 2 1   0 1
190 1 3 1 2   0 1
191 5 6 2 1   0 1
192 3 7 2 1   0 1
193 5 3 1 2   0 1
194 1 7 2 1   0 1
195 1 2 2 1   0 1
196 4 2 2 1   0 1
197 5 5 1 2  -4 0
198 2 3 2 1   0 1
199 4 6 1 2   0 1
200 4 4 2 1   0 1
201 2 2 1 2   0 1
202 3 6 2 1   6 0
203 2 2 1 2   0 1
204 3 6 1 2   0 1
205 3 2 2 1   3 0
206 3 5 2 1   0 1
207 4 4 1 2   0 1
208 5 5 2 1  -4 0
209 1 4 1 2   0 1
210 2 1 1 2   0 1
211 3 1 2 1   0 1
212 4 1 2 1   0 1
213 5 3 2 1   0 1
214 3 7 2 1   0 1
215 2 3 2 1   0 1
216 4 7 2 1   0 1
217 3 4 1 2   0 1
218 2 6 2 1   0 1
219 1 6 1 2   0 1
220 4 5 1 2  -8 0
221 3 7 1 2   3 0
222 5 2 1 2   0 1
223 3 1 2 1   0 1
224 3 6 2 1   5 0
225 4 2 1 2   0 1
226 5 4 1 2   0 1
227 4 2 2 1   0 1
228 3 7 2 1   4 0
229 2 5 2 1  -3 0
230 4 5 2 1   0 1
231 2 4 1 2   0 1
232 1 6 2 1   0 1
233 5 1 1 2   0 1
234 1 4 1 2   0 1
235 2 5 2 1   0 1
236 2 6 1 2   0 1
237 4 7 2 1   0 1
238 1 4 2 1   0 1
239 1 5 2 1  -3 0
240 2 1 2 1   0 1
241 4 6 1 2   0 1
242 1 4 2 1  -4 0
243 3 1 1 2   0 1
244 4 4 2 1   0 1
245 5 3 2 1   0 1
246 4 2 2 1  -3 0
247 3 7 1 2   0 1
248 2 4 1 2   0 1
249 1 5 1 2   0 1
250 1 2 1 2   0 1
251 2 5 1 2   0 1
252 5 4 1 2   0 1
253 1 6 1 2   0 1
254 2 1 1 2   0 1
255 3 3 1 2   0 1
256 4 5 1 2   0 1
257 3 4 2 1   0 1
258 1 3 2 1   0 1
259 4 2 1 2   0 1
260 2 1 1 2   0 1
261 1 5 1 2   0 1
262 2 6 1 2   0 1
263 2 5 1 2   0 1
264 4 6 2 1   0 1
265 4 7 2 1   7 0
266 2 7 1 2   7 0
267 4 1 2 1  -5 0
268 4 5 1 2   0 1
269 4 6 1 2   0 1
270 1 1 1 2   0 1
271 1 1 1 2   0 1
272 4 3 1 2   0 1
273 3 7 2 1   0 1
274 2 1 2 1  -6 0
275 4 4 1 2   0 1
276 1 2 1 2   0 1
277 1 5 1 2   0 1
278 5 7 1 2   7 0
279 5 7 1 2   7 0
280 5 7 2 1   0 1
281 1 6 1 2   0 1
282 4 7 1 2   5 0
283 5 2 2 1   0 1
284 5 5 2 1   3 0
285 3 4 2 1  -5 0
286 3 5 2 1  -4 0
287 5 1 2 1   0 1
288 1 4 1 2   0 1
289 2 5 2 1   0 1
290 5 4 1 2   0 1
291 2 3 1 2   0 1
292 1 1 2 1   0 1
293 1 6 1 2   0 1
294 2 4 2 1   0 1
295 2 1 1 2   0 1
296 5 7 2 1   0 1
297 2 3 2 1  -2 0
298 3 7 2 1   7 0
299 2 6 1 2   4 0
300 2 6 2 1   7 0
301 4 6 1 2   0 1
302 3 5 1 2   0 1
303 3 7 1 2   0 1
304 5 7 2 1   0 1
305 5 4 2 1  -4 0
306 1 6 2 1   0 1
307 3 2 1 2   0 1
308 5 5 2 1   0 1
309 3 7 1 2   0 1
310 3 2 2 1   0 1
311 1 2 1 2   0 1
312 3 4 2 1   0 1
313 4 2 1 2  -3 0
314 2 2 1 2   0 1
315 2 4 2 1   0 1
316 3 5 1 2   0 1
317 5 5 1 2   0 1
318 5 7 2 1   0 1
319 1 7 2 1   0 1
320 1 1 1 2   0 1
321 3 1 1 2   0 1
322 2 6 2 1   0 1
323 4 1 1 2   0 1
324 5 1 2 1   0 1
325 4 2 1 2   0 1
326 1 3 2 1   0 1
327 5 5 1 2   0 1
328 2 7 1 2   0 1
329 5 3 1 2   0 1
330 2 3 2 1   0 1
331 1 1 2 1   0 1
332 3 3 1 2  -6 0
333 2 7 2 1   0 1
334 4 1 1 2   0 1
335 4 3 2 1   0 1
336 4 2 2 1  -5 0
337 3 2 1 2   0 1
338 4 3 1 2  -6 0
339 3 1 2 1  -4 0
340 4 6 2 1   6 0
341 5 1 1 2  -6 0
342 5 6 1 2   0 1
343 3 2 2 1  -4 0
344 4 4 1 2  -8 0
345 5 2 1 2  -4 0
346 1 1 2 1   0 1
347 3 6 1 2   0 1
348 5 2 2 1  -3 0
349 4 5 2 1  -1 0
350 5 1 1 2  -7 0
