  1 5 3 2 1  -5 0
  2 1 3 1 2  -5 0
  3 4 3 2 1  -7 0
  4 4 1 1 2 -10 0
  5 1 5 2 1   3 0
  6 1 7 1 2   7 0
  7 3 2 1 2   0 1
  8 5 4 1 2   0 1
  9 4 1 1 2   0 1
 10 3 1 2 1 -10 0
 11 1 2 2 1  -8 0
 12 2 1 2 1   0 1
 13 4 7 1 2   0 0
 14 5 4 2 1  -2 0
 15 1 6 2 1   3 0
 16 2 3 1 2   0 1
 17 3 6 1 2   0 1
 18 3 7 2 1   0 1
 19 2 5 1 2   5 0
 20 4 3 1 2  -3 0
 21 1 3 1 2   0 1
 22 2 7 2 1   0 1
 23 4 7 2 1   0 1
 24 1 7 2 1  -4 0
 25 3 5 1 2   0 1
 26 1 3 2 1   0 0
 27 3 2 2 1  -1 0
 28 2 1 1 2  -6 0
 29 2 3 2 1  -3 0
 30 2 2 1 2   0 1
 31 2 4 1 2  -5 0
 32 1 5 1 2   0 1
 33 5 6 2 1   0 1
 34 5 7 2 1   0 1
 35 1 2 1 2   0 1
 36 5 4 1 2   0 1
 37 3 5 2 1   0 1
 38 1 2 1 2   0 1
 39 4 2 2 1   0 1
 40 5 3 1 2   0 1
 41 1 5 1 2   4 0
 42 4 7 2 1   7 0
 43 2 4 2 1  -3 0
 44 4 4 2 1  -3 0
 45 1 4 1 2  -4 0
 46 1 5 2 1   2 0
 47 3 3 1 2  -3 0
 48 2 5 2 1   4 0
 49 2 7 1 2   8 0
 50 5 6 1 2   7 0
 51 2 5 1 2  10 0
 52 1 2 1 2   0 1
 53 1 6 1 2   0 1
 54 2 1 1 2   0 1
 55 3 1 1 2   0 1
 56 5 7 2 1  10 0
 57 4 3 2 1  -1 0
 58 5 2 2 1  -5 0
 59 5 1 1 2 -10 0
 60 1 6 1 2   0 1
 61 4 4 1 2   0 1
 62 1 4 1 2   0 1
 63 2 3 2 1   0 1
 64 5 4 1 2  -2 0
 65 1 5 1 2   3 0
 66 1 2 1 2   0 1
 67 3 3 1 2  -6 0
 68 4 1 2 1 -10 0
 69 1 1 1 2   0 1
 70 1 1 1 2   0 1
 71 3 3 2 1  -4 0
 72 2 7 2 1   7 0
 73 4 3 2 1  -3 0
 74 5 4 2 1  -6 0
 75 5 3 2 1  -6 0
 76 5 4 2 1  -6 0
 77 2 6 2 1   0 1
 78 1 1 1 2   0 1
 79 2 6 2 1   6 0
 80 5 3 1 2 -10 0
 81 1 6 2 1   6 0
 82 2 2 1 2   0 1
 83 5 4 1 2   0 1
 84 3 7 1 2   8 0
 85 5 1 1 2   0 1
 86 3 7 1 2  10 0
 87 1 5 2 1   0 1
 88 3 7 1 2   0 1
 89 1 2 1 2   0 1
 90 4 6 2 1   5 0
 91 3 7 2 1   7 0
 92 2 7 2 1   0 1
 93 5 3 1 2   0 1
 94 3 2 1 2   0 1
 95 2 2 2 1  -7 0
 96 3 4 2 1  -5 0
 97 4 4 2 1  -6 0
 98 3 6 1 2   0 1
 99 3 5 2 1   4 0
100 4 4 2 1   0 1
101 4 6 1 2   8 0
102 1 7 2 1  10 0
103 3 1 1 2  -7 0
104 1 4 2 1  -2 0
105 3 5 1 2   0 1
106 5 1 1 2 -10 0
107 1 1 2 1  -8 0
108 1 3 1 2   0 1
109 4 7 2 1   0 1
110 3 4 2 1   0 1
111 2 4 2 1  -3 0
112 1 6 2 1   3 0
113 4 7 1 2   8 0
114 3 6 1 2   5 0
115 4 2 1 2   0 1
116 5 1 2 1  -6 0
117 4 5 2 1   2 0
118 1 7 1 2   0 1
119 1 3 2 1   0 1
120 5 5 2 1   0 1
121 4 2 1 2   0 1
122 2 6 1 2   0 1
123 2 6 1 2   0 1
124 4 1 1 2   0 1
125 4 6 2 1   0 1
126 1 4 1 2   0 1
127 2 2 2 1   0 1
128 5 4 2 1   0 1
129 4 1 1 2   0 1
130 2 2 1 2   0 1
131 1 6 1 2   0 1
132 5 5 1 2   0 1
133 5 2 2 1   0 1
134 2 3 1 2   0 1
135 2 6 2 1   0 1
136 1 3 2 1   0 1
137 4 5 2 1   0 1
138 5 3 1 2   0 1
139 5 5 1 2   0 1
140 3 1 1 2 -10 0
141 2 2 2 1  -8 0
142 1 5 2 1   5 0
143 1 6 2 1   3 0
144 5 5 2 1   2 0
145 2 7 2 1   7 0
146 1 1 1 2  -5 0
147 5 6 1 2   5 0
148 3 2 2 1  -3 0
149 4 3 1 2  -5 0
150 2 4 2 1  -1 0
151 3 5 1 2   3 0
152 2 2 2 1  -2 0
153 3 6 2 1   7 0
154 1 7 2 1   0 1
155 2 1 1 2 -10 0
156 2 3 2 1  -3 0
157 3 7 1 2  10 0
158 3 7 2 1  10 0
159 1 6 1 2   7 0
160 5 4 1 2  -8 0
161 3 6 1 2   0 1
162 4 6 1 2  10 0
163 3 1 2 1  -4 0
164 1 1 2 1  -7 0
165 2 4 1 2   0 1
166 3 3 2 1  -4 0
167 3 1 2 1  -6 0
168 2 7 1 2   0 1
169 2 3 1 2  -3 0
170 3 1 1 2   0 1
171 5 3 2 1  -4 0
172 1 2 2 1  -2 0
173 5 3 2 1  -4 0
174 2 7 2 1   4 0
175 3 6 2 1   6 0
176 1 1 1 2   0 1
177 3 5 2 1   6 0
178 3 5 2 1   0 1
179 1 4 2 1  -2 0
180 4 5 2 1   2 0
181 5 6 2 1   5 0
182 5 7 1 2  10 0
183 5 3 2 1  -3 0
184 4 6 2 1   5 0
185 5 5 2 1   0 1
186 1 5 2 1   2 0
187 1 6 1 2   0 1
188 3 1 2 1  -7 0
189 5 5 1 2   0 1
190 2 1 2 1  -8 0
191 2 3 1 2   0 1
192 4 5 1 2   0 1
193 2 4 1 2   0 1
194 3 3 2 1  -4 0
195 4 4 1 2  -8 0
196 5 5 2 1   0 1
197 4 1 2 1   0 1
198 2 1 2 1  -9 0
199 4 2 1 2   0 1
200 2 2 2 1   0 1
201 3 2 2 1  -8 0
202 1 5 1 2   0 1
203 4 4 1 2   0 1
204 5 7 1 2   7 0
205 2 5 1 2   0 1
206 5 5 2 1   2 0
207 3 4 1 2   0 1
208 5 6 1 2   0 1
209 5 2 2 1  -4 0
210 1 7 2 1   0 1
211 4 5 2 1   2 0
212 2 4 2 1  -2 0
213 4 7 1 2   5 0
214 3 1 2 1  -7 0
215 2 5 2 1   2 0
216 3 7 2 1   8 0
217 4 7 2 1   8 0
218 3 7 1 2   0 1
219 3 3 2 1   0 1
220 4 3 2 1   0 1
221 3 4 2 1  -3 0
222 3 6 1 2   0 1
223 2 5 2 1   2 0
224 2 5 1 2   0 1
225 2 1 2 1 -10 0
226 5 2 1 2   0 1
227 2 7 1 2   7 0
228 1 7 1 2   0 1
229 1 1 2 1  -7 0
230 5 6 2 1   6 0
231 4 1 1 2 -10 0
232 3 3 2 1  -2 0
233 2 6 1 2   4 0
234 3 5 1 2   0 0
235 5 1 1 2  -5 0
236 4 2 2 1  -6 0
237 5 1 2 1  -6 0
238 4 3 1 2   0 1
239 4 5 1 2   0 1
240 3 2 2 1  -6 0
241 2 7 1 2   7 0
242 3 6 2 1   8 0
243 5 7 2 1   8 0
244 4 6 2 1   5 0
245 5 5 1 2   2 0
246 1 3 1 2   0 1
247 1 5 1 2   0 1
248 3 4 1 2   0 1
249 3 5 2 1   2 0
250 3 2 1 2  -6 0
251 3 1 1 2  -8 0
252 4 4 1 2  -4 0
253 5 2 1 2  -5 0
254 4 6 1 2   0 1
255 1 4 2 1  -2 0
256 4 1 2 1   0 1
257 4 3 1 2  -3 0
258 1 6 2 1   5 0
259 4 2 2 1  -4 0
260 2 2 1 2  -7 0
261 1 7 1 2  10 0
262 2 4 1 2   0 1
263 1 7 2 1   8 0
264 4 3 2 1  -2 0
265 5 7 2 1   5 0
266 3 2 2 1  -4 0
267 2 5 1 2   0 1
268 2 1 1 2   0 1
269 1 4 1 2   0 1
270 4 4 2 1   0 1
271 3 6 2 1   0 1
272 3 4 1 2  -6 0
273 4 6 1 2   0 1
274 5 2 2 1   0 1
275 2 6 1 2   0 1
276 2 2 1 2   0 1
277 4 5 2 1   0 1
278 5 7 1 2   0 1
279 1 4 1 2   0 1
280 5 5 1 2   3 0
281 4 1 2 1  -8 0
282 1 3 2 1  -6 0
283 3 6 2 1   3 0
284 1 3 1 2  -6 0
285 3 4 1 2  -8 0
286 1 1 2 1 -10 0
287 4 4 1 2  -5 0
288 1 1 2 1  -3 0
289 5 1 1 2 -10 0
290 1 4 2 1  -2 0
291 2 7 1 2   6 0
292 2 6 1 2   0 1
293 4 5 1 2   0 1
294 4 5 1 2   0 1
295 2 6 2 1   0 1
296 4 7 2 1   0 1
297 4 2 1 2   0 1
298 3 5 1 2   0 1
299 5 3 1 2   0 1
300 4 3 1 2  -3 0
301 4 2 2 1  -3 0
302 5 6 2 1   4 0
303 1 4 2 1  -2 0
304 5 7 1 2   7 0
305 5 7 1 2  10 0
306 2 3 1 2  -4 0
307 5 1 2 1  -8 0
308 5 2 1 2   0 1
309 4 6 2 1   6 0
310 4 6 1 2  10 0
311 5 2 1 2   0 1
312 5 1 2 1  -6 0
313 1 3 2 1  -3 0
314 5 6 2 1   0 1
315 4 7 1 2   7 0
316 3 2 1 2   0 1
317 4 2 1 2  -8 0
318 4 5 1 2   3 0
319 3 4 2 1  -2 0
320 4 4 2 1  -2 0
321 5 2 2 1  -4 0
322 1 2 2 1  -4 0
323 3 4 1 2  -6 0
324 3 3 1 2  -6 0
325 5 7 2 1   0 1
326 3 3 1 2  -7 0
327 5 1 2 1   0 1
328 2 1 1 2   0 1
329 3 7 2 1   8 0
330 3 3 1 2   0 1
331 2 1 2 1   0 1
332 5 6 1 2   0 1
333 1 2 2 1   0 1
334 3 2 1 2  -7 0
335 2 3 2 1  -2 0
336 4 7 1 2   9 0
337 1 2 2 1  -5 0
338 5 6 1 2   6 0
339 2 5 2 1   2 0
340 2 4 1 2   0 1
341 5 2 1 2 -10 0
342 5 4 2 1  -4 0
343 4 2 2 1  -3 0
344 2 5 2 1   2 0
345 3 4 2 1  -2 0
346 4 1 2 1  -5 0
347 2 3 2 1  -2 0
348 2 4 2 1   0 1
349 2 6 2 1   4 0
350 1 7 1 2   0 1
