  1 5 1 2 1  -3 0
  2 4 6 2 1   3 0
  3 4 4 2 1   0 0
  4 3 1 2 1  -5 0
  5 4 7 2 1   3 0
  6 5 3 2 1   0 1
  7 2 2 2 1  -2 0
  8 3 4 1 2   0 1
  9 2 4 1 2   0 1
 10 3 3 2 1   0 1
 11 1 5 1 2   0 1
 12 5 2 2 1   0 0
 13 1 5 1 2   0 1
 14 4 2 2 1   0 1
 15 5 7 1 2   6 0
 16 5 2 1 2  -2 0
 17 3 1 1 2   0 1
 18 3 7 2 1   0 1
 19 3 1 2 1   0 1
 20 5 6 2 1   0 1
 21 2 4 1 2   0 0
 22 2 4 2 1   1 0
 23 4 6 2 1   3 0
 24 2 2 2 1   0 1
 25 1 6 1 2   0 1
 26 4 2 2 1   0 1
 27 3 6 1 2   0 1
 28 3 5 2 1   2 0
 29 2 5 1 2   1 0
 30 4 6 1 2   4 0
 31 5 3 2 1   0 0
 32 2 4 2 1   0 1
 33 3 2 2 1  -3 0
 34 3 1 2 1   0 1
 35 3 4 2 1   0 1
 36 3 4 1 2  -1 0
 37 4 3 1 2  -1 0
 38 2 1 1 2  -7 0
 39 4 4 1 2  -2 0
 40 3 4 2 1   0 1
 41 1 7 2 1   0 1
 42 5 7 2 1   8 0
 43 1 4 1 2   0 1
 44 2 3 1 2  -1 0
 45 4 4 2 1  -1 0
 46 4 4 1 2  -1 0
 47 4 1 2 1  -7 0
 48 3 6 2 1   0 1
 49 2 5 2 1   0 1
 50 5 4 2 1   0 0
 51 1 4 2 1   0 0
 52 3 2 2 1  -3 0
 53 5 7 1 2   6 0
 54 3 2 1 2  -4 0
 55 2 6 1 2   5 0
 56 4 1 1 2  -9 0
 57 4 1 2 1   0 1
 58 4 3 2 1   0 1
 59 5 5 1 2   0 1
 60 5 3 1 2   0 1
 61 5 5 1 2   0 1
 62 5 7 1 2   5 0
 63 4 7 2 1   0 1
 64 2 5 2 1   0 0
 65 5 5 2 1   0 1
 66 2 6 2 1   0 1
 67 1 7 2 1   6 0
 68 1 4 1 2   0 1
 69 3 2 2 1  -4 0
 70 4 5 2 1   2 0
 71 4 5 2 1   1 0
 72 4 1 2 1   0 1
 73 4 7 2 1   0 1
 74 3 2 1 2   0 1
 75 4 6 1 2   6 0
 76 5 5 1 2   0 1
 77 5 6 1 2   0 1
 78 4 7 1 2   5 0
 79 2 4 1 2   0 0
 80 1 5 2 1   2 0
 81 5 2 2 1  -4 0
 82 4 1 1 2 -10 0
 83 2 6 2 1   5 0
 84 4 5 1 2   3 0
 85 4 5 2 1   2 0
 86 4 2 2 1  -3 0
 87 3 7 2 1   9 0
 88 5 4 1 2   0 0
 89 1 2 2 1  -3 0
 90 5 5 2 1   2 0
 91 1 4 2 1   0 0
 92 1 4 2 1   0 0
 93 1 3 1 2   0 1
 94 5 7 2 1   8 0
 95 4 2 1 2  -7 0
 96 4 5 1 2   5 0
 97 1 7 1 2   0 1
 98 2 1 2 1   0 1
 99 5 2 2 1   0 1
100 5 5 1 2   4 0
101 5 6 1 2   0 1
102 2 7 1 2   6 0
103 2 3 1 2  -2 0
104 2 6 1 2   0 1
105 2 6 2 1   4 0
106 5 3 1 2   0 1
107 5 4 1 2   0 1
108 2 5 1 2   2 0
109 3 6 1 2   2 0
110 5 2 2 1  -7 0
111 3 1 1 2   0 1
112 5 6 1 2   0 1
113 4 3 1 2  -2 0
114 4 5 1 2   2 0
115 5 1 1 2   0 1
116 1 2 1 2   0 1
117 1 6 1 2   3 0
118 2 6 1 2   0 1
119 4 3 2 1  -2 0
120 3 3 1 2   0 1
121 1 3 2 1   0 1
122 3 5 1 2   0 1
123 1 7 2 1   7 0
124 4 2 1 2  -7 0
125 5 1 2 1 -10 0
126 4 3 2 1  -2 0
127 2 7 2 1   9 0
128 2 2 1 2  -4 0
129 2 3 1 2   0 1
130 2 1 1 2  -8 0
131 4 6 1 2   0 1
132 5 4 1 2  -1 0
133 4 1 1 2  -6 0
134 5 7 1 2   0 1
135 1 7 1 2   0 1
136 4 2 1 2   0 1
137 1 1 2 1  -4 0
138 1 6 2 1   3 0
139 4 3 1 2   0 1
140 3 5 1 2   2 0
141 3 1 1 2  -4 0
142 4 7 1 2   0 1
143 2 7 2 1   0 1
144 3 6 1 2   4 0
145 4 4 2 1   2 0
146 5 7 2 1   6 0
147 3 4 2 1   0 0
148 2 5 2 1   1 0
149 4 7 2 1   5 0
150 2 7 1 2   5 0
151 2 6 1 2   5 0
152 5 6 2 1   6 0
153 4 4 1 2  -2 0
154 5 5 1 2   1 0
155 4 4 1 2   0 0
156 1 6 1 2   1 0
157 5 7 2 1   0 1
158 1 6 2 1   3 0
159 4 7 1 2   3 0
160 2 7 2 1   4 0
161 3 2 1 2  -5 0
162 1 4 2 1   0 0
163 2 7 1 2   3 0
164 3 7 1 2   4 0
165 4 2 2 1  -6 0
166 1 4 2 1   0 0
167 2 1 2 1  -8 0
168 4 5 1 2   2 0
169 2 1 1 2  -6 0
170 3 1 2 1  -6 0
171 5 1 2 1  -6 0
172 2 2 2 1   0 1
173 5 1 2 1  -6 0
174 3 6 2 1   4 0
175 3 2 2 1  -6 0
176 2 4 1 2   0 1
177 2 5 2 1   1 0
178 3 7 2 1   5 0
179 3 7 1 2   5 0
180 3 5 2 1   3 0
181 3 7 2 1   0 1
182 1 1 1 2   0 1
183 4 4 2 1  -1 0
184 2 5 2 1   2 0
185 5 4 2 1   0 0
186 5 1 1 2  -7 0
187 4 2 1 2   0 1
188 2 3 2 1   0 0
189 5 5 2 1   0 1
190 2 7 1 2   0 1
191 5 1 1 2   0 1
192 1 2 1 2   0 1
193 4 4 2 1   0 0
194 5 3 1 2   0 1
195 2 4 2 1   0 1
196 4 3 1 2   0 1
197 3 1 1 2   0 1
198 1 2 2 1  -3 0
199 3 7 2 1   6 0
200 1 6 1 2   0 1
201 2 1 1 2  -7 0
202 3 3 1 2   0 1
203 2 2 2 1  -1 0
204 3 3 2 1   0 1
205 2 5 1 2   2 0
206 5 4 2 1   1 0
207 1 4 1 2   0 1
208 4 7 1 2   5 0
209 3 3 2 1  -1 0
210 4 3 1 2   0 1
211 3 6 1 2   0 1
212 5 2 1 2  -4 0
213 1 7 1 2   4 0
214 2 1 2 1  -7 0
215 1 6 1 2   0 1
216 1 3 2 1  -1 0
217 4 5 2 1   2 0
218 3 6 2 1   4 0
219 5 6 1 2   0 1
220 2 4 1 2  -2 0
221 2 3 2 1  -1 0
222 2 1 2 1  -8 0
223 3 6 2 1   5 0
224 3 3 1 2   0 1
225 5 4 2 1   0 0
226 2 6 2 1   2 0
227 4 3 2 1   0 0
228 5 6 2 1   2 0
229 1 7 1 2   3 0
230 1 5 1 2   3 0
231 4 6 1 2   3 0
232 2 5 1 2   1 0
233 3 6 2 1   3 0
234 1 6 2 1   3 0
235 1 1 2 1  -8 0
236 1 3 1 2  -1 0
237 1 3 1 2   0 1
238 3 7 1 2   0 1
239 3 5 2 1   0 1
240 5 3 2 1  -1 0
241 5 6 2 1   3 0
242 1 5 2 1   1 0
243 2 5 1 2   0 1
244 4 1 2 1   0 1
245 4 4 1 2   0 0
246 3 7 1 2   3 0
247 5 1 2 1  -7 0
248 3 4 1 2  -1 0
249 2 2 1 2  -3 0
250 3 4 1 2   0 0
251 5 3 2 1   0 0
252 3 3 1 2   1 0
253 4 2 2 1  -2 0
254 4 6 1 2   2 0
255 2 1 1 2  -5 0
256 5 2 1 2  -3 0
257 1 3 2 1   0 0
258 3 5 1 2   1 0
259 2 3 1 2   0 1
260 2 7 1 2   3 0
261 5 4 1 2   0 0
262 1 3 1 2  -2 0
263 3 7 1 2   0 1
264 3 5 1 2   0 1
265 5 5 2 1   2 0
266 1 5 2 1   2 0
267 5 2 2 1  -2 0
268 5 3 2 1  -2 0
269 4 6 2 1   2 0
270 1 2 2 1  -2 0
271 3 4 2 1   0 1
272 3 2 2 1  -2 0
273 4 6 2 1   2 0
274 3 4 1 2   0 1
275 1 2 1 2   0 1
276 3 2 1 2   0 1
277 1 6 2 1   0 1
278 4 1 2 1   0 1
279 1 1 1 2   0 1
280 1 4 1 2   0 1
281 1 3 2 1   0 0
282 2 2 1 2   0 1
283 2 2 2 1  -2 0
284 5 3 1 2  -1 0
285 2 4 2 1   1 0
286 1 6 2 1   2 0
287 2 6 2 1   0 1
288 1 4 1 2   0 1
289 2 2 1 2   0 1
290 3 5 2 1   2 0
291 4 7 1 2   3 0
292 3 3 1 2   0 1
293 2 3 1 2   0 1
294 3 6 1 2   0 1
295 5 4 2 1   0 1
296 4 1 1 2  -7 0
297 3 3 2 1   1 0
298 1 5 1 2   1 0
299 5 4 1 2   0 0
300 5 3 1 2  -2 0
301 2 7 2 1   0 1
302 3 5 1 2   1 0
303 3 1 2 1  -2 0
304 1 2 2 1  -1 0
305 4 1 1 2  -2 0
306 1 1 1 2  -5 0
307 1 3 2 1  -2 0
308 1 7 2 1   4 0
309 1 7 1 2   0 1
310 2 2 1 2   0 1
311 2 3 2 1  -1 0
312 2 3 2 1   0 1
313 5 2 1 2   0 1
314 1 5 1 2   1 0
315 1 5 2 1   2 0
316 2 7 2 1   0 1
317 1 1 2 1  -2 0
318 1 5 2 1   0 1
319 4 6 2 1   3 0
320 5 6 1 2   0 1
321 5 7 2 1   5 0
322 3 3 2 1   0 0
323 5 1 1 2  -5 0
324 5 7 1 2   0 1
325 1 1 2 1  -7 0
326 3 4 2 1   2 0
327 2 4 2 1   0 0
328 1 2 1 2   0 1
329 1 2 2 1   0 1
330 5 2 1 2  -1 0
331 1 3 1 2  -2 0
332 4 2 1 2  -1 0
333 4 7 2 1   5 0
334 1 1 1 2   0 1
335 4 5 1 2   2 0
336 1 1 1 2  -5 0
337 3 1 1 2   0 1
338 5 6 2 1   5 0
339 2 6 1 2   4 0
340 4 3 2 1   0 0
341 5 1 1 2   0 1
342 4 5 2 1   2 0
343 3 2 1 2   0 1
344 5 5 2 1   0 1
345 1 7 2 1   0 1
346 2 1 2 1   0 1
347 1 2 1 2  -2 0
348 3 5 2 1   2 0
349 1 1 2 1  -3 0
350 2 3 2 1   0 0
