1.84 1.84 1.84 1.84 0 0 0 0
1.84 1.84 1.84 1.84 0 0 0 0
1.84 1.84 1.84 1.84 0 0 0 0
1.86 1.86 1.86 1.86 0 0 0 0
1.86 1.86 1.86 1.86 0 0 0 0
1.86 1.86 1.86 1.86 0 0 0 0
1.88 1.88 1.88 1.88 0 1 0 1
1.88 1.86 1.88 1.86 1 1 1 1
1.86 1.84 1.86 1.84 1 0 1 0
1.84 1.84 1.84 1.84 0 0 0 0
1.84 1.84 1.84 1.84 0 0 0 0
1.84 1.86 1.84 1.86 1 0 0 1
1.82 1.86 1.86 1.84 0 0 0 0
1.82 1.86 1.86 1.84 0 0 0 0
1.82 1.88 1.86 1.84 0 0 0 0
1.84 1.88 1.88 1.86 1 1 1 1
1.82 1.86 1.86 1.84 1 1 0 1
1.80 1.84 1.86 1.82 1 1 0 0
1.78 1.82 1.86 1.82 0 0 0 0
1.78 1.82 1.88 1.82 0 0 0 0
1.78 1.82 1.88 1.84 1 0 1 0
1.76 1.84 1.86 1.84 0 0 1 0
1.76 1.84 1.84 1.84 0 1 1 0
1.76 1.82 1.82 1.86 0 0 0 0
1.78 1.82 1.82 1.86 0 0 0 1
1.78 1.82 1.82 1.84 0 0 0 0
1.78 1.84 1.84 1.84 0 0 0 0
1.80 1.84 1.84 1.84 0 0 0 0
1.80 1.84 1.84 1.86 0 0 0 0
1.80 1.86 1.86 1.86 0 1 1 0
1.82 1.84 1.84 1.86 0 0 0 0
1.82 1.84 1.84 1.88 1 0 1 1
1.80 1.84 1.82 1.86 0 1 0 1
1.80 1.82 1.82 1.84 0 0 0 1
1.80 1.82 1.82 1.82 1 0 1 1
1.78 1.82 1.80 1.80 0 1 0 1
1.78 1.80 1.80 1.78 0 1 0 1
1.78 1.78 1.80 1.76 1 0 0 1
1.76 1.78 1.82 1.74 0 1 1 0
1.76 1.76 1.80 1.74 0 0 1 0
1.76 1.76 1.78 1.74 0 0 0 0
1.78 1.76 1.78 1.76 0 0 0 0
1.78 1.78 1.78 1.76 0 0 0 0
1.78 1.78 1.80 1.76 0 0 0 0
1.80 1.78 1.80 1.78 0 0 0 0
1.80 1.80 1.80 1.78 0 0 0 0
1.80 1.80 1.82 1.78 0 0 0 0
1.82 1.80 1.82 1.80 0 0 0 0
1.82 1.82 1.82 1.80 0 0 0 0
1.82 1.82 1.84 1.80 0 0 0 0
1.84 1.82 1.84 1.82 0 0 0 0
1.84 1.84 1.84 1.82 0 1 0 1
1.84 1.82 1.86 1.80 1 0 0 1
1.82 1.82 1.86 1.78 0 1 0 1
1.82 1.80 1.86 1.76 1 1 0 1
1.80 1.78 1.88 1.74 0 0 0 0
1.80 1.78 1.88 1.74 0 0 0 0
1.80 1.78 1.88 1.74 0 0 0 0
1.82 1.80 1.90 1.76 0 0 0 0
1.82 1.80 1.90 1.76 1 0 1 0
1.80 1.80 1.88 1.76 0 0 1 0
1.80 1.82 1.86 1.78 0 1 0 0
1.80 1.80 1.86 1.78 0 0 1 0
1.82 1.80 1.84 1.78 0 0 0 0
1.82 1.80 1.84 1.80 0 0 0 0
1.82 1.82 1.84 1.80 1 0 0 0
1.80 1.82 1.86 1.80 0 0 0 0
1.80 1.82 1.86 1.82 0 0 0 0
1.80 1.84 1.86 1.82 0 1 1 1
1.82 1.82 1.84 1.80 1 1 0 1
1.80 1.80 1.84 1.78 0 0 0 0
1.80 1.80 1.84 1.78 0 0 0 0
1.80 1.80 1.86 1.78 0 0 0 0
1.82 1.82 1.86 1.80 0 0 0 0
1.82 1.82 1.86 1.80 0 0 0 0
1.82 1.82 1.88 1.80 0 0 0 0
1.84 1.84 1.88 1.82 0 1 1 0
1.84 1.82 1.86 1.82 1 0 1 1
1.82 1.82 1.84 1.80 0 0 0 0
1.82 1.82 1.84 1.80 0 0 0 0
1.82 1.84 1.84 1.80 0 0 0 0
1.84 1.84 1.86 1.82 1 1 1 1
1.82 1.82 1.84 1.80 0 1 1 1
1.82 1.80 1.82 1.78 0 0 0 0
1.82 1.80 1.82 1.78 0 1 0 1
1.84 1.78 1.82 1.76 0 0 0 0
1.84 1.78 1.84 1.76 1 0 0 0
1.82 1.78 1.84 1.76 0 0 1 1
1.82 1.80 1.82 1.74 1 1 0 1
1.80 1.78 1.82 1.72 0 0 0 0
1.80 1.78 1.82 1.72 0 0 0 0
1.80 1.78 1.84 1.72 0 0 0 1
1.82 1.80 1.84 1.70 1 1 0 0
1.80 1.78 1.84 1.70 0 1 1 0
1.80 1.76 1.82 1.70 0 0 0 0
1.80 1.76 1.82 1.72 0 0 0 0
1.82 1.76 1.82 1.72 0 0 0 0
1.82 1.78 1.84 1.72 1 1 0 0
1.80 1.76 1.84 1.74 0 0 0 0
1.80 1.76 1.84 1.74 0 0 1 1
1.80 1.76 1.82 1.72 0 0 0 0
1.82 1.78 1.82 1.72 0 0 0 0
1.82 1.78 1.82 1.72 0 0 0 0
1.82 1.78 1.84 1.74 0 0 0 0
1.84 1.80 1.84 1.74 1 1 0 1
1.82 1.78 1.84 1.72 0 0 0 0
1.82 1.78 1.86 1.72 0 0 0 0
1.82 1.78 1.86 1.72 1 1 1 1
1.80 1.76 1.84 1.70 1 0 0 1
1.78 1.76 1.84 1.68 0 0 0 1
1.78 1.76 1.84 1.66 0 0 0 0
1.78 1.78 1.86 1.66 0 0 0 0
1.80 1.78 1.86 1.66 0 0 0 0
1.80 1.78 1.86 1.68 0 0 0 0
1.80 1.80 1.88 1.68 0 1 1 0
1.82 1.78 1.86 1.68 0 0 0 0
1.82 1.78 1.86 1.70 0 0 0 0
1.82 1.78 1.86 1.70 1 0 1 1
1.80 1.80 1.84 1.68 0 1 0 1
1.80 1.78 1.84 1.66 0 0 1 1
1.80 1.78 1.82 1.64 0 1 0 1
1.82 1.76 1.82 1.62 0 1 0 1
1.82 1.74 1.82 1.60 1 1 0 1
1.80 1.72 1.84 1.58 1 1 1 1
1.78 1.70 1.82 1.56 0 1 0 1
1.78 1.68 1.82 1.54 1 1 1 1
1.76 1.66 1.80 1.52 1 1 0 1
1.74 1.64 1.80 1.50 1 1 1 1
1.72 1.62 1.78 1.48 1 1 0 1
1.70 1.60 1.78 1.46 1 1 1 1
1.68 1.58 1.76 1.44 0 1 1 1
1.68 1.56 1.74 1.42 1 1 0 1
1.66 1.54 1.74 1.40 1 1 1 1
1.64 1.52 1.72 1.38 0 1 1 1
1.64 1.50 1.70 1.36 0 1 0 1
1.64 1.48 1.70 1.34 0 0 0 1
1.66 1.48 1.70 1.32 0 0 0 1
1.66 1.48 1.72 1.30 0 0 0 1
1.66 1.50 1.72 1.28 0 0 0 1
1.68 1.50 1.72 1.26 0 0 0 0
1.68 1.50 1.74 1.26 0 0 0 0
1.68 1.52 1.74 1.26 0 0 0 0
1.70 1.52 1.74 1.28 0 0 0 0
1.70 1.52 1.76 1.28 0 0 0 0
1.70 1.54 1.76 1.28 0 0 0 0
1.72 1.54 1.76 1.30 0 0 0 0
1.72 1.54 1.78 1.30 0 0 0 0
1.72 1.56 1.78 1.30 0 0 0 0
1.74 1.56 1.78 1.32 0 0 0 0
1.74 1.56 1.80 1.32 0 0 0 0
1.74 1.58 1.80 1.32 0 0 0 0
1.76 1.58 1.80 1.34 0 0 0 0
1.76 1.58 1.82 1.34 0 0 0 0
1.76 1.60 1.82 1.34 0 1 1 0
1.78 1.58 1.80 1.36 0 0 0 0
1.78 1.58 1.80 1.36 0 0 0 0
1.78 1.58 1.80 1.36 0 0 0 0
1.80 1.60 1.82 1.38 0 0 0 0
1.80 1.60 1.82 1.38 0 0 0 0
1.80 1.60 1.82 1.38 0 0 0 0
1.82 1.62 1.84 1.40 1 0 0 1
1.80 1.62 1.84 1.38 0 0 0 0
1.80 1.62 1.84 1.38 0 0 0 0
1.80 1.64 1.86 1.38 0 0 0 0
1.82 1.64 1.86 1.40 1 1 0 0
1.80 1.62 1.86 1.40 0 0 0 0
1.80 1.62 1.88 1.40 0 0 0 0
1.80 1.62 1.88 1.42 1 0 1 0
1.78 1.64 1.86 1.42 0 0 0 0
1.78 1.64 1.86 1.42 0 0 1 0
1.78 1.64 1.84 1.44 0 0 0 0
1.80 1.66 1.84 1.44 0 0 0 0
1.80 1.66 1.84 1.44 0 0 0 0
1.80 1.66 1.86 1.46 0 0 0 0
1.82 1.68 1.86 1.46 0 0 0 0
1.82 1.68 1.86 1.46 1 1 0 0
1.80 1.66 1.88 1.48 0 0 0 0
1.80 1.66 1.88 1.48 1 0 1 0
1.78 1.66 1.86 1.48 0 0 0 0
1.78 1.68 1.86 1.50 0 0 0 0
1.78 1.68 1.86 1.50 0 0 0 0
1.80 1.68 1.88 1.50 0 0 0 0
1.80 1.70 1.88 1.52 0 0 0 0
1.80 1.70 1.88 1.52 0 0 0 0
1.82 1.70 1.90 1.52 0 0 1 0
1.82 1.72 1.88 1.54 0 0 0 0
1.82 1.72 1.88 1.54 1 1 1 0
1.80 1.70 1.86 1.54 0 0 0 0
1.80 1.70 1.86 1.56 1 0 1 0
1.78 1.70 1.84 1.56 0 0 0 0
1.78 1.72 1.84 1.56 0 1 0 1
1.78 1.70 1.84 1.54 1 0 0 0
1.76 1.70 1.86 1.54 0 1 1 0
1.76 1.68 1.84 1.54 0 0 0 0
1.76 1.68 1.84 1.56 0 0 0 0
1.78 1.68 1.84 1.56 0 1 0 1
1.78 1.66 1.86 1.54 0 0 1 0
1.78 1.66 1.84 1.54 0 0 0 0
1.80 1.66 1.84 1.54 1 0 0 0
1.78 1.68 1.84 1.56 1 0 0 0
1.76 1.68 1.86 1.56 0 0 0 0
1.76 1.68 1.86 1.56 1 1 0 0
1.74 1.66 1.86 1.58 0 1 0 1
1.74 1.64 1.88 1.56 0 0 0 0
1.74 1.64 1.88 1.56 0 1 0 1
1.76 1.62 1.88 1.54 0 0 0 0
1.76 1.62 1.90 1.54 0 1 1 1
1.76 1.60 1.88 1.52 1 0 1 0
1.74 1.60 1.86 1.52 0 0 0 0
1.74 1.60 1.86 1.52 0 0 1 0
1.74 1.62 1.84 1.54 0 0 0 0
1.76 1.62 1.84 1.54 0 0 0 0
1.76 1.62 1.84 1.54 0 0 0 0
1.76 1.64 1.86 1.56 0 0 0 0
1.78 1.64 1.86 1.56 0 0 0 0
1.78 1.64 1.86 1.56 0 0 0 0
1.78 1.66 1.88 1.58 0 0 0 0
1.80 1.66 1.88 1.58 0 1 1 1
1.80 1.64 1.86 1.56 1 0 1 0
1.78 1.64 1.84 1.56 0 0 1 0
1.78 1.64 1.82 1.56 0 0 0 0
1.78 1.66 1.82 1.58 1 0 1 0
1.76 1.66 1.80 1.58 0 0 0 0
1.76 1.66 1.80 1.58 0 1 0 1
1.76 1.64 1.80 1.56 0 0 0 0
1.78 1.64 1.82 1.56 0 0 1 1
1.78 1.64 1.80 1.54 0 0 0 0
1.78 1.66 1.80 1.54 1 1 0 1
1.76 1.64 1.80 1.52 0 0 0 0
1.76 1.64 1.82 1.52 0 0 0 0
1.76 1.64 1.82 1.52 0 0 0 0
1.78 1.66 1.82 1.54 0 0 0 0
1.78 1.66 1.84 1.54 0 0 0 0
1.78 1.66 1.84 1.54 0 0 0 0
1.80 1.68 1.84 1.56 0 0 0 0
1.80 1.68 1.86 1.56 0 0 0 0
1.80 1.68 1.86 1.56 0 0 0 0
1.82 1.70 1.86 1.58 0 0 1 1
1.82 1.70 1.84 1.56 1 0 1 0
1.80 1.70 1.82 1.56 0 0 0 0
1.80 1.72 1.82 1.56 0 0 0 0
1.80 1.72 1.82 1.58 0 0 0 0
1.82 1.72 1.84 1.58 0 0 0 0
1.82 1.74 1.84 1.58 0 0 0 0
1.82 1.74 1.84 1.60 0 0 0 0
1.84 1.74 1.86 1.60 1 1 1 0
1.82 1.72 1.84 1.60 1 1 0 0
1.80 1.70 1.84 1.62 1 0 1 0
1.78 1.70 1.82 1.62 0 0 0 0
1.78 1.70 1.82 1.62 0 0 0 0
1.78 1.72 1.82 1.64 0 0 0 0
1.80 1.72 1.84 1.64 0 0 0 0
1.80 1.72 1.84 1.64 0 0 0 0
1.80 1.74 1.84 1.66 1 1 1 0
1.78 1.72 1.82 1.66 0 0 0 0
1.78 1.72 1.82 1.66 0 0 0 1
1.78 1.72 1.82 1.64 0 0 0 0
1.80 1.74 1.84 1.64 0 0 0 0
1.80 1.74 1.84 1.64 0 0 0 0
1.80 1.74 1.84 1.66 0 0 0 0
1.82 1.76 1.86 1.66 0 0 0 0
1.82 1.76 1.86 1.66 1 1 0 1
1.80 1.74 1.86 1.64 0 0 0 0
1.80 1.74 1.88 1.64 0 0 0 0
1.80 1.74 1.88 1.64 0 0 0 0
1.82 1.76 1.88 1.66 0 0 0 0
1.82 1.76 1.90 1.66 1 1 1 0
1.80 1.74 1.88 1.66 1 1 1 1
1.78 1.72 1.86 1.64 1 1 1 1
1.76 1.70 1.84 1.62 0 1 1 1
1.76 1.68 1.82 1.60 1 1 1 1
1.74 1.66 1.80 1.58 0 0 0 0
1.74 1.66 1.80 1.58 1 1 1 1
1.72 1.64 1.78 1.56 0 1 1 1
1.72 1.62 1.76 1.54 0 1 1 1
1.72 1.60 1.74 1.52 0 1 0 1
1.74 1.58 1.74 1.50 0 0 1 1
1.74 1.58 1.72 1.48 0 1 0 1
1.74 1.56 1.72 1.46 0 1 1 1
1.76 1.54 1.70 1.44 0 0 0 0
1.76 1.54 1.70 1.44 0 0 0 0
1.76 1.54 1.70 1.44 0 0 0 0
1.78 1.56 1.72 1.46 0 0 0 0
1.78 1.56 1.72 1.46 0 0 0 0
1.78 1.56 1.72 1.46 0 0 0 0
1.80 1.58 1.74 1.48 0 0 0 0
1.80 1.58 1.74 1.48 0 0 0 0
1.80 1.58 1.74 1.48 0 0 0 0
1.82 1.60 1.76 1.50 0 0 0 0
1.82 1.60 1.76 1.50 0 0 0 0
1.82 1.60 1.76 1.50 0 0 0 0
1.84 1.62 1.78 1.52 1 1 0 0
1.82 1.60 1.78 1.52 1 1 0 1
1.80 1.58 1.78 1.50 1 1 0 1
1.78 1.56 1.80 1.48 1 1 0 0
1.76 1.54 1.80 1.48 1 0 0 0
1.74 1.54 1.80 1.48 0 1 1 1
1.74 1.52 1.78 1.46 0 1 1 1
1.74 1.50 1.76 1.44 0 1 0 1
1.76 1.48 1.76 1.42 0 0 0 0
1.76 1.48 1.76 1.42 0 0 0 0
1.76 1.48 1.78 1.42 0 0 0 0
1.78 1.50 1.78 1.44 0 0 0 0
1.78 1.50 1.78 1.44 0 0 0 0
1.78 1.50 1.80 1.44 0 0 0 0
1.80 1.52 1.80 1.46 0 0 0 0
1.80 1.52 1.80 1.46 0 0 0 0
1.80 1.52 1.82 1.46 1 0 0 1
1.78 1.54 1.82 1.44 0 0 0 0
1.78 1.54 1.82 1.44 0 0 0 0
1.78 1.54 1.84 1.44 0 1 1 1
1.80 1.52 1.82 1.42 0 0 0 0
1.80 1.52 1.82 1.42 0 0 0 0
1.80 1.52 1.82 1.42 1 0 0 0
1.78 1.54 1.84 1.44 0 0 0 0
1.78 1.54 1.84 1.44 1 0 1 0
1.76 1.54 1.82 1.44 0 0 0 0
1.76 1.56 1.82 1.46 0 0 0 0
1.76 1.56 1.82 1.46 0 0 0 0
1.78 1.56 1.84 1.46 0 0 0 0
1.78 1.58 1.84 1.48 0 0 0 0
1.78 1.58 1.84 1.48 0 0 0 0
1.80 1.58 1.86 1.48 0 0 0 0
1.80 1.60 1.86 1.50 0 0 0 0
1.80 1.60 1.86 1.50 0 0 0 1
1.82 1.60 1.88 1.48 0 0 0 0
1.82 1.62 1.88 1.48 1 0 1 0
1.80 1.62 1.86 1.48 1 0 0 0
1.78 1.62 1.86 1.50 0 0 0 0
1.78 1.64 1.86 1.50 1 1 1 1
1.76 1.62 1.84 1.48 0 0 1 0
1.76 1.62 1.82 1.48 1 0 0 0
1.74 1.62 1.82 1.48 0 0 1 1
1.74 1.64 1.80 1.46 0 0 0 0
1.74 1.64 1.80 1.46 0 0 0 0
1.76 1.64 1.80 1.46 0 0 0 0
1.76 1.66 1.82 1.48 0 0 0 0
1.76 1.66 1.82 1.48 0 0 0 0
1.78 1.66 1.82 1.48 0 0 0 0
1.78 1.68 1.84 1.50 1 1 0 0
1.76 1.66 1.84 1.50 0 0 0 0
1.76 1.66 1.84 1.50 0 0 0 0
1.76 1.66 1.86 1.52 0 0 0 0
1.78 1.68 1.86 1.52 0 0 0 0
1.78 1.68 1.86 1.52 0 0 0 0
1.78 1.68 1.88 1.54 0 0 0 0
1.80 1.70 1.88 1.54 0 0 0 0
1.80 1.70 1.88 1.54 0 0 1 0
1.80 1.70 1.86 1.56 0 0 0 0
1.82 1.72 1.86 1.56 1 1 0 0
