  1 3 3 1 2  -3 0
  2 5 5 1 2   1 0
  3 4 7 2 1   5 0
  4 3 1 1 2  -7 0
  5 2 6 1 2   3 0
  6 4 2 1 2  -4 0
  7 4 2 1 2  -5 0
  8 3 2 2 1  -8 0
  9 3 5 2 1   0 0
 10 2 2 1 2  -4 0
 11 5 5 1 2   2 0
 12 5 6 1 2   3 0
 13 3 5 2 1   0 0
 14 5 1 2 1 -10 0
 15 4 2 1 2  -4 0
 16 4 5 2 1   0 0
 17 4 1 1 2 -10 0
 18 2 1 2 1 -10 0
 19 4 5 2 1   0 0
 20 5 3 2 1  -2 0
 21 5 3 1 2   0 0
 22 4 6 1 2   4 0
 23 1 5 2 1   0 0
 24 4 3 2 1  -2 0
 25 5 2 2 1  -4 0
 26 5 3 1 2   0 0
 27 3 3 2 1  -5 0
 28 3 5 1 2   1 0
 29 5 7 2 1  10 0
 30 5 3 2 1  -9 0
 31 5 2 1 2  -4 0
 32 2 7 2 1   8 0
 33 1 2 1 2  -6 0
 34 5 3 1 2  -1 0
 35 1 3 2 1  -2 0
 36 4 2 2 1  -5 0
 37 5 6 1 2   6 0
 38 4 7 2 1   5 0
 39 5 1 2 1 -10 0
 40 3 4 2 1   0 0
 41 1 3 2 1  -2 0
 42 5 7 1 2   5 0
 43 1 4 2 1   0 0
 44 5 2 2 1  -4 0
 45 2 1 2 1  -9 0
 46 5 3 2 1  -3 0
 47 4 6 1 2   4 0
 48 1 5 2 1   2 0
 49 1 1 1 2  -8 0
 50 3 2 1 2  -5 0
 51 3 1 2 1 -10 0
 52 3 6 2 1   8 0
 53 5 2 2 1  -7 0
 54 5 7 2 1   6 0
 55 4 1 1 2  -8 0
 56 4 7 2 1   6 0
 57 2 2 2 1  -5 0
 58 1 1 2 1  -9 0
 59 3 5 2 1   1 0
 60 3 3 2 1   0 0
 61 2 7 2 1   8 0
 62 2 6 1 2   5 0
 63 2 6 2 1   3 0
 64 3 6 2 1   5 0
 65 2 7 2 1   6 0
 66 4 1 2 1 -10 0
 67 4 2 1 2  -3 0
 68 4 6 1 2   3 0
 69 4 3 2 1  -2 0
 70 4 4 2 1   0 0
 71 1 7 1 2   4 0
 72 3 4 2 1   0 0
 73 2 5 2 1   0 0
 74 1 1 1 2  -6 0
 75 1 7 2 1   6 0
 76 3 7 2 1   8 0
 77 5 2 1 2  -7 0
 78 2 3 1 2  -2 0
 79 2 7 2 1   8 0
 80 3 2 2 1  -5 0
 81 3 1 2 1  -7 0
 82 3 4 2 1   0 0
 83 1 5 1 2   4 0
 84 4 2 2 1  -5 0
 85 3 6 1 2   4 0
 86 4 1 2 1  -8 0
 87 2 6 1 2   4 0
 88 1 2 2 1 -10 0
 89 3 3 1 2   0 0
 90 5 3 2 1   0 0
 91 1 7 1 2   8 0
 92 4 4 2 1   0 0
 93 2 4 1 2   0 0
 94 1 3 1 2   0 0
 95 3 3 1 2   0 0
 96 1 5 1 2   2 0
 97 2 1 1 2  -9 0
 98 1 3 2 1  -1 0
 99 1 5 1 2   2 0
100 2 2 1 2  -2 0
101 3 3 2 1  -1 0
102 3 7 2 1   6 0
103 1 1 1 2  -6 0
104 4 4 2 1   0 0
105 5 6 1 2   4 0
106 5 3 1 2   0 0
107 4 5 1 2   3 0
108 5 2 1 2  -4 0
109 5 4 1 2   0 0
110 4 6 2 1   3 0
111 4 4 1 2   0 0
112 5 4 1 2   0 0
113 1 4 2 1   0 0
114 2 5 2 1   2 0
115 2 2 2 1  -7 0
116 5 5 2 1   1 0
117 4 4 1 2   0 0
118 2 7 1 2   6 0
119 5 1 1 2  -8 0
120 4 6 1 2   5 0
121 4 7 2 1   6 0
122 5 5 2 1   2 0
123 5 2 1 2  -5 0
124 2 5 1 2   0 1
125 4 6 1 2   4 0
126 1 7 1 2   5 0
127 2 7 1 2   6 0
128 4 4 2 1   0 0
129 3 4 2 1   0 0
130 1 1 2 1 -10 0
131 2 5 1 2   3 0
132 2 7 1 2   5 0
133 2 1 1 2  -6 0
134 2 2 1 2  -5 0
135 5 2 2 1  -4 0
136 2 2 1 2  -3 0
137 4 7 1 2   5 0
138 1 6 2 1   3 0
139 2 1 2 1 -10 0
140 4 5 2 1   2 0
141 1 2 1 2  -6 0
142 3 7 2 1   6 0
143 2 1 1 2  -4 0
144 1 6 1 2   4 0
145 2 5 1 2   3 0
146 2 4 2 1   0 0
147 4 6 2 1   4 0
148 2 5 1 2   1 0
149 2 5 1 2   1 0
150 3 5 2 1   1 0
151 4 7 1 2   5 0
152 1 7 2 1   5 0
153 1 3 1 2  -2 0
154 5 5 1 2  -2 0
155 1 4 1 2  -1 0
156 4 6 2 1   2 0
157 4 7 1 2   3 0
158 4 5 2 1   0 0
159 1 1 2 1  -9 0
160 3 1 1 2 -10 0
161 3 4 1 2  -1 0
162 1 7 2 1   4 0
163 5 4 2 1   0 0
164 3 6 2 1   2 0
165 3 7 2 1   3 0
166 2 6 2 1   1 0
167 2 4 2 1   0 0
168 3 4 1 2  -1 0
169 3 3 2 1   0 0
170 5 6 1 2   4 0
171 4 5 1 2   2 0
172 2 3 2 1  -3 0
173 2 4 1 2   0 0
174 4 6 2 1   2 0
175 1 7 2 1   4 0
176 1 4 2 1   0 0
177 5 2 1 2  -6 0
178 3 7 1 2   6 0
179 1 5 2 1   1 0
180 5 6 1 2   4 0
181 2 6 2 1   5 0
182 3 4 2 1   0 0
183 3 1 2 1  -9 0
184 4 1 2 1 -10 0
185 1 1 2 1  -8 0
186 1 5 2 1   1 0
187 1 3 2 1   0 0
188 1 5 1 2   1 0
189 5 3 2 1   0 0
190 3 7 1 2   5 0
191 5 1 2 1  -7 0
192 4 4 1 2  -1 0
193 2 3 2 1   0 0
194 4 3 2 1   0 0
195 3 5 2 1   1 0
196 4 1 1 2  -4 0
197 3 6 1 2   2 0
198 1 3 1 2   0 0
199 3 7 1 2   5 0
200 3 5 1 2   2 0
201 1 7 1 2   4 0
202 2 6 2 1   3 0
203 5 1 2 1  -7 0
204 3 2 1 2  -3 0
205 2 7 1 2   4 0
206 2 5 2 1   1 0
207 4 5 2 1   0 0
208 5 1 1 2  -4 0
209 1 2 1 2  -3 0
210 5 6 2 1   3 0
211 3 5 1 2   2 0
212 1 6 1 2   3 0
213 3 3 2 1  -1 0
214 3 7 2 1   5 0
215 3 6 1 2   3 0
216 1 3 2 1  -1 0
217 3 1 2 1  -8 0
218 5 1 1 2  -8 0
219 3 6 2 1   2 0
220 1 3 1 2  -1 0
221 1 2 2 1  -3 0
222 3 6 2 1   2 0
223 5 4 2 1  -1 0
224 1 7 1 2   5 0
225 1 7 2 1   3 0
226 1 4 2 1   0 0
227 1 1 1 2   0 1
228 4 1 1 2  -8 0
229 5 6 2 1   3 0
230 3 7 1 2   4 0
231 1 5 1 2   1 0
232 1 1 1 2  -4 0
233 4 3 1 2   0 0
234 3 4 1 2  -1 0
235 5 7 1 2   3 0
236 2 3 2 1   1 0
237 2 2 1 2  -2 0
238 4 4 2 1   0 0
239 2 3 2 1  -1 0
240 1 2 1 2  -2 0
241 1 4 1 2   0 0
242 2 3 1 2   0 0
243 5 6 2 1   3 0
244 2 6 1 2   2 0
245 5 7 1 2   2 0
246 3 2 2 1  -3 0
247 1 2 2 1  -4 0
248 2 5 2 1   2 0
249 2 4 1 2   0 0
250 4 2 2 1   2 0
251 5 4 1 2   0 0
252 1 6 1 2   2 0
253 1 6 2 1   3 0
254 5 1 2 1  -7 0
255 4 4 1 2   0 0
256 5 3 1 2   0 0
257 3 1 1 2  -6 0
258 5 7 2 1   6 0
259 5 4 2 1   0 0
260 4 2 2 1  -4 0
261 2 1 1 2  -6 0
262 4 5 1 2   2 0
263 1 2 1 2   0 0
264 3 1 1 2  -6 0
265 5 2 2 1  -3 0
266 5 7 2 1   5 0
267 2 3 1 2   0 0
268 4 1 2 1  -7 0
269 5 4 1 2   0 0
270 2 2 2 1  -5 0
271 5 7 2 1   0 1
272 2 3 1 2  -1 0
273 2 4 1 2   0 0
274 5 7 1 2   4 0
275 1 2 2 1  -5 0
276 4 7 2 1   5 0
277 1 6 1 2   4 0
278 2 6 2 1   3 0
279 3 4 1 2   0 0
280 2 1 1 2 -10 0
281 1 6 1 2   4 0
282 1 4 2 1   0 0
283 5 4 1 2   0 0
284 5 4 2 1   0 0
285 5 5 1 2   2 0
286 4 4 1 2   0 0
287 2 4 2 1   0 0
288 2 7 1 2   7 0
289 5 4 2 1   0 0
290 5 6 2 1   3 0
291 3 2 1 2  -7 0
292 2 3 1 2  -2 0
293 2 7 2 1   6 0
294 4 1 2 1  -8 0
295 2 4 1 2   0 0
296 2 3 2 1  -3 0
297 5 1 1 2  -9 0
298 1 4 1 2  -1 0
299 2 5 2 1   0 0
300 1 3 1 2  -2 0
301 4 3 1 2  -1 0
302 3 5 1 2   1 0
303 3 7 1 2   4 0
304 2 2 2 1  -5 0
305 3 1 2 1 -10 0
306 4 5 1 2   1 0
307 4 3 1 2  -1 0
308 4 7 1 2   5 0
309 1 6 2 1   5 0
310 2 1 2 1  -8 0
311 3 3 1 2  -1 0
312 3 4 1 2   0 0
313 5 6 2 1   3 0
314 1 2 2 1  -6 0
315 3 2 2 1  -7 0
316 3 1 1 2  -5 0
317 2 4 2 1   0 0
318 2 6 1 2   2 0
319 5 5 2 1   2 0
320 3 2 1 2  -4 0
321 4 2 2 1  -5 0
322 5 1 1 2  -6 0
323 4 5 1 2   1 0
324 3 5 1 2   1 0
325 5 5 1 2   1 0
326 4 3 2 1  -2 0
327 4 6 2 1   3 0
328 1 4 1 2   0 0
329 3 6 1 2   3 0
330 2 4 2 1   0 0
331 4 3 1 2   0 0
332 1 5 2 1   0 0
333 4 1 1 2  -9 0
334 4 3 1 2  -1 0
335 1 6 2 1   2 0
336 5 5 2 1   1 0
337 1 4 1 2   0 0
338 3 2 2 1  -5 0
339 2 1 2 1  -9 0
340 5 5 2 1   1 0
341 1 6 2 1   4 0
342 3 3 1 2  -2 0
343 4 2 1 2  -4 0
344 4 7 1 2   4 0
345 3 2 1 2  -4 0
346 2 2 2 1  -4 0
347 3 6 1 2   3 0
348 1 1 2 1  -6 0
349 5 7 1 2   4 0
350 4 3 2 1  -2 0
