0.60 0.60 0.60 0.60 0 0 0 0
0.60 0.60 0.60 0.60 0 0 0 0
0.62 0.62 0.62 0.62 0 1 0 0
0.62 0.60 0.62 0.62 0 0 0 0
0.64 0.60 0.64 0.64 0 1 0 0
0.64 0.58 0.64 0.64 0 1 0 0
0.66 0.56 0.66 0.66 0 1 0 0
0.66 0.54 0.66 0.66 0 1 0 0
0.68 0.52 0.68 0.68 0 1 0 0
0.68 0.50 0.68 0.68 0 1 0 0
0.70 0.48 0.70 0.70 0 1 0 0
0.70 0.46 0.70 0.70 0 0 0 0
0.72 0.46 0.72 0.72 0 1 0 0
0.72 0.44 0.72 0.72 0 0 0 0
0.74 0.44 0.74 0.74 0 1 0 0
0.74 0.42 0.74 0.74 0 1 0 0
0.76 0.40 0.76 0.76 0 1 0 0
0.76 0.38 0.76 0.76 0 0 0 0
0.78 0.38 0.78 0.78 0 0 0 0
0.78 0.40 0.78 0.78 0 0 0 0
0.80 0.40 0.80 0.80 0 0 0 0
0.80 0.42 0.80 0.80 0 0 0 0
0.82 0.42 0.82 0.82 0 0 0 0
0.82 0.44 0.82 0.82 0 1 0 1
0.84 0.42 0.84 0.80 0 0 0 0
0.84 0.42 0.84 0.80 0 0 0 0
0.86 0.44 0.86 0.82 0 0 0 0
0.86 0.44 0.86 0.82 0 0 0 0
0.88 0.46 0.88 0.84 0 0 0 0
0.88 0.46 0.88 0.84 0 0 0 0
0.90 0.48 0.90 0.86 0 1 0 0
0.90 0.46 0.90 0.86 0 1 0 1
0.92 0.44 0.92 0.84 0 0 0 0
0.92 0.44 0.92 0.84 0 0 0 0
0.94 0.46 0.94 0.86 0 0 0 0
0.94 0.46 0.94 0.86 0 0 0 0
0.96 0.48 0.96 0.88 0 1 0 0
0.96 0.46 0.96 0.88 0 1 0 0
0.98 0.44 0.98 0.90 0 0 0 0
0.98 0.44 0.98 0.90 0 1 0 0
1.00 0.42 1.00 0.92 0 0 0 0
1.00 0.42 1.00 0.92 0 1 0 0
1.02 0.40 1.02 0.94 0 0 0 0
1.02 0.40 1.02 0.94 0 0 0 0
1.04 0.42 1.04 0.96 0 0 0 0
1.04 0.42 1.04 0.96 0 0 0 1
1.06 0.44 1.06 0.94 0 1 0 1
1.06 0.42 1.06 0.92 0 1 0 0
1.08 0.40 1.08 0.92 0 1 0 1
1.08 0.38 1.08 0.90 0 0 0 0
1.10 0.38 1.10 0.90 0 0 0 0
1.10 0.40 1.10 0.92 0 0 0 0
1.12 0.40 1.12 0.92 0 0 0 0
1.12 0.42 1.12 0.94 0 1 0 0
1.14 0.40 1.14 0.94 0 0 0 0
1.14 0.40 1.14 0.96 0 1 0 0
1.16 0.38 1.16 0.96 0 0 0 0
1.16 0.38 1.16 0.98 0 0 0 0
1.18 0.40 1.18 0.98 0 0 0 0
1.18 0.40 1.18 1.00 0 1 0 0
1.20 0.38 1.20 1.00 0 1 0 0
1.20 0.36 1.20 1.02 0 0 0 0
1.22 0.36 1.22 1.02 0 0 0 0
1.22 0.38 1.22 1.04 0 1 0 0
1.24 0.36 1.24 1.04 0 1 0 0
1.24 0.34 1.24 1.06 0 1 0 1
1.26 0.32 1.26 1.04 0 0 0 0
1.26 0.32 1.26 1.04 0 0 0 0
1.28 0.34 1.28 1.06 0 0 0 0
1.28 0.34 1.28 1.06 0 0 0 0
1.30 0.36 1.30 1.08 0 1 0 0
1.30 0.34 1.30 1.08 0 1 0 0
1.32 0.32 1.32 1.10 0 0 0 0
1.32 0.32 1.32 1.10 0 1 0 0
1.34 0.30 1.34 1.12 0 1 0 0
1.34 0.28 1.34 1.12 0 1 0 0
1.36 0.26 1.36 1.14 0 0 0 0
1.36 0.26 1.36 1.14 0 1 0 0
1.38 0.24 1.38 1.16 0 1 0 0
1.38 0.22 1.38 1.16 0 0 0 0
1.40 0.22 1.40 1.18 0 0 0 0
1.40 0.24 1.40 1.18 0 0 0 0
1.42 0.24 1.42 1.20 0 0 0 0
1.42 0.26 1.42 1.20 0 0 0 0
1.44 0.26 1.44 1.22 0 0 0 0
1.44 0.28 1.44 1.22 0 1 0 0
1.46 0.26 1.46 1.24 0 0 0 0
1.46 0.26 1.46 1.24 0 1 0 1
1.48 0.24 1.48 1.22 0 1 0 0
1.48 0.22 1.48 1.22 0 0 0 1
1.50 0.22 1.50 1.20 0 0 0 0
1.50 0.24 1.50 1.20 0 1 0 1
1.52 0.22 1.52 1.18 0 0 0 0
1.52 0.22 1.52 1.18 0 0 0 0
1.54 0.24 1.54 1.20 0 0 0 0
1.54 0.24 1.54 1.20 0 0 0 0
1.56 0.26 1.56 1.22 0 0 0 0
1.56 0.26 1.56 1.22 0 0 0 0
1.58 0.28 1.58 1.24 0 0 0 0
1.58 0.28 1.58 1.24 0 1 0 0
1.60 0.26 1.60 1.26 0 0 0 0
1.60 0.26 1.60 1.26 0 1 0 0
1.62 0.24 1.62 1.28 0 0 0 0
1.62 0.24 1.62 1.28 0 1 0 1
1.64 0.22 1.64 1.26 0 0 0 0
1.64 0.22 1.64 1.26 0 0 0 0
1.66 0.24 1.66 1.28 0 1 0 0
1.66 0.22 1.66 1.28 0 0 0 0
1.68 0.22 1.68 1.30 0 0 0 0
1.68 0.24 1.68 1.30 0 0 0 0
1.70 0.24 1.70 1.32 0 0 0 0
1.70 0.26 1.70 1.32 0 0 0 0
1.72 0.26 1.72 1.34 0 0 0 0
1.72 0.28 1.72 1.34 0 0 0 0
1.74 0.28 1.74 1.36 0 1 0 0
1.74 0.26 1.74 1.36 0 0 0 0
1.76 0.26 1.76 1.38 0 0 0 0
1.76 0.28 1.76 1.38 0 1 0 0
1.78 0.26 1.78 1.40 0 0 0 0
1.78 0.26 1.78 1.40 0 0 0 0
1.80 0.28 1.80 1.42 0 0 0 0
1.80 0.28 1.80 1.42 0 1 0 0
1.82 0.26 1.82 1.44 0 1 0 0
1.82 0.24 1.82 1.44 0 0 0 0
1.84 0.24 1.84 1.46 0 1 0 0
1.84 0.22 1.84 1.46 0 0 0 0
1.86 0.22 1.86 1.48 0 0 0 0
1.86 0.24 1.86 1.48 0 0 0 0
1.88 0.24 1.88 1.50 0 0 0 0
1.88 0.26 1.88 1.50 0 1 0 0
1.90 0.24 1.90 1.52 0 0 0 0
1.90 0.24 1.90 1.52 0 1 0 0
1.92 0.22 1.92 1.54 0 0 0 0
1.92 0.22 1.92 1.54 0 0 0 0
1.94 0.24 1.94 1.56 0 0 0 0
1.94 0.24 1.94 1.56 0 1 0 0
1.96 0.22 1.96 1.58 0 0 0 0
1.96 0.22 1.96 1.58 0 0 0 0
1.98 0.24 1.98 1.60 0 0 0 0
1.98 0.24 1.98 1.60 0 0 0 0
2.00 0.26 2.00 1.62 0 1 0 1
2.00 0.24 2.00 1.60 0 0 0 0
2.02 0.24 2.02 1.60 0 1 0 0
2.02 0.22 2.02 1.62 0 1 0 1
2.04 0.20 2.04 1.60 0 0 0 1
2.04 0.20 2.04 1.58 0 0 0 0
2.06 0.22 2.06 1.58 0 0 0 0
2.06 0.22 2.06 1.60 0 1 0 1
2.08 0.20 2.08 1.58 0 1 0 1
2.08 0.18 2.08 1.56 0 1 0 1
2.10 0.16 2.10 1.54 0 0 0 0
2.10 0.16 2.10 1.54 0 1 0 1
2.12 0.14 2.12 1.52 0 0 0 0
2.12 0.14 2.12 1.52 0 0 0 1
2.14 0.16 2.14 1.50 0 0 0 1
2.14 0.16 2.14 1.48 0 0 0 0
2.16 0.18 2.16 1.48 0 1 0 1
2.16 0.16 2.16 1.46 0 0 0 0
2.18 0.16 2.18 1.46 0 1 0 1
2.18 0.14 2.18 1.44 0 0 1 1
2.20 0.14 2.16 1.42 0 0 0 0
2.20 0.16 2.16 1.42 0 0 0 1
2.22 0.16 2.18 1.40 0 0 0 0
2.22 0.18 2.18 1.40 0 0 0 0
2.24 0.18 2.20 1.42 0 0 0 1
2.24 0.20 2.20 1.40 0 0 0 0
2.26 0.20 2.22 1.40 0 0 0 0
2.26 0.22 2.22 1.42 0 0 0 0
2.28 0.22 2.24 1.42 0 0 0 0
2.28 0.24 2.24 1.44 0 0 0 1
2.30 0.24 2.26 1.42 0 0 0 0
2.30 0.26 2.26 1.42 0 0 0 0
2.32 0.26 2.28 1.44 0 1 0 0
2.32 0.24 2.28 1.44 0 0 0 0
2.34 0.24 2.30 1.46 0 0 0 0
2.34 0.26 2.30 1.46 0 0 0 0
2.36 0.26 2.32 1.48 0 0 0 0
2.36 0.28 2.32 1.48 0 0 0 0
2.38 0.28 2.34 1.50 0 1 0 0
2.38 0.26 2.34 1.50 0 1 0 0
2.40 0.24 2.36 1.52 0 0 0 0
2.40 0.24 2.36 1.52 0 0 0 0
2.42 0.26 2.38 1.54 0 0 0 0
2.42 0.26 2.38 1.54 0 0 0 0
2.44 0.28 2.40 1.56 0 0 0 0
2.44 0.28 2.40 1.56 0 1 0 1
2.46 0.26 2.42 1.54 0 0 0 0
2.46 0.26 2.42 1.54 0 1 0 0
2.48 0.24 2.44 1.56 0 0 0 0
2.48 0.24 2.44 1.56 0 1 0 0
2.50 0.22 2.46 1.58 0 0 0 0
2.50 0.22 2.46 1.58 0 0 0 1
2.52 0.24 2.48 1.56 0 0 0 0
2.52 0.24 2.48 1.56 0 1 0 0
2.54 0.22 2.50 1.58 0 0 0 0
2.54 0.22 2.50 1.58 0 0 0 0
2.56 0.24 2.52 1.60 0 0 0 0
2.56 0.24 2.52 1.60 0 0 0 0
2.58 0.26 2.54 1.62 0 0 0 1
2.58 0.26 2.54 1.60 0 0 0 0
2.60 0.28 2.56 1.60 0 0 0 0
2.60 0.28 2.56 1.62 0 1 0 0
2.62 0.26 2.58 1.62 0 1 1 0
2.62 0.24 2.56 1.64 0 1 0 1
2.64 0.22 2.56 1.62 0 0 0 0
2.64 0.22 2.58 1.62 0 0 0 0
2.66 0.24 2.58 1.64 0 0 0 0
2.66 0.24 2.60 1.64 0 0 0 0
2.68 0.26 2.60 1.66 0 1 0 1
2.68 0.24 2.62 1.64 0 0 0 0
2.70 0.24 2.62 1.64 0 1 0 0
2.70 0.22 2.64 1.66 0 0 0 0
2.72 0.22 2.64 1.66 0 0 0 0
2.72 0.24 2.66 1.68 0 0 0 0
2.74 0.24 2.66 1.68 0 0 0 0
2.74 0.26 2.68 1.70 0 0 0 0
2.76 0.26 2.68 1.70 0 1 0 1
2.76 0.24 2.70 1.68 0 0 0 0
2.78 0.24 2.70 1.68 0 1 0 1
2.78 0.22 2.72 1.66 0 0 0 0
2.80 0.22 2.72 1.66 0 1 0 0
2.80 0.20 2.74 1.68 0 0 0 0
2.82 0.20 2.74 1.68 0 0 0 0
2.82 0.22 2.76 1.70 0 1 0 1
2.84 0.20 2.76 1.68 0 0 0 0
2.84 0.20 2.78 1.68 0 1 0 1
2.86 0.18 2.78 1.66 0 0 0 0
2.86 0.18 2.80 1.66 0 0 0 0
2.88 0.20 2.80 1.68 0 0 0 0
2.88 0.20 2.82 1.68 0 0 0 0
2.90 0.22 2.82 1.70 0 0 0 0
2.90 0.22 2.84 1.70 0 1 0 0
2.92 0.20 2.84 1.72 0 0 0 0
2.92 0.20 2.86 1.72 0 0 0 0
2.94 0.22 2.86 1.74 0 0 0 0
2.94 0.22 2.88 1.74 0 1 0 1
2.96 0.20 2.88 1.72 0 0 0 0
2.96 0.20 2.90 1.72 0 0 0 1
2.98 0.22 2.90 1.70 0 0 0 0
2.98 0.22 2.92 1.70 0 1 0 1
3.00 0.20 2.92 1.68 0 0 0 0
3.00 0.20 2.94 1.68 0 0 0 0
3.02 0.22 2.94 1.70 0 1 0 1
3.02 0.20 2.96 1.68 0 0 0 0
3.04 0.20 2.96 1.68 0 0 0 1
3.04 0.22 2.98 1.66 0 0 0 0
3.06 0.22 2.98 1.66 0 0 0 0
3.06 0.24 3.00 1.68 0 0 0 0
3.08 0.24 3.00 1.68 0 0 0 1
3.08 0.26 3.02 1.66 0 0 0 0
3.10 0.26 3.02 1.66 0 0 0 1
3.10 0.28 3.04 1.64 0 0 0 0
3.12 0.28 3.04 1.64 0 1 0 0
3.12 0.26 3.06 1.66 0 0 0 0
3.14 0.26 3.06 1.66 0 0 0 0
3.14 0.28 3.08 1.68 0 0 0 0
3.16 0.28 3.08 1.68 0 0 0 0
3.16 0.30 3.10 1.70 0 1 0 1
3.18 0.28 3.10 1.68 0 1 0 0
3.18 0.26 3.12 1.68 0 0 0 0
3.20 0.26 3.12 1.70 0 0 0 1
3.20 0.28 3.14 1.68 0 1 0 0
3.22 0.26 3.14 1.68 0 0 0 1
3.22 0.26 3.16 1.66 0 1 0 0
3.24 0.24 3.16 1.66 0 0 0 1
3.24 0.24 3.18 1.64 0 1 0 0
3.26 0.22 3.18 1.64 0 1 0 1
3.26 0.20 3.20 1.62 0 1 0 0
3.28 0.18 3.20 1.62 0 0 0 0
3.28 0.18 3.22 1.64 0 0 0 0
3.30 0.20 3.22 1.64 0 0 0 1
3.30 0.20 3.24 1.62 0 0 0 0
3.32 0.22 3.24 1.62 0 1 0 0
3.32 0.20 3.26 1.64 0 0 0 1
3.34 0.20 3.26 1.62 0 0 0 0
3.34 0.22 3.28 1.62 0 1 0 0
3.36 0.20 3.28 1.64 0 1 0 0
3.36 0.18 3.30 1.64 0 0 0 1
3.38 0.18 3.30 1.62 0 0 0 0
3.38 0.20 3.32 1.62 0 0 0 0
3.40 0.20 3.32 1.64 0 0 0 0
3.40 0.22 3.34 1.64 0 0 0 1
3.42 0.22 3.34 1.62 0 1 0 0
3.42 0.20 3.36 1.62 0 0 0 1
3.44 0.20 3.36 1.60 0 1 0 0
3.44 0.18 3.38 1.60 0 0 0 0
3.46 0.18 3.38 1.62 0 0 0 1
3.46 0.20 3.40 1.60 0 0 0 0
3.48 0.20 3.40 1.60 0 0 0 0
3.48 0.22 3.42 1.62 0 0 1 1
3.50 0.22 3.40 1.60 0 1 0 0
3.50 0.20 3.40 1.60 0 0 1 1
3.52 0.20 3.38 1.58 0 1 0 0
3.52 0.18 3.38 1.58 0 0 0 0
3.54 0.18 3.40 1.60 0 1 0 1
3.54 0.16 3.40 1.58 0 0 0 0
3.56 0.16 3.42 1.58 0 1 0 0
3.56 0.14 3.42 1.60 0 0 1 1
3.58 0.14 3.40 1.58 0 0 1 1
3.58 0.16 3.38 1.56 0 0 0 0
3.60 0.16 3.38 1.56 0 0 0 0
3.60 0.18 3.40 1.58 0 0 0 0
3.62 0.18 3.40 1.58 0 1 0 0
3.62 0.16 3.42 1.60 0 1 0 0
3.64 0.14 3.42 1.60 0 0 1 1
3.64 0.14 3.40 1.58 0 0 0 0
3.66 0.16 3.40 1.58 0 0 0 0
3.66 0.16 3.42 1.60 0 0 1 1
3.68 0.18 3.40 1.58 0 0 0 0
3.68 0.18 3.40 1.58 0 0 0 0
3.70 0.20 3.42 1.60 0 1 0 0
3.70 0.18 3.42 1.60 0 0 0 1
3.72 0.18 3.44 1.58 0 0 0 0
3.72 0.20 3.44 1.58 0 0 0 0
3.74 0.20 3.46 1.60 0 0 0 0
3.74 0.22 3.46 1.60 0 0 0 0
3.76 0.22 3.48 1.62 0 1 0 0
3.76 0.20 3.48 1.62 0 0 0 0
3.78 0.20 3.50 1.64 0 0 0 0
3.78 0.22 3.50 1.64 0 1 0 1
3.80 0.20 3.52 1.62 0 1 0 0
3.80 0.18 3.52 1.62 0 1 0 0
3.82 0.16 3.54 1.64 0 0 0 0
3.82 0.16 3.54 1.64 0 0 0 0
3.84 0.18 3.56 1.66 0 1 0 0
3.84 0.16 3.56 1.66 0 0 0 1
3.86 0.16 3.58 1.64 0 1 0 1
3.86 0.14 3.58 1.62 0 0 0 0
3.88 0.14 3.60 1.62 0 0 0 1
3.88 0.16 3.60 1.60 0 0 0 0
3.90 0.16 3.62 1.60 0 0 0 0
3.90 0.18 3.62 1.62 0 0 0 1
3.92 0.18 3.64 1.60 0 0 0 1
3.92 0.20 3.64 1.58 0 0 0 1
3.94 0.20 3.66 1.56 0 1 0 0
3.94 0.18 3.66 1.56 0 1 0 0
3.96 0.16 3.68 1.58 0 0 0 0
3.96 0.16 3.68 1.58 0 1 0 0
3.98 0.14 3.70 1.60 0 0 0 0
3.98 0.14 3.70 1.60 0 0 0 0
4.00 0.16 3.72 1.62 0 1 0 0
4.00 0.14 3.72 1.62 0 0 1 1
4.02 0.14 3.70 1.60 0 1 0 0
4.02 0.12 3.70 1.60 0 0 0 0
4.04 0.12 3.72 1.62 0 0 0 0
4.04 0.14 3.72 1.62 0 0 1 1
4.06 0.14 3.70 1.60 0 0 0 1
4.06 0.16 3.70 1.58 0 0 0 0
4.08 0.16 3.72 1.58 0 1 1 1
4.08 0.14 3.70 1.56 0 0 0 1
