1.72 1.76 1.86 1.76 0 0 0 0
1.72 1.76 1.86 1.76 0 0 1 0
1.72 1.76 1.84 1.76 0 0 0 0
1.74 1.78 1.84 1.78 0 0 0 0
1.74 1.78 1.84 1.78 0 0 0 0
1.74 1.78 1.86 1.78 0 0 0 0
1.76 1.80 1.86 1.80 0 0 0 0
1.76 1.80 1.86 1.80 0 0 0 0
1.76 1.80 1.88 1.80 0 0 1 0
1.78 1.82 1.86 1.82 0 0 0 0
1.78 1.82 1.86 1.82 1 1 0 1
1.76 1.80 1.86 1.80 1 1 1 1
1.74 1.78 1.84 1.78 0 1 1 1
1.74 1.76 1.82 1.76 1 1 1 1
1.72 1.74 1.80 1.74 0 0 0 0
1.72 1.74 1.80 1.74 0 0 0 0
1.72 1.74 1.80 1.74 1 1 0 1
1.70 1.72 1.82 1.72 0 0 0 0
1.70 1.72 1.82 1.72 0 0 0 0
1.70 1.72 1.82 1.72 0 0 0 0
1.72 1.74 1.84 1.74 0 0 0 0
1.72 1.74 1.84 1.74 0 0 0 0
1.72 1.74 1.84 1.74 1 1 0 1
1.70 1.72 1.86 1.72 1 1 0 1
1.68 1.70 1.86 1.70 0 0 1 1
1.68 1.70 1.84 1.68 0 0 1 1
1.68 1.70 1.82 1.66 0 1 0 0
1.70 1.68 1.82 1.66 0 0 1 1
1.70 1.68 1.80 1.64 0 0 0 0
1.70 1.68 1.80 1.64 1 1 0 0
1.68 1.66 1.80 1.64 0 0 0 0
1.68 1.66 1.82 1.66 0 0 0 0
1.68 1.66 1.82 1.66 0 0 0 0
1.70 1.68 1.82 1.66 0 0 0 0
1.70 1.68 1.84 1.68 0 0 0 0
1.70 1.68 1.84 1.68 0 0 0 0
1.72 1.70 1.84 1.68 0 0 0 0
1.72 1.70 1.86 1.70 0 1 1 0
1.72 1.68 1.84 1.70 0 0 1 1
1.74 1.68 1.82 1.68 0 0 1 1
1.74 1.68 1.80 1.66 0 0 0 0
1.74 1.70 1.80 1.66 0 0 0 0
1.76 1.70 1.80 1.66 0 0 0 0
1.76 1.70 1.82 1.68 1 0 1 0
1.74 1.72 1.80 1.68 0 0 0 0
1.74 1.72 1.80 1.68 0 0 0 0
1.74 1.72 1.80 1.70 0 0 1 0
1.76 1.74 1.78 1.70 0 0 0 0
1.76 1.74 1.78 1.70 0 0 1 1
1.76 1.74 1.76 1.68 0 0 0 0
1.78 1.76 1.76 1.68 0 0 0 0
1.78 1.76 1.76 1.68 0 0 0 0
1.78 1.76 1.78 1.70 0 0 0 0
1.80 1.78 1.78 1.70 0 0 0 0
1.80 1.78 1.78 1.70 0 0 0 1
1.80 1.78 1.80 1.68 1 1 1 1
1.78 1.76 1.78 1.66 1 1 0 1
1.76 1.74 1.78 1.64 0 0 0 0
1.76 1.74 1.78 1.64 0 0 0 0
1.76 1.74 1.80 1.64 0 0 0 0
1.78 1.76 1.80 1.66 1 1 0 0
1.76 1.74 1.80 1.66 0 0 0 0
1.76 1.74 1.82 1.66 0 0 0 0
1.76 1.74 1.82 1.68 1 1 1 1
1.74 1.72 1.80 1.66 1 1 1 1
1.72 1.70 1.78 1.64 0 0 0 0
1.72 1.70 1.78 1.64 0 0 0 0
1.72 1.70 1.78 1.64 1 0 1 1
1.70 1.72 1.76 1.62 0 0 0 0
1.70 1.72 1.76 1.62 1 0 0 0
1.68 1.72 1.76 1.62 0 0 0 0
1.68 1.74 1.78 1.64 0 0 0 0
1.68 1.74 1.78 1.64 0 0 0 0
1.70 1.74 1.78 1.64 0 0 0 0
1.70 1.76 1.80 1.66 0 0 0 0
1.70 1.76 1.80 1.66 0 0 0 0
1.72 1.76 1.80 1.66 1 0 1 1
1.70 1.78 1.78 1.64 1 0 1 1
1.68 1.78 1.76 1.62 0 0 0 0
1.68 1.78 1.76 1.62 0 0 0 0
1.68 1.80 1.76 1.62 0 0 0 0
1.70 1.80 1.78 1.64 0 0 0 0
1.70 1.80 1.78 1.64 0 0 0 0
1.70 1.82 1.78 1.64 1 1 0 0
1.68 1.80 1.80 1.66 1 1 0 1
1.66 1.78 1.80 1.64 1 0 1 1
1.64 1.78 1.78 1.62 0 0 0 0
1.64 1.78 1.78 1.62 0 0 0 0
1.64 1.80 1.78 1.62 1 1 1 0
1.62 1.78 1.76 1.64 0 0 0 0
1.62 1.78 1.76 1.64 1 1 0 0
1.60 1.76 1.76 1.64 1 1 1 1
1.58 1.74 1.74 1.62 0 1 0 0
1.58 1.72 1.74 1.62 0 0 0 0
1.58 1.72 1.74 1.62 1 1 0 1
1.56 1.70 1.76 1.60 1 1 0 1
1.54 1.68 1.76 1.58 0 0 0 0
1.54 1.68 1.76 1.58 1 1 0 0
1.52 1.66 1.78 1.58 1 1 1 1
1.50 1.64 1.76 1.56 0 0 0 0
1.50 1.64 1.76 1.56 1 1 1 1
1.48 1.62 1.74 1.54 1 1 1 1
1.46 1.60 1.72 1.52 1 1 0 0
1.44 1.58 1.72 1.52 1 1 1 1
1.42 1.56 1.70 1.50 0 0 0 0
1.42 1.56 1.70 1.50 0 0 0 1
1.42 1.56 1.70 1.48 0 0 0 0
1.44 1.58 1.72 1.48 0 0 0 0
1.44 1.58 1.72 1.48 0 0 0 0
1.44 1.58 1.72 1.50 0 0 0 0
1.46 1.60 1.74 1.50 0 0 0 0
1.46 1.60 1.74 1.50 0 0 0 0
1.46 1.60 1.74 1.52 0 0 0 0
1.48 1.62 1.76 1.52 0 0 0 0
1.48 1.62 1.76 1.52 0 0 0 0
1.48 1.62 1.76 1.54 0 0 1 0
1.50 1.64 1.74 1.54 0 1 0 1
1.50 1.62 1.74 1.52 0 0 0 0
1.50 1.62 1.74 1.52 0 0 0 0
1.52 1.62 1.76 1.52 0 0 0 0
1.52 1.64 1.76 1.54 0 0 1 0
1.52 1.64 1.74 1.54 0 0 0 0
1.54 1.64 1.74 1.54 0 0 0 0
1.54 1.66 1.74 1.56 0 0 0 0
1.54 1.66 1.76 1.56 0 0 0 0
1.56 1.66 1.76 1.56 0 0 0 0
1.56 1.68 1.76 1.58 1 1 1 1
1.54 1.66 1.74 1.56 0 0 0 0
1.54 1.66 1.74 1.56 0 0 1 1
1.54 1.66 1.72 1.54 1 1 1 1
1.52 1.64 1.70 1.52 0 0 1 1
1.52 1.64 1.68 1.50 0 0 0 0
1.52 1.64 1.68 1.50 1 1 1 1
1.50 1.62 1.66 1.48 0 0 1 1
1.50 1.62 1.64 1.46 0 0 0 0
1.50 1.62 1.64 1.46 0 0 0 0
1.52 1.64 1.64 1.46 0 0 0 0
1.52 1.64 1.66 1.48 0 0 0 0
1.52 1.64 1.66 1.48 0 0 0 0
1.54 1.66 1.66 1.48 0 0 0 0
1.54 1.66 1.68 1.50 0 0 0 0
1.54 1.66 1.68 1.50 0 1 0 0
1.56 1.64 1.68 1.50 0 0 0 0
1.56 1.64 1.70 1.52 0 0 0 0
1.56 1.64 1.70 1.52 0 0 0 0
1.58 1.66 1.70 1.52 0 0 1 1
1.58 1.66 1.68 1.50 0 0 1 1
1.58 1.66 1.66 1.48 0 1 1 1
1.60 1.64 1.64 1.46 0 0 0 0
1.60 1.64 1.64 1.46 0 0 0 0
1.60 1.64 1.64 1.46 0 0 0 0
1.62 1.66 1.66 1.48 0 0 0 0
1.62 1.66 1.66 1.48 0 0 0 0
1.62 1.66 1.66 1.48 0 0 0 0
1.64 1.68 1.68 1.50 0 0 0 0
1.64 1.68 1.68 1.50 0 0 0 0
1.64 1.68 1.68 1.50 1 1 1 1
1.62 1.66 1.66 1.48 1 1 0 1
1.60 1.64 1.66 1.46 0 0 1 1
1.60 1.64 1.64 1.44 0 0 0 0
1.60 1.64 1.64 1.44 1 1 0 0
1.58 1.62 1.64 1.44 1 1 0 1
1.56 1.60 1.66 1.42 0 0 0 0
1.56 1.60 1.66 1.42 0 0 0 0
1.56 1.60 1.66 1.42 1 1 1 1
1.54 1.58 1.64 1.40 0 0 0 0
1.54 1.58 1.64 1.40 0 0 0 0
1.54 1.58 1.64 1.40 0 0 0 0
1.56 1.60 1.66 1.42 0 0 0 0
1.56 1.60 1.66 1.42 1 1 0 1
1.54 1.58 1.66 1.40 1 1 1 1
1.52 1.56 1.64 1.38 0 0 0 0
1.52 1.56 1.64 1.38 0 0 0 0
1.52 1.56 1.64 1.38 1 1 0 0
1.50 1.54 1.66 1.40 1 1 0 0
1.48 1.52 1.66 1.40 1 1 0 0
1.46 1.50 1.66 1.40 1 1 1 0
1.44 1.48 1.64 1.42 0 0 0 0
1.44 1.48 1.64 1.42 0 0 0 0
1.44 1.48 1.64 1.42 0 0 0 0
1.46 1.50 1.66 1.44 0 0 0 0
1.46 1.50 1.66 1.44 1 0 1 1
1.44 1.50 1.64 1.42 0 0 0 0
1.44 1.52 1.64 1.42 0 0 0 0
1.44 1.52 1.64 1.42 1 1 1 1
1.42 1.50 1.62 1.40 0 0 0 0
1.42 1.50 1.62 1.40 1 1 0 0
1.40 1.48 1.62 1.40 1 1 0 0
1.38 1.46 1.64 1.42 1 1 0 0
1.36 1.44 1.64 1.42 0 0 0 0
1.36 1.44 1.64 1.42 1 1 0 0
1.34 1.42 1.66 1.44 0 0 0 0
1.34 1.42 1.66 1.44 1 1 1 1
1.32 1.40 1.64 1.42 0 0 0 1
1.32 1.40 1.64 1.40 1 1 1 1
1.30 1.38 1.62 1.38 1 1 0 0
1.28 1.36 1.62 1.38 0 0 0 0
1.28 1.36 1.62 1.38 0 0 0 0
1.28 1.36 1.64 1.40 0 0 0 0
1.30 1.38 1.64 1.40 0 0 0 0
1.30 1.38 1.64 1.40 1 1 0 0
1.28 1.36 1.66 1.42 0 0 0 0
1.28 1.36 1.66 1.42 1 1 1 1
1.26 1.34 1.64 1.40 1 1 0 1
1.24 1.32 1.64 1.38 1 1 1 1
1.22 1.30 1.62 1.36 0 0 0 0
1.22 1.30 1.62 1.36 0 0 0 0
1.22 1.30 1.62 1.36 0 0 0 0
1.24 1.32 1.64 1.38 1 1 1 1
1.22 1.30 1.62 1.36 0 0 0 0
1.22 1.30 1.62 1.36 0 0 0 0
1.22 1.30 1.62 1.36 0 0 0 0
1.24 1.32 1.64 1.38 1 0 0 0
1.22 1.32 1.64 1.38 0 0 0 0
1.22 1.32 1.64 1.38 1 1 1 1
1.20 1.30 1.62 1.36 0 0 0 0
1.20 1.30 1.62 1.36 0 1 1 1
1.20 1.28 1.60 1.34 1 1 1 1
1.18 1.26 1.58 1.32 0 0 0 0
1.18 1.26 1.58 1.32 1 1 1 1
1.16 1.24 1.56 1.30 1 1 1 1
1.14 1.22 1.54 1.28 0 1 0 1
1.14 1.20 1.54 1.26 0 0 0 0
1.14 1.20 1.54 1.26 0 0 1 1
1.16 1.20 1.52 1.24 0 1 0 0
1.16 1.18 1.52 1.24 0 0 0 0
1.16 1.18 1.52 1.24 0 0 0 0
1.18 1.18 1.54 1.26 1 0 0 1
1.16 1.20 1.54 1.24 0 0 0 0
1.16 1.20 1.54 1.24 0 0 0 0
1.16 1.20 1.56 1.24 0 0 0 1
1.18 1.22 1.56 1.22 0 0 0 0
1.18 1.22 1.56 1.22 0 0 0 0
1.18 1.22 1.58 1.22 0 0 0 0
1.20 1.24 1.58 1.24 0 0 0 0
1.20 1.24 1.58 1.24 1 1 1 1
1.18 1.22 1.56 1.22 1 1 0 1
1.16 1.20 1.56 1.20 0 0 0 0
1.16 1.20 1.56 1.20 0 0 0 0
1.16 1.20 1.58 1.20 1 1 0 0
1.14 1.18 1.58 1.22 1 1 0 1
1.12 1.16 1.58 1.20 0 0 0 0
1.12 1.16 1.60 1.20 0 0 0 0
1.12 1.16 1.60 1.20 0 0 0 0
1.14 1.18 1.60 1.22 0 0 0 0
1.14 1.18 1.62 1.22 0 0 0 0
1.14 1.18 1.62 1.22 0 0 0 0
1.16 1.20 1.62 1.24 1 0 1 1
1.14 1.20 1.60 1.22 0 0 0 0
1.14 1.20 1.60 1.22 0 0 0 0
1.14 1.22 1.60 1.22 0 0 0 0
1.16 1.22 1.62 1.24 0 0 0 0
1.16 1.22 1.62 1.24 1 1 0 1
1.14 1.20 1.62 1.22 0 0 0 1
1.14 1.20 1.64 1.20 0 1 1 1
1.14 1.18 1.62 1.18 0 0 0 1
1.16 1.18 1.62 1.16 0 0 0 0
1.16 1.18 1.62 1.16 1 1 0 1
1.14 1.16 1.64 1.14 0 1 1 1
1.14 1.14 1.62 1.12 0 0 0 1
1.14 1.14 1.62 1.10 0 0 0 0
1.16 1.14 1.62 1.10 0 0 0 0
1.16 1.16 1.64 1.10 1 1 0 1
1.14 1.14 1.64 1.08 1 1 0 0
1.12 1.12 1.64 1.08 1 0 1 1
1.10 1.12 1.62 1.06 0 1 0 1
1.10 1.10 1.62 1.04 0 0 0 1
1.10 1.10 1.62 1.02 0 0 0 1
1.12 1.10 1.64 1.00 1 1 0 1
1.10 1.08 1.64 0.98 1 1 1 1
1.08 1.06 1.62 0.96 0 0 0 0
1.08 1.06 1.62 0.96 1 1 1 1
1.06 1.04 1.60 0.94 0 0 1 1
1.06 1.04 1.58 0.92 0 0 0 0
1.06 1.04 1.58 0.92 0 0 0 0
1.08 1.06 1.58 0.92 0 0 0 0
1.08 1.06 1.60 0.94 0 0 0 0
1.08 1.06 1.60 0.94 1 1 1 1
1.06 1.04 1.58 0.92 0 0 0 0
1.06 1.04 1.58 0.92 0 0 0 0
1.06 1.04 1.58 0.92 0 0 0 0
1.08 1.06 1.60 0.94 0 0 0 0
1.08 1.06 1.60 0.94 0 0 0 0
1.08 1.06 1.60 0.94 0 0 0 0
1.10 1.08 1.62 0.96 1 1 1 1
1.08 1.06 1.60 0.94 1 1 1 1
1.06 1.04 1.58 0.92 0 1 0 1
1.06 1.02 1.58 0.90 1 1 0 0
1.04 1.00 1.58 0.90 0 0 0 0
1.04 1.00 1.60 0.90 1 1 0 0
1.02 0.98 1.60 0.92 0 0 0 0
1.02 0.98 1.60 0.92 1 1 0 1
1.00 0.96 1.62 0.90 0 0 0 0
1.00 0.96 1.62 0.90 0 0 0 0
1.00 0.96 1.62 0.90 1 1 1 1
0.98 0.94 1.60 0.88 0 0 0 0
0.98 0.94 1.60 0.88 0 0 0 0
0.98 0.94 1.60 0.88 0 0 0 0
1.00 0.96 1.62 0.90 0 0 0 0
1.00 0.96 1.62 0.90 1 1 1 1
0.98 0.94 1.60 0.88 1 1 1 1
0.96 0.92 1.58 0.86 0 0 0 0
0.96 0.92 1.58 0.86 1 1 1 1
0.94 0.90 1.56 0.84 1 1 1 1
0.92 0.88 1.54 0.82 1 1 0 0
0.90 0.86 1.54 0.82 0 0 0 0
0.90 0.86 1.54 0.82 0 0 0 0
0.90 0.86 1.56 0.84 0 0 0 0
0.92 0.88 1.56 0.84 0 0 0 0
0.92 0.88 1.56 0.84 0 0 0 0
0.92 0.88 1.58 0.86 1 1 0 0
0.90 0.86 1.58 0.86 0 0 0 0
0.90 0.86 1.58 0.86 1 1 0 0
0.88 0.84 1.60 0.88 0 0 0 1
0.88 0.84 1.60 0.86 0 0 0 0
0.88 0.84 1.60 0.86 1 0 1 1
0.86 0.86 1.58 0.84 0 0 0 0
0.86 0.86 1.58 0.84 0 0 0 0
0.86 0.86 1.58 0.84 0 0 0 0
0.88 0.88 1.60 0.86 1 1 1 1
0.86 0.86 1.58 0.84 1 0 1 1
0.84 0.86 1.56 0.82 1 1 0 0
0.82 0.84 1.56 0.82 1 1 1 1
0.80 0.82 1.54 0.80 0 0 0 0
0.80 0.82 1.54 0.80 0 0 0 0
0.80 0.82 1.54 0.80 0 0 0 0
0.82 0.84 1.56 0.82 0 0 0 0
0.82 0.84 1.56 0.82 1 1 0 0
0.80 0.82 1.56 0.82 1 1 1 1
0.78 0.80 1.54 0.80 0 0 0 0
0.78 0.80 1.54 0.80 0 0 0 0
0.78 0.80 1.54 0.80 0 0 0 1
0.80 0.82 1.56 0.78 0 0 0 1
0.80 0.82 1.56 0.76 0 1 0 0
0.80 0.80 1.56 0.76 1 1 1 1
0.78 0.78 1.54 0.74 0 0 0 0
0.78 0.78 1.54 0.74 1 1 1 1
0.76 0.76 1.52 0.72 1 1 1 1
0.74 0.74 1.50 0.70 0 0 0 0
0.74 0.74 1.50 0.70 0 0 0 0
0.74 0.74 1.50 0.70 1 1 1 1
0.72 0.72 1.48 0.68 0 0 0 0
0.72 0.72 1.48 0.68 0 0 0 0
0.72 0.72 1.48 0.68 0 0 0 0
0.74 0.74 1.50 0.70 0 0 0 0
0.74 0.74 1.50 0.70 0 0 0 0
0.74 0.74 1.50 0.70 1 1 0 1
0.72 0.72 1.52 0.68 0 0 0 0
0.72 0.72 1.52 0.68 1 1 1 1
0.70 0.70 1.50 0.66 0 0 0 0
