1.00 1.00 1.00 1.00 0 0 0 0
1.00 1.00 1.00 1.00 0 0 0 0
1.02 1.02 1.02 1.02 0 0 0 0
1.02 1.02 1.02 1.02 0 0 0 0
1.04 1.04 1.04 1.04 0 0 0 0
1.04 1.04 1.04 1.04 0 0 0 0
1.06 1.06 1.06 1.06 0 0 0 0
1.06 1.06 1.06 1.06 0 0 0 0
1.08 1.08 1.08 1.08 0 0 0 0
1.08 1.08 1.08 1.08 0 0 0 0
1.10 1.10 1.10 1.10 0 0 0 0
1.10 1.10 1.10 1.10 0 0 0 0
1.12 1.12 1.12 1.12 0 0 0 0
1.12 1.12 1.12 1.12 0 0 0 0
1.14 1.14 1.14 1.14 0 0 0 0
1.14 1.14 1.14 1.14 0 0 0 0
1.16 1.16 1.16 1.16 0 0 0 0
1.16 1.16 1.16 1.16 0 0 0 0
1.18 1.18 1.18 1.18 0 0 0 0
1.18 1.18 1.18 1.18 0 0 0 0
1.20 1.20 1.20 1.20 0 0 0 0
1.20 1.20 1.20 1.20 0 0 0 0
1.22 1.22 1.22 1.22 0 0 0 0
1.22 1.22 1.22 1.22 0 0 0 0
1.24 1.24 1.24 1.24 0 0 0 0
1.24 1.24 1.24 1.24 0 0 0 0
1.26 1.26 1.26 1.26 0 0 0 0
1.26 1.26 1.26 1.26 0 0 0 0
1.28 1.28 1.28 1.28 0 0 0 0
1.28 1.28 1.28 1.28 0 0 0 0
1.30 1.30 1.30 1.30 0 0 0 0
1.30 1.30 1.30 1.30 0 0 0 0
1.32 1.32 1.32 1.32 0 0 0 0
1.32 1.32 1.32 1.32 0 0 0 0
1.34 1.34 1.34 1.34 0 0 0 0
1.34 1.34 1.34 1.34 0 0 0 0
1.36 1.36 1.36 1.36 0 0 0 0
1.36 1.36 1.36 1.36 0 0 0 0
1.38 1.38 1.38 1.38 0 0 0 0
1.38 1.38 1.38 1.38 0 0 0 0
1.40 1.40 1.40 1.40 0 0 0 0
1.40 1.40 1.40 1.40 0 0 0 0
1.42 1.42 1.42 1.42 0 0 0 0
1.42 1.42 1.42 1.42 0 0 0 0
1.44 1.44 1.44 1.44 0 0 0 0
1.44 1.44 1.44 1.44 0 0 0 0
1.46 1.46 1.46 1.46 0 0 0 0
1.46 1.46 1.46 1.46 0 0 0 0
1.48 1.48 1.48 1.48 0 0 0 0
1.48 1.48 1.48 1.48 0 0 0 0
1.50 1.50 1.50 1.50 0 0 0 0
1.50 1.50 1.50 1.50 0 0 0 0
1.52 1.52 1.52 1.52 0 0 0 0
1.52 1.52 1.52 1.52 0 0 0 0
1.54 1.54 1.54 1.54 0 0 0 0
1.54 1.54 1.54 1.54 0 0 0 0
1.56 1.56 1.56 1.56 0 0 0 0
1.56 1.56 1.56 1.56 0 0 0 0
1.58 1.58 1.58 1.58 0 0 0 0
1.58 1.58 1.58 1.58 0 0 0 0
1.60 1.60 1.60 1.60 0 0 0 0
1.60 1.60 1.60 1.60 0 0 0 0
1.62 1.62 1.62 1.62 0 0 0 0
1.62 1.62 1.62 1.62 0 0 0 0
1.64 1.64 1.64 1.64 0 0 0 0
1.64 1.64 1.64 1.64 0 0 0 0
1.66 1.66 1.66 1.66 0 0 0 0
1.66 1.66 1.66 1.66 0 0 0 0
1.68 1.68 1.68 1.68 0 0 0 0
1.68 1.68 1.68 1.68 0 0 0 0
1.70 1.70 1.70 1.70 0 0 0 0
1.70 1.70 1.70 1.70 0 0 0 0
1.72 1.72 1.72 1.72 0 0 0 0
1.72 1.72 1.72 1.72 0 0 0 0
1.74 1.74 1.74 1.74 0 0 0 0
1.74 1.74 1.74 1.74 0 0 0 0
1.76 1.76 1.76 1.76 0 0 0 0
1.76 1.76 1.76 1.76 0 0 0 0
1.78 1.78 1.78 1.78 0 0 0 0
1.78 1.78 1.78 1.78 0 0 0 0
1.80 1.80 1.80 1.80 0 0 0 0
1.80 1.80 1.80 1.80 0 0 0 0
1.82 1.82 1.82 1.82 0 0 0 0
1.82 1.82 1.82 1.82 0 0 0 0
1.84 1.84 1.84 1.84 0 0 0 0
1.84 1.84 1.84 1.84 0 0 0 0
1.86 1.86 1.86 1.86 0 0 0 0
1.86 1.86 1.86 1.86 0 0 0 0
1.88 1.88 1.88 1.88 0 0 0 0
1.88 1.88 1.88 1.88 0 0 0 0
1.90 1.90 1.90 1.90 0 0 0 0
1.90 1.90 1.90 1.90 0 0 0 0
1.92 1.92 1.92 1.92 0 0 0 0
1.92 1.92 1.92 1.92 0 0 0 0
1.94 1.94 1.94 1.94 0 0 0 0
1.94 1.94 1.94 1.94 0 0 0 0
1.96 1.96 1.96 1.96 0 0 0 0
1.96 1.96 1.96 1.96 0 0 0 0
1.98 1.98 1.98 1.98 0 0 0 0
1.98 1.98 1.98 1.98 0 0 0 0
2.00 2.00 2.00 2.00 0 0 0 0
2.00 2.00 2.00 2.00 0 0 0 0
2.02 2.02 2.02 2.02 0 0 0 0
2.02 2.02 2.02 2.02 0 0 0 0
2.04 2.04 2.04 2.04 0 0 0 0
2.04 2.04 2.04 2.04 0 0 0 0
2.06 2.06 2.06 2.06 0 0 0 0
2.06 2.06 2.06 2.06 0 0 0 0
2.08 2.08 2.08 2.08 0 0 0 0
2.08 2.08 2.08 2.08 0 0 0 0
2.10 2.10 2.10 2.10 0 0 0 0
2.10 2.10 2.10 2.10 0 0 0 0
2.12 2.12 2.12 2.12 0 0 0 0
2.12 2.12 2.12 2.12 0 0 0 0
2.14 2.14 2.14 2.14 0 0 0 0
2.14 2.14 2.14 2.14 0 0 0 0
2.16 2.16 2.16 2.16 0 0 0 0
2.16 2.16 2.16 2.16 0 0 0 0
2.18 2.18 2.18 2.18 0 0 0 0
2.18 2.18 2.18 2.18 0 0 0 0
2.20 2.20 2.20 2.20 0 0 0 0
2.20 2.20 2.20 2.20 0 0 0 0
2.22 2.22 2.22 2.22 0 0 0 0
2.22 2.22 2.22 2.22 0 0 0 0
2.24 2.24 2.24 2.24 0 0 0 0
2.24 2.24 2.24 2.24 0 0 0 0
2.26 2.26 2.26 2.26 0 0 0 0
2.26 2.26 2.26 2.26 0 0 0 0
2.28 2.28 2.28 2.28 0 0 0 0
2.28 2.28 2.28 2.28 0 0 0 0
2.30 2.30 2.30 2.30 0 0 0 0
2.30 2.30 2.30 2.30 0 0 0 0
2.32 2.32 2.32 2.32 0 0 0 0
2.32 2.32 2.32 2.32 0 0 0 0
2.34 2.34 2.34 2.34 0 0 0 0
2.34 2.34 2.34 2.34 0 0 0 0
2.36 2.36 2.36 2.36 0 0 0 0
2.36 2.36 2.36 2.36 0 0 0 0
2.38 2.38 2.38 2.38 0 0 0 0
2.38 2.38 2.38 2.38 0 0 0 0
2.40 2.40 2.40 2.40 0 0 0 0
2.40 2.40 2.40 2.40 0 0 0 0
2.42 2.42 2.42 2.42 0 0 0 0
2.42 2.42 2.42 2.42 0 0 0 0
2.44 2.44 2.44 2.44 0 0 0 0
2.44 2.44 2.44 2.44 0 0 0 0
2.46 2.46 2.46 2.46 0 0 0 0
2.46 2.46 2.46 2.46 0 0 0 0
2.48 2.48 2.48 2.48 0 0 0 0
2.48 2.48 2.48 2.48 0 0 0 0
2.50 2.50 2.50 2.50 0 0 0 0
2.50 2.50 2.50 2.50 0 0 0 0
2.52 2.52 2.52 2.52 0 0 0 0
2.52 2.52 2.52 2.52 0 0 0 0
2.54 2.54 2.54 2.54 0 0 0 0
2.54 2.54 2.54 2.54 0 0 0 0
2.56 2.56 2.56 2.56 0 0 0 0
2.56 2.56 2.56 2.56 0 0 0 0
2.58 2.58 2.58 2.58 0 0 0 0
2.58 2.58 2.58 2.58 0 0 0 0
2.60 2.60 2.60 2.60 0 0 0 0
2.60 2.60 2.60 2.60 0 0 0 0
2.62 2.62 2.62 2.62 0 0 0 0
2.62 2.62 2.62 2.62 0 0 0 0
2.64 2.64 2.64 2.64 0 0 0 0
2.64 2.64 2.64 2.64 0 0 0 0
2.66 2.66 2.66 2.66 0 0 0 0
2.66 2.66 2.66 2.66 0 0 0 0
2.68 2.68 2.68 2.68 0 0 0 0
2.68 2.68 2.68 2.68 0 0 0 0
2.70 2.70 2.70 2.70 0 0 0 0
2.70 2.70 2.70 2.70 0 0 0 0
2.72 2.72 2.72 2.72 0 0 0 0
2.72 2.72 2.72 2.72 0 0 0 0
2.74 2.74 2.74 2.74 0 0 0 0
2.74 2.74 2.74 2.74 0 0 0 0
2.76 2.76 2.76 2.76 0 0 0 0
2.76 2.76 2.76 2.76 0 0 0 0
2.78 2.78 2.78 2.78 0 0 0 0
2.78 2.78 2.78 2.78 0 0 0 0
2.80 2.80 2.80 2.80 0 0 0 0
2.80 2.80 2.80 2.80 0 0 0 0
2.82 2.82 2.82 2.82 0 0 0 0
2.82 2.82 2.82 2.82 0 0 0 0
2.84 2.84 2.84 2.84 0 0 0 0
2.84 2.84 2.84 2.84 0 0 0 0
2.86 2.86 2.86 2.86 0 0 0 0
2.86 2.86 2.86 2.86 0 0 0 0
2.88 2.88 2.88 2.88 0 0 0 0
2.88 2.88 2.88 2.88 0 0 0 0
2.90 2.90 2.90 2.90 0 0 0 0
2.90 2.90 2.90 2.90 0 0 0 0
2.92 2.92 2.92 2.92 0 0 0 0
2.92 2.92 2.92 2.92 0 0 0 0
2.94 2.94 2.94 2.94 0 0 0 0
2.94 2.94 2.94 2.94 0 0 0 0
2.96 2.96 2.96 2.96 0 0 0 0
2.96 2.96 2.96 2.96 0 0 0 0
2.98 2.98 2.98 2.98 0 0 0 0
2.98 2.98 2.98 2.98 0 0 0 0
3.00 3.00 3.00 3.00 0 0 0 0
3.00 3.00 3.00 3.00 0 0 0 0
3.02 3.02 3.02 3.02 0 0 0 0
3.02 3.02 3.02 3.02 0 0 0 0
3.04 3.04 3.04 3.04 0 0 0 0
3.04 3.04 3.04 3.04 0 0 0 0
3.06 3.06 3.06 3.06 0 0 0 0
3.06 3.06 3.06 3.06 0 0 0 0
3.08 3.08 3.08 3.08 0 0 0 0
3.08 3.08 3.08 3.08 0 0 0 0
3.10 3.10 3.10 3.10 0 0 0 0
3.10 3.10 3.10 3.10 0 0 0 0
3.12 3.12 3.12 3.12 0 0 0 0
3.12 3.12 3.12 3.12 0 0 0 0
3.14 3.14 3.14 3.14 0 0 0 0
3.14 3.14 3.14 3.14 0 0 0 0
3.16 3.16 3.16 3.16 0 0 0 0
3.16 3.16 3.16 3.16 0 0 0 0
3.18 3.18 3.18 3.18 0 0 0 0
3.18 3.18 3.18 3.18 0 0 0 0
3.20 3.20 3.20 3.20 0 0 0 0
3.20 3.20 3.20 3.20 0 0 0 0
3.22 3.22 3.22 3.22 0 0 0 0
3.22 3.22 3.22 3.22 0 0 0 0
3.24 3.24 3.24 3.24 0 0 0 0
3.24 3.24 3.24 3.24 0 0 0 0
3.26 3.26 3.26 3.26 0 0 0 0
3.26 3.26 3.26 3.26 0 0 0 0
3.28 3.28 3.28 3.28 0 0 0 0
3.28 3.28 3.28 3.28 0 0 0 0
3.30 3.30 3.30 3.30 0 0 0 0
3.30 3.30 3.30 3.30 0 0 0 0
3.32 3.32 3.32 3.32 0 0 0 0
3.32 3.32 3.32 3.32 0 0 0 0
3.34 3.34 3.34 3.34 0 0 0 0
3.34 3.34 3.34 3.34 0 0 0 0
3.36 3.36 3.36 3.36 0 0 0 0
3.36 3.36 3.36 3.36 0 0 0 0
3.38 3.38 3.38 3.38 0 0 0 0
3.38 3.38 3.38 3.38 0 0 0 0
3.40 3.40 3.40 3.40 0 0 0 0
3.40 3.40 3.40 3.40 0 0 0 0
3.42 3.42 3.42 3.42 0 0 0 0
3.42 3.42 3.42 3.42 0 0 0 0
3.44 3.44 3.44 3.44 0 0 0 0
3.44 3.44 3.44 3.44 0 0 0 0
3.46 3.46 3.46 3.46 0 0 0 0
3.46 3.46 3.46 3.46 0 0 0 0
3.48 3.48 3.48 3.48 0 0 0 0
3.48 3.48 3.48 3.48 0 0 0 0
3.50 3.50 3.50 3.50 0 0 0 0
3.50 3.50 3.50 3.50 0 0 0 0
3.52 3.52 3.52 3.52 0 0 0 0
3.52 3.52 3.52 3.52 0 0 0 0
3.54 3.54 3.54 3.54 0 0 0 0
3.54 3.54 3.54 3.54 0 0 0 0
3.56 3.56 3.56 3.56 0 0 0 0
3.56 3.56 3.56 3.56 0 0 0 0
3.58 3.58 3.58 3.58 0 0 0 0
3.58 3.58 3.58 3.58 0 0 0 0
3.60 3.60 3.60 3.60 0 0 0 0
3.60 3.60 3.60 3.60 0 0 0 0
3.62 3.62 3.62 3.62 0 0 0 0
3.62 3.62 3.62 3.62 0 0 0 0
3.64 3.64 3.64 3.64 0 0 0 0
3.64 3.64 3.64 3.64 0 0 0 0
3.66 3.66 3.66 3.66 0 0 0 0
3.66 3.66 3.66 3.66 0 0 0 0
3.68 3.68 3.68 3.68 0 0 0 0
3.68 3.68 3.68 3.68 0 0 0 0
3.70 3.70 3.70 3.70 0 0 0 0
3.70 3.70 3.70 3.70 0 0 0 0
3.72 3.72 3.72 3.72 0 0 0 0
3.72 3.72 3.72 3.72 0 0 0 0
3.74 3.74 3.74 3.74 0 0 0 0
3.74 3.74 3.74 3.74 0 0 0 0
3.76 3.76 3.76 3.76 0 0 0 0
3.76 3.76 3.76 3.76 0 0 0 0
3.78 3.78 3.78 3.78 0 0 0 0
3.78 3.78 3.78 3.78 0 0 0 0
3.80 3.80 3.80 3.80 0 0 0 0
3.80 3.80 3.80 3.80 0 0 0 0
3.82 3.82 3.82 3.82 0 0 0 0
3.82 3.82 3.82 3.82 0 0 0 0
3.84 3.84 3.84 3.84 0 0 0 0
3.84 3.84 3.84 3.84 0 0 0 0
3.86 3.86 3.86 3.86 0 0 0 0
3.86 3.86 3.86 3.86 0 0 0 0
3.88 3.88 3.88 3.88 0 0 0 0
3.88 3.88 3.88 3.88 0 0 0 0
3.90 3.90 3.90 3.90 0 0 0 0
3.90 3.90 3.90 3.90 0 0 0 0
3.92 3.92 3.92 3.92 0 0 0 0
3.92 3.92 3.92 3.92 0 0 0 0
3.94 3.94 3.94 3.94 0 0 0 0
3.94 3.94 3.94 3.94 0 0 0 0
3.96 3.96 3.96 3.96 0 0 0 0
3.96 3.96 3.96 3.96 0 0 0 0
3.98 3.98 3.98 3.98 0 0 0 0
3.98 3.98 3.98 3.98 0 0 0 0
4.00 4.00 4.00 4.00 0 0 0 0
4.00 4.00 4.00 4.00 0 0 0 0
4.02 4.02 4.02 4.02 0 0 0 0
4.02 4.02 4.02 4.02 0 0 0 0
4.04 4.04 4.04 4.04 0 0 0 0
4.04 4.04 4.04 4.04 0 0 0 0
4.06 4.06 4.06 4.06 0 0 0 0
4.06 4.06 4.06 4.06 0 0 0 0
4.08 4.08 4.08 4.08 0 0 0 0
4.08 4.08 4.08 4.08 0 0 0 0
4.10 4.10 4.10 4.10 0 0 0 0
4.10 4.10 4.10 4.10 0 0 0 0
4.12 4.12 4.12 4.12 0 0 0 0
4.12 4.12 4.12 4.12 0 0 0 0
4.14 4.14 4.14 4.14 0 0 0 0
4.14 4.14 4.14 4.14 0 0 0 0
4.16 4.16 4.16 4.16 0 0 0 0
4.16 4.16 4.16 4.16 0 0 0 0
4.18 4.18 4.18 4.18 0 0 0 0
4.18 4.18 4.18 4.18 0 0 0 0
4.20 4.20 4.20 4.20 0 0 0 0
4.20 4.20 4.20 4.20 0 0 0 0
4.22 4.22 4.22 4.22 0 0 0 0
4.22 4.22 4.22 4.22 0 0 0 0
4.24 4.24 4.24 4.24 0 0 0 0
4.24 4.24 4.24 4.24 0 0 0 0
4.26 4.26 4.26 4.26 0 0 0 0
4.26 4.26 4.26 4.26 0 0 0 0
4.28 4.28 4.28 4.28 0 0 0 0
4.28 4.28 4.28 4.28 0 0 0 0
4.30 4.30 4.30 4.30 0 0 0 0
4.30 4.30 4.30 4.30 0 0 0 0
4.32 4.32 4.32 4.32 0 0 0 0
4.32 4.32 4.32 4.32 0 0 0 0
4.34 4.34 4.34 4.34 0 0 0 0
4.34 4.34 4.34 4.34 0 0 0 0
4.36 4.36 4.36 4.36 0 0 0 0
4.36 4.36 4.36 4.36 0 0 0 0
4.38 4.38 4.38 4.38 0 0 0 0
4.38 4.38 4.38 4.38 0 0 0 0
4.40 4.40 4.40 4.40 0 0 0 0
4.40 4.40 4.40 4.40 0 0 0 0
4.42 4.42 4.42 4.42 0 0 0 0
4.42 4.42 4.42 4.42 0 0 0 0
4.44 4.44 4.44 4.44 0 0 0 0
4.44 4.44 4.44 4.44 0 0 0 0
4.46 4.46 4.46 4.46 0 0 0 0
4.46 4.46 4.46 4.46 0 0 0 0
4.48 4.48 4.48 4.48 0 0 0 0
4.48 4.48 4.48 4.48 0 0 0 0
