1.80 1.80 1.80 1.80 0 0 0 0
1.80 1.80 1.80 1.80 0 0 0 0
1.80 1.80 1.80 1.80 0 0 0 0
1.82 1.82 1.82 1.82 0 0 0 0
1.82 1.82 1.82 1.82 0 0 0 0
1.82 1.82 1.82 1.82 0 0 0 0
1.84 1.84 1.84 1.84 0 0 0 0
1.84 1.84 1.84 1.84 0 0 0 0
1.84 1.84 1.84 1.84 0 0 0 0
1.86 1.86 1.86 1.86 0 0 0 0
1.86 1.86 1.86 1.86 0 0 0 0
1.86 1.86 1.86 1.86 0 0 0 0
1.88 1.88 1.88 1.88 0 0 0 0
1.88 1.88 1.88 1.88 0 0 0 0
1.88 1.88 1.88 1.88 0 0 0 0
1.90 1.90 1.90 1.90 0 0 0 0
1.90 1.90 1.90 1.90 0 0 0 0
1.90 1.90 1.90 1.90 0 0 0 0
1.92 1.92 1.92 1.92 0 0 0 0
1.92 1.92 1.92 1.92 0 0 0 0
1.92 1.92 1.92 1.92 0 0 0 0
1.94 1.94 1.94 1.94 1 1 1 1
1.92 1.92 1.92 1.92 1 1 0 0
1.90 1.90 1.92 1.92 0 1 0 0
1.90 1.88 1.92 1.92 0 0 0 0
1.90 1.88 1.94 1.94 1 1 1 1
1.88 1.86 1.92 1.92 0 0 1 1
1.88 1.86 1.90 1.90 0 0 0 0
1.88 1.86 1.90 1.90 0 0 0 0
1.90 1.88 1.90 1.90 0 0 0 0
1.90 1.88 1.92 1.92 0 0 0 0
1.90 1.88 1.92 1.92 0 0 0 0
1.92 1.90 1.92 1.92 0 0 0 0
1.92 1.90 1.94 1.94 1 1 1 1
1.90 1.88 1.92 1.92 0 0 0 0
1.90 1.88 1.92 1.92 0 0 0 0
1.90 1.88 1.92 1.92 0 0 0 0
1.92 1.90 1.94 1.94 1 1 1 1
1.90 1.88 1.92 1.92 1 0 1 1
1.88 1.88 1.90 1.90 0 0 0 0
1.88 1.88 1.90 1.90 0 0 0 0
1.88 1.90 1.90 1.90 0 0 0 0
1.90 1.90 1.92 1.92 0 1 0 0
1.90 1.88 1.92 1.92 1 0 1 1
1.88 1.88 1.90 1.90 0 0 0 0
1.88 1.88 1.90 1.90 0 0 0 0
1.88 1.90 1.90 1.90 0 0 0 0
1.90 1.90 1.92 1.92 0 0 0 0
1.90 1.90 1.92 1.92 0 0 0 0
1.90 1.92 1.92 1.92 0 1 0 0
1.92 1.90 1.94 1.94 1 1 1 1
1.90 1.88 1.92 1.92 1 0 1 1
1.88 1.88 1.90 1.90 0 0 0 0
1.88 1.88 1.90 1.90 0 0 0 0
1.88 1.90 1.90 1.90 0 0 0 0
1.90 1.90 1.92 1.92 0 0 0 0
1.90 1.90 1.92 1.92 1 1 1 1
1.88 1.88 1.90 1.90 0 0 0 0
1.88 1.88 1.90 1.90 0 0 0 0
1.88 1.88 1.90 1.90 0 0 0 0
1.90 1.90 1.92 1.92 1 1 1 1
1.88 1.88 1.90 1.90 0 0 0 0
1.88 1.88 1.90 1.90 0 0 0 0
1.88 1.88 1.90 1.90 0 0 0 0
1.90 1.90 1.92 1.92 0 0 0 0
1.90 1.90 1.92 1.92 0 0 0 0
1.90 1.90 1.92 1.92 0 0 0 0
1.92 1.92 1.94 1.94 1 1 1 1
1.90 1.90 1.92 1.92 0 0 0 0
1.90 1.90 1.92 1.92 0 1 0 1
1.90 1.88 1.92 1.90 0 0 0 0
1.92 1.88 1.94 1.90 1 0 1 0
1.90 1.88 1.92 1.90 1 0 1 0
1.88 1.90 1.90 1.92 0 1 0 1
1.88 1.88 1.90 1.90 0 0 0 0
1.88 1.88 1.90 1.90 0 0 0 0
1.90 1.88 1.92 1.90 0 0 0 0
1.90 1.90 1.92 1.92 1 1 1 1
1.88 1.88 1.90 1.90 0 0 0 0
1.88 1.88 1.90 1.90 1 1 1 0
1.86 1.86 1.88 1.90 1 0 1 0
1.84 1.86 1.86 1.92 1 1 0 1
1.82 1.84 1.86 1.90 0 0 0 0
1.82 1.84 1.86 1.90 1 0 1 0
1.80 1.84 1.84 1.90 0 0 0 0
1.80 1.86 1.84 1.92 0 0 0 0
1.80 1.86 1.84 1.92 0 0 0 1
1.82 1.86 1.86 1.90 0 1 0 1
1.82 1.84 1.86 1.88 1 0 1 0
1.80 1.84 1.84 1.88 1 1 1 1
1.78 1.82 1.82 1.86 1 0 0 1
1.76 1.82 1.82 1.84 0 0 0 0
1.76 1.82 1.82 1.84 1 1 1 1
1.74 1.80 1.80 1.82 1 0 1 0
1.72 1.80 1.78 1.82 1 0 1 0
1.70 1.80 1.76 1.82 0 0 0 0
1.70 1.82 1.76 1.84 0 0 0 0
1.70 1.82 1.76 1.84 1 0 1 0
1.68 1.82 1.74 1.84 0 0 0 0
1.68 1.84 1.74 1.86 0 0 0 0
1.68 1.84 1.74 1.86 0 0 0 0
1.70 1.84 1.76 1.86 0 1 0 0
1.70 1.82 1.76 1.88 1 0 1 0
1.68 1.82 1.74 1.88 1 0 1 0
1.66 1.82 1.72 1.88 1 0 1 0
1.64 1.84 1.70 1.90 0 0 0 0
1.64 1.84 1.70 1.90 0 0 0 0
1.64 1.84 1.70 1.90 1 0 0 1
1.62 1.86 1.72 1.88 1 1 0 1
1.60 1.84 1.72 1.86 1 0 1 0
1.58 1.84 1.70 1.86 0 0 0 0
1.58 1.84 1.70 1.86 1 1 0 1
1.56 1.82 1.70 1.84 0 0 0 0
1.56 1.82 1.72 1.84 0 0 0 0
1.56 1.82 1.72 1.84 1 0 1 0
1.54 1.84 1.70 1.86 1 0 0 0
1.52 1.84 1.70 1.86 0 0 0 0
1.52 1.84 1.70 1.86 0 0 0 0
1.52 1.86 1.72 1.88 0 1 0 0
1.54 1.84 1.72 1.88 0 1 0 0
1.54 1.82 1.72 1.88 0 1 0 0
1.54 1.80 1.74 1.90 1 1 1 1
1.52 1.78 1.72 1.88 0 0 0 0
1.52 1.78 1.72 1.88 1 0 1 1
1.50 1.78 1.70 1.86 0 0 0 0
1.50 1.80 1.70 1.86 1 1 1 1
1.48 1.78 1.68 1.84 0 0 0 0
1.48 1.78 1.68 1.84 0 0 0 0
1.48 1.78 1.68 1.84 0 0 0 0
1.50 1.80 1.70 1.86 1 1 1 0
1.48 1.78 1.68 1.86 1 0 1 0
1.46 1.78 1.66 1.86 1 0 1 0
1.44 1.78 1.64 1.88 0 0 0 0
1.44 1.80 1.64 1.88 1 0 1 0
1.42 1.80 1.62 1.88 0 0 0 0
1.42 1.80 1.62 1.90 1 0 1 0
1.40 1.82 1.60 1.90 1 1 1 1
1.38 1.80 1.58 1.88 1 0 1 0
1.36 1.80 1.56 1.88 1 1 0 1
1.34 1.78 1.56 1.86 0 0 0 0
1.34 1.78 1.56 1.86 0 0 0 0
1.34 1.78 1.58 1.86 0 0 0 0
1.36 1.80 1.58 1.88 0 0 0 0
1.36 1.80 1.58 1.88 0 0 0 0
1.36 1.80 1.60 1.88 0 0 0 0
1.38 1.82 1.60 1.90 0 0 0 0
1.38 1.82 1.60 1.90 0 0 0 0
1.38 1.82 1.62 1.90 0 0 0 0
1.40 1.84 1.62 1.92 0 1 0 1
1.40 1.82 1.62 1.90 0 0 0 0
1.40 1.82 1.64 1.90 0 0 0 1
1.42 1.82 1.64 1.88 0 1 0 1
1.42 1.80 1.64 1.86 0 0 0 0
1.42 1.80 1.66 1.86 0 1 0 1
1.44 1.78 1.66 1.84 1 1 0 1
1.42 1.76 1.66 1.82 0 0 0 0
1.42 1.76 1.68 1.82 0 0 0 0
1.42 1.76 1.68 1.82 0 0 0 0
1.44 1.78 1.68 1.84 1 1 0 1
1.42 1.76 1.70 1.82 1 0 1 0
1.40 1.76 1.68 1.82 1 0 1 0
1.38 1.76 1.66 1.82 1 1 1 1
1.36 1.74 1.64 1.80 0 0 0 0
1.36 1.74 1.64 1.80 0 0 0 0
1.36 1.74 1.64 1.80 0 0 0 0
1.38 1.76 1.66 1.82 1 0 1 0
1.36 1.76 1.64 1.82 1 1 1 1
1.34 1.74 1.62 1.80 1 0 1 0
1.32 1.74 1.60 1.80 0 0 0 0
1.32 1.74 1.60 1.80 1 0 1 1
1.30 1.76 1.58 1.78 0 0 0 0
1.30 1.76 1.58 1.78 0 0 0 0
1.30 1.76 1.58 1.78 1 0 1 0
1.28 1.78 1.56 1.80 1 0 1 0
1.26 1.78 1.54 1.80 0 0 0 0
1.26 1.78 1.54 1.80 0 0 0 0
1.26 1.80 1.54 1.82 0 0 0 0
1.28 1.80 1.56 1.82 0 0 0 0
1.28 1.80 1.56 1.82 1 0 1 0
1.26 1.82 1.54 1.84 1 0 1 0
1.24 1.82 1.52 1.84 0 1 0 1
1.24 1.80 1.52 1.82 0 0 0 0
1.24 1.80 1.52 1.82 0 0 0 0
1.26 1.80 1.54 1.82 0 0 0 0
1.26 1.82 1.54 1.84 0 0 0 0
1.26 1.82 1.54 1.84 0 0 0 0
1.28 1.82 1.56 1.84 0 0 0 0
1.28 1.84 1.56 1.86 0 1 0 1
1.28 1.82 1.56 1.84 1 0 1 0
1.26 1.82 1.54 1.84 0 0 0 0
1.26 1.82 1.54 1.84 1 1 1 1
1.24 1.80 1.52 1.82 1 0 1 0
1.22 1.80 1.50 1.82 0 0 0 0
1.22 1.80 1.50 1.82 1 0 1 0
1.20 1.82 1.48 1.84 1 0 1 0
1.18 1.82 1.46 1.84 0 1 0 0
1.18 1.80 1.46 1.84 0 0 0 0
1.18 1.80 1.46 1.86 1 0 1 1
1.16 1.80 1.44 1.84 1 0 1 0
1.14 1.82 1.42 1.84 0 0 0 0
1.14 1.82 1.42 1.84 0 0 0 0
1.14 1.82 1.42 1.86 0 0 0 0
1.16 1.84 1.44 1.86 0 1 0 1
1.16 1.82 1.44 1.84 0 1 0 1
1.16 1.80 1.44 1.82 0 1 0 0
1.18 1.78 1.46 1.82 0 0 0 0
1.18 1.78 1.46 1.82 0 0 0 0
1.18 1.78 1.46 1.84 0 0 0 0
1.20 1.80 1.48 1.84 0 0 0 0
1.20 1.80 1.48 1.84 0 0 0 0
1.20 1.80 1.48 1.86 0 0 0 0
1.22 1.82 1.50 1.86 0 0 0 0
1.22 1.82 1.50 1.86 0 0 0 0
1.22 1.82 1.50 1.88 0 0 0 0
1.24 1.84 1.52 1.88 0 0 0 0
1.24 1.84 1.52 1.88 0 0 0 0
1.24 1.84 1.52 1.90 0 0 0 1
1.26 1.86 1.54 1.88 0 0 0 0
1.26 1.86 1.54 1.88 0 0 0 0
1.26 1.86 1.54 1.88 0 0 0 0
1.28 1.88 1.56 1.90 0 1 0 1
1.28 1.86 1.56 1.88 0 1 0 1
1.28 1.84 1.56 1.86 1 0 1 0
1.26 1.84 1.54 1.86 0 1 0 1
1.26 1.82 1.54 1.84 1 0 1 0
1.24 1.82 1.52 1.84 1 1 1 0
1.22 1.80 1.50 1.84 1 0 1 0
1.20 1.80 1.48 1.86 0 0 0 0
1.20 1.80 1.48 1.86 0 0 0 0
1.20 1.82 1.48 1.86 1 0 1 0
1.18 1.82 1.46 1.88 1 1 1 0
1.16 1.80 1.44 1.88 0 0 0 0
1.16 1.80 1.44 1.88 0 0 0 0
1.16 1.80 1.44 1.90 0 0 0 0
1.18 1.82 1.46 1.90 0 0 0 0
1.18 1.82 1.46 1.90 0 0 0 1
1.18 1.82 1.46 1.88 0 0 0 1
1.20 1.84 1.48 1.86 0 0 0 0
1.20 1.84 1.48 1.86 0 0 0 0
1.20 1.84 1.48 1.86 0 0 0 0
1.22 1.86 1.50 1.88 0 0 0 0
1.22 1.86 1.50 1.88 0 0 0 0
1.22 1.86 1.50 1.88 0 0 0 0
1.24 1.88 1.52 1.90 0 1 0 1
1.24 1.86 1.52 1.88 1 1 1 1
1.22 1.84 1.50 1.86 1 0 1 0
1.20 1.84 1.48 1.86 0 0 0 0
1.20 1.84 1.48 1.86 0 0 0 0
1.20 1.86 1.48 1.88 0 1 0 0
1.22 1.84 1.50 1.88 0 0 0 0
1.22 1.84 1.50 1.88 0 0 0 0
1.22 1.84 1.50 1.90 0 0 0 0
1.24 1.86 1.52 1.90 1 0 1 0
1.22 1.86 1.50 1.90 1 0 1 0
1.20 1.86 1.48 1.92 1 1 0 1
1.18 1.84 1.48 1.90 1 0 1 0
1.16 1.84 1.46 1.90 0 1 0 1
1.16 1.82 1.46 1.88 0 0 0 0
1.16 1.82 1.46 1.88 1 1 1 0
1.14 1.80 1.44 1.88 1 1 1 1
1.12 1.78 1.42 1.86 1 0 1 0
1.10 1.78 1.40 1.86 1 0 1 0
1.08 1.78 1.38 1.86 0 0 0 0
1.08 1.80 1.38 1.88 0 0 0 0
1.08 1.80 1.38 1.88 1 0 1 1
1.06 1.80 1.36 1.86 1 1 1 0
1.04 1.78 1.34 1.86 1 1 1 0
1.02 1.76 1.32 1.86 0 0 0 0
1.02 1.76 1.32 1.88 0 0 0 0
1.02 1.76 1.32 1.88 1 0 1 1
1.00 1.78 1.30 1.86 0 0 0 0
1.00 1.78 1.30 1.86 0 0 0 0
1.00 1.78 1.30 1.86 0 0 0 0
1.02 1.80 1.32 1.88 1 0 1 0
1.00 1.80 1.30 1.88 0 0 0 0
1.00 1.80 1.30 1.88 1 0 1 0
0.98 1.82 1.28 1.90 1 0 1 0
0.96 1.82 1.26 1.90 0 0 0 1
0.96 1.82 1.26 1.88 0 0 0 0
0.96 1.84 1.26 1.88 0 0 0 0
0.98 1.84 1.28 1.88 0 0 0 0
0.98 1.84 1.28 1.90 0 0 0 0
0.98 1.86 1.28 1.90 0 1 0 1
1.00 1.84 1.30 1.88 0 0 0 0
1.00 1.84 1.30 1.88 0 0 0 0
1.00 1.84 1.30 1.88 0 1 0 1
1.02 1.82 1.32 1.86 0 0 0 0
1.02 1.82 1.32 1.86 0 0 0 0
1.02 1.82 1.32 1.86 0 0 0 0
1.04 1.84 1.34 1.88 0 0 0 1
1.04 1.84 1.34 1.86 0 1 0 1
1.04 1.82 1.34 1.84 0 0 0 0
1.06 1.82 1.36 1.84 0 0 0 0
1.06 1.82 1.36 1.84 0 0 0 0
1.06 1.84 1.36 1.86 0 0 0 0
1.08 1.84 1.38 1.86 0 0 0 0
1.08 1.84 1.38 1.86 0 0 0 0
1.08 1.86 1.38 1.88 0 0 0 0
1.10 1.86 1.40 1.88 0 0 0 0
1.10 1.86 1.40 1.88 0 0 0 0
1.10 1.88 1.40 1.90 0 0 0 0
1.12 1.88 1.42 1.90 0 1 0 1
1.12 1.86 1.42 1.88 0 0 0 0
1.12 1.86 1.42 1.88 0 0 0 0
1.14 1.86 1.44 1.88 0 0 0 0
1.14 1.88 1.44 1.90 0 0 0 0
1.14 1.88 1.44 1.90 0 0 0 0
1.16 1.88 1.46 1.90 0 0 0 0
1.16 1.90 1.46 1.92 0 0 0 0
1.16 1.90 1.46 1.92 0 1 0 1
1.18 1.88 1.48 1.90 1 1 0 1
1.16 1.86 1.48 1.88 0 1 0 1
1.16 1.84 1.48 1.86 0 0 0 0
1.16 1.84 1.50 1.86 0 0 0 0
1.18 1.84 1.50 1.86 0 0 0 0
1.18 1.86 1.50 1.88 0 1 0 1
1.18 1.84 1.52 1.86 0 0 0 0
1.20 1.84 1.52 1.86 0 0 0 0
1.20 1.84 1.52 1.86 0 0 0 0
1.20 1.86 1.54 1.88 0 0 0 0
1.22 1.86 1.54 1.88 0 0 0 0
1.22 1.86 1.54 1.88 0 0 0 0
1.22 1.88 1.56 1.90 0 0 0 0
1.24 1.88 1.56 1.90 0 1 0 1
1.24 1.86 1.56 1.88 0 0 0 0
1.24 1.86 1.58 1.88 0 0 0 0
1.26 1.86 1.58 1.88 0 0 0 0
1.26 1.88 1.58 1.90 0 0 0 1
1.26 1.88 1.60 1.88 0 0 0 0
1.28 1.88 1.60 1.88 0 0 0 0
1.28 1.90 1.60 1.88 0 1 0 1
1.28 1.88 1.62 1.86 0 0 0 0
1.30 1.88 1.62 1.86 0 0 0 0
1.30 1.88 1.62 1.86 0 0 0 0
1.30 1.90 1.64 1.88 0 1 0 1
1.32 1.88 1.64 1.86 0 0 0 0
1.32 1.88 1.64 1.86 0 0 0 0
1.32 1.88 1.66 1.86 0 1 0 0
1.34 1.86 1.66 1.88 0 0 0 0
1.34 1.86 1.66 1.88 0 0 0 0
1.34 1.86 1.68 1.88 0 0 0 0
1.36 1.88 1.68 1.90 0 1 0 0
1.36 1.86 1.68 1.90 0 0 0 0
1.36 1.86 1.70 1.90 0 1 0 1
1.38 1.84 1.70 1.88 0 0 0 0
1.38 1.84 1.70 1.88 0 0 0 0
1.38 1.84 1.72 1.88 0 0 0 0
1.40 1.86 1.72 1.90 0 0 0 0
1.40 1.86 1.72 1.90 0 0 0 0
1.40 1.86 1.74 1.90 0 0 0 0
