  1 3 5 1 2   3 0
  2 2 5 1 2   3 0
  3 4 6 2 1   5 1
  4 1 6 1 2   3 0
  5 5 5 1 2   3 1
  6 2 4 1 2  -3 0
  7 1 2 2 1  -3 1
  8 5 5 2 1   0 1
  9 2 5 1 2   5 0
 10 4 3 1 2  -3 0
 11 1 2 1 2  -5 0
 12 2 1 2 1  -9 1
 13 4 4 2 1   0 1
 14 3 2 1 2  -3 0
 15 3 2 1 2  -3 0
 16 1 5 2 1   0 1
 17 5 4 1 2   0 1
 18 4 2 2 1  -3 1
 19 4 5 1 2   3 1
 20 3 7 2 1   4 0
 21 5 2 1 2  -3 1
 22 1 6 2 1   4 1
 23 1 4 1 2   0 0
 24 2 3 1 2  -3 0
 25 5 3 1 2   0 0
 26 5 6 2 1   4 1
 27 2 4 2 1   0 1
 28 4 7 2 1   6 1
 29 2 7 1 2   6 1
 30 1 2 2 1  -6 1
 31 4 6 2 1   4 1
 32 3 1 1 2  -6 0
 33 3 4 1 2   0 0
 34 3 5 2 1   3 1
 35 2 2 2 1  -5 1
 36 3 2 1 2  -2 1
 37 1 5 1 2   3 0
 38 4 4 2 1   0 1
 39 4 5 2 1   3 0
 40 3 1 2 1  -8 0
 41 2 7 2 1   5 1
 42 5 4 1 2  -3 1
 43 3 7 2 1   5 0
 44 4 6 1 2   5 1
 45 2 5 1 2   3 1
 46 4 1 1 2  -5 1
 47 5 5 1 2   3 1
 48 1 1 2 1  -7 1
 49 4 2 2 1  -3 1
 50 1 3 1 2   0 0
 51 1 3 2 1   0 1
 52 3 5 1 2   4 0
 53 3 6 1 2   4 0
 54 1 4 2 1   0 1
 55 1 4 1 2   0 1
 56 2 7 1 2   5 0
 57 3 3 1 2   0 1
 58 1 4 2 1   0 0
 59 4 6 2 1   3 1
 60 3 6 1 2   4 1
 61 5 5 1 2   2 1
 62 5 4 2 1   0 0
 63 3 1 2 1  -8 0
 64 2 6 2 1   3 0
 65 2 6 1 2   3 0
 66 1 7 2 1   5 1
 67 1 4 2 1   0 0
 68 3 6 1 2   3 0
 69 2 2 1 2  -4 1
 70 1 3 1 2  -2 0
 71 4 7 1 2   4 0
 72 4 3 2 1  -2 1
 73 3 4 1 2  -2 0
 74 4 1 1 2  -7 0
 75 2 7 2 1   4 1
 76 2 7 1 2   4 0
 77 1 5 1 2   3 0
 78 1 1 1 2  -6 1
 79 4 7 2 1   6 0
 80 1 5 2 1   2 0
 81 4 6 2 1   3 1
 82 3 7 1 2   5 0
 83 5 7 1 2   5 0
 84 2 6 1 2   4 1
 85 4 6 1 2   4 0
 86 4 4 1 2  -3 0
 87 5 6 1 2   4 1
 88 5 3 2 1  -2 0
 89 2 1 2 1  -8 0
 90 5 7 1 2   5 1
 91 5 3 1 2   0 0
 92 5 4 1 2  -2 0
 93 3 1 1 2  -6 1
 94 3 5 1 2   3 0
 95 1 5 1 2   4 0
 96 3 1 2 1  -8 1
 97 1 7 1 2   4 0
 98 4 6 1 2   3 0
 99 3 5 2 1   0 1
100 4 1 2 1  -8 0
101 2 5 2 1   2 0
102 3 7 1 2   6 1
103 4 3 2 1   0 0
104 3 6 2 1   4 0
105 2 2 2 1  -5 0
106 1 7 2 1   4 1
107 4 3 2 1  -2 1
108 4 6 1 2   0 1
109 4 1 2 1  -7 1
110 2 5 2 1   0 1
111 2 7 2 1   7 0
112 1 2 2 1  -2 1
113 4 4 1 2  -2 0
114 3 7 2 1   6 1
115 4 3 2 1  -2 0
116 5 7 1 2   7 0
117 4 3 1 2   0 0
118 1 6 2 1   4 1
119 5 2 2 1  -3 1
120 5 6 2 1   3 0
121 1 1 2 1  -8 1
122 3 3 1 2  -3 0
123 2 2 1 2  -3 0
124 2 2 1 2  -3 0
125 1 7 2 1   5 0
126 3 1 2 1  -7 1
127 1 3 1 2  -2 1
128 3 6 2 1   4 0
129 3 5 2 1   3 1
130 1 2 1 2  -4 0
131 4 1 2 1  -7 1
132 4 4 2 1   0 1
133 5 7 2 1   5 0
134 2 6 2 1   3 1
135 2 4 2 1   0 1
136 2 5 2 1   2 0
137 4 2 1 2  -3 0
138 1 3 1 2   0 0
139 5 6 2 1   3 0
140 1 2 1 2  -3 0
141 1 3 2 1   0 1
142 3 2 2 1  -3 1
143 5 4 1 2  -2 0
144 1 7 1 2   3 0
145 1 5 2 1   3 1
146 5 6 2 1   5 0
147 4 2 2 1  -4 0
148 4 7 1 2   5 1
149 2 1 1 2  -6 1
150 2 4 2 1   0 0
151 5 5 1 2   3 1
152 5 6 1 2   4 0
153 3 2 1 2  -5 0
154 5 4 2 1   0 1
155 3 5 2 1   2 0
156 4 6 1 2   4 0
157 3 5 1 2   2 1
158 4 3 1 2  -2 0
159 3 1 2 1  -9 0
160 4 5 1 2   3 1
161 5 2 1 2  -7 0
162 1 2 2 1  -8 0
163 3 2 2 1  -5 0
164 2 3 2 1   0 0
165 5 1 2 1  -8 1
166 1 6 1 2   5 1
167 2 3 2 1   0 0
168 2 5 1 2   4 0
169 2 1 1 2  -8 1
170 2 6 1 2   3 0
171 5 7 1 2   4 0
172 4 6 2 1   5 0
173 1 1 1 2  -7 0
174 5 2 2 1  -3 1
175 3 4 2 1  -2 1
176 2 1 2 1  -5 1
177 3 2 2 1  -5 0
178 3 3 1 2  -2 0
179 5 6 1 2   4 1
180 5 6 1 2   4 0
181 1 2 2 1  -5 0
182 2 4 1 2   2 1
183 5 4 2 1   0 0
184 1 6 1 2   3 0
185 5 2 1 2  -4 0
186 2 7 2 1   5 1
187 2 2 2 1  -3 1
188 4 1 2 1  -5 0
189 4 2 1 2  -4 1
190 4 3 1 2   0 1
191 5 7 2 1   5 0
192 5 6 2 1   5 0
193 2 5 2 1   2 0
194 1 6 2 1   4 0
195 2 3 2 1  -1 1
196 2 3 1 2  -3 0
197 3 5 2 1   0 0
198 3 6 2 1   3 1
199 4 4 2 1  -2 1
200 3 3 1 2  -2 0
201 4 2 1 2  -6 0
202 2 4 1 2  -2 0
203 2 3 1 2  -3 0
204 3 4 2 1  -2 0
205 1 1 2 1  -9 0
206 1 3 2 1   0 1
207 1 3 2 1   0 0
208 1 1 1 2  -5 0
209 5 7 2 1   5 1
210 3 3 2 1   0 1
211 5 3 1 2  -2 0
212 4 2 2 1  -3 0
213 1 5 2 1   3 1
214 1 1 1 2  -5 1
215 5 5 2 1   3 0
216 4 4 1 2  -2 0
217 2 1 1 2  -7 0
218 2 6 2 1   5 1
219 4 5 1 2   4 0
220 5 1 2 1  -9 0
221 4 7 2 1   7 0
222 5 3 2 1   0 0
223 5 3 1 2  -2 1
224 1 6 1 2   4 0
225 3 1 1 2  -8 1
226 4 2 2 1  -3 0
227 2 2 2 1  -4 0
228 1 1 1 2  -8 0
229 2 2 2 1  -3 1
230 2 6 1 2   5 1
231 4 7 2 1   7 0
232 3 4 1 2  -2 0
233 4 4 1 2  -4 0
234 3 4 1 2  -2 0
235 4 1 1 2  -8 1
236 3 4 2 1  -2 0
237 4 2 1 2  -2 0
238 1 7 1 2   5 1
239 5 2 1 2  -2 1
240 2 5 2 1   2 1
241 5 6 1 2   4 0
242 5 7 1 2   5 0
243 1 6 2 1   4 1
244 1 5 2 1   0 0
245 3 2 1 2  -4 0
246 5 3 2 1   0 1
247 3 5 1 2   3 0
248 3 2 2 1  -5 0
249 4 5 1 2   5 1
250 1 1 2 1  -9 1
251 4 4 2 1   0 1
252 4 1 1 2  -8 1
253 2 7 1 2   6 0
254 1 4 1 2   0 0
255 5 1 1 2  -8 1
256 3 6 2 1   8 0
257 2 6 2 1   7 0
258 1 2 1 2  -5 1
259 4 1 1 2  -5 0
260 5 5 2 1   3 0
261 2 4 2 1   0 1
262 3 7 1 2   6 0
263 1 5 1 2   3 0
264 3 1 1 2  -4 1
265 3 4 1 2  -2 0
266 5 2 1 2  -6 0
267 3 3 1 2  -3 0
268 2 7 1 2   6 1
269 5 1 1 2  -6 0
270 1 7 1 2   7 0
271 1 5 1 2   3 1
272 4 5 2 1   2 0
273 5 5 1 2   3 0
274 2 6 1 2   4 0
275 5 4 2 1  -2 1
276 2 1 1 2  -8 0
277 2 3 1 2  -4 0
278 4 4 1 2   0 1
279 1 3 1 2   0 0
280 5 3 2 1   0 0
281 4 5 2 1   3 1
282 3 4 2 1  -2 0
283 2 1 1 2  -9 0
284 1 6 1 2   4 1
285 1 4 1 2   0 0
286 5 4 2 1   0 1
287 3 6 1 2   5 0
288 3 4 2 1   0 0
289 3 7 2 1   7 0
290 4 7 1 2   6 1
291 4 7 1 2   6 0
292 5 3 1 2  -2 0
293 1 7 2 1   7 1
294 3 6 1 2   6 0
295 5 5 2 1   4 0
296 1 1 2 1  -9 1
297 4 3 1 2   0 0
298 1 7 2 1   8 0
299 5 1 2 1  -9 1
300 4 7 1 2   6 0
301 5 1 1 2  -7 0
302 5 7 2 1   6 1
303 4 5 2 1   2 0
304 2 2 1 2  -4 0
305 2 3 2 1   0 1
306 5 1 1 2   0 1
307 3 6 2 1   6 1
308 3 7 1 2   7 1
309 5 5 2 1   5 0
310 2 3 1 2  -2 0
311 3 3 2 1   0 1
312 2 5 1 2   5 0
313 3 3 2 1  -2 0
314 1 4 1 2   0 0
315 3 7 1 2   4 0
316 5 4 1 2  -2 1
317 1 7 1 2   6 0
318 1 6 2 1   5 1
319 3 2 2 1  -4 0
320 4 7 2 1   5 0
321 1 2 1 2  -8 0
322 5 2 2 1  -2 0
323 5 2 2 1  -3 1
324 3 1 1 2  -7 0
325 3 7 2 1   7 0
326 5 3 2 1  -2 0
327 2 4 1 2  -3 0
328 5 1 2 1  -7 1
329 2 4 2 1   0 0
330 5 1 2 1  -8 1
331 2 1 2 1  -8 1
332 1 4 2 1   0 0
333 4 2 1 2  -4 1
334 1 4 2 1   0 0
335 4 3 2 1   0 0
336 2 1 2 1  -5 1
337 5 7 2 1   7 0
338 4 5 1 2   3 1
339 4 5 2 1   5 0
340 4 1 2 1  -9 0
341 3 3 2 1   0 0
342 5 2 2 1  -3 1
343 2 7 2 1   8 0
344 5 1 1 2  -8 0
345 2 4 1 2  -2 0
346 2 3 2 1   0 0
347 2 2 1 2  -4 1
348 2 6 2 1   7 0
349 1 3 2 1   0 0
350 3 3 2 1   0 1
