  1 3 2 1 2  -5 0
  2 3 2 2 1  -5 0
  3 5 3 1 2  -4 0
  4 5 6 1 2   0 1
  5 4 2 2 1  -5 0
  6 5 7 2 1   5 0
  7 3 3 2 1  -5 0
  8 2 5 2 1   1 0
  9 1 7 2 1   0 1
 10 3 5 2 1   0 1
 11 4 2 1 2  -7 0
 12 1 6 1 2   5 0
 13 5 6 2 1   3 0
 14 4 7 2 1   0 1
 15 5 7 2 1   5 0
 16 4 7 2 1   0 1
 17 5 7 1 2   8 0
 18 3 4 2 1   0 0
 19 4 3 2 1  -2 0
 20 3 2 1 2   0 1
 21 1 1 2 1 -10 0
 22 5 5 1 2   0 0
 23 2 7 1 2   5 0
 24 3 5 2 1   0 0
 25 5 3 2 1   0 1
 26 3 7 1 2   0 1
 27 4 3 1 2  -3 0
 28 2 6 1 2   3 0
 29 2 3 2 1   0 1
 30 2 6 1 2   3 0
 31 4 4 2 1  -5 0
 32 4 6 2 1   5 0
 33 5 3 1 2   0 1
 34 2 3 1 2  -5 0
 35 5 6 1 2   5 0
 36 3 1 2 1   0 1
 37 4 3 2 1  -5 0
 38 1 5 2 1  -5 0
 39 5 3 2 1   0 1
 40 4 2 1 2  -7 0
 41 4 2 1 2  -5 0
 42 2 1 1 2  -5 0
 43 3 7 1 2   5 0
 44 4 7 1 2   0 1
 45 1 5 1 2   5 0
 46 4 6 2 1   2 0
 47 3 6 1 2   3 0
 48 5 4 2 1   0 1
 49 5 5 2 1  -2 0
 50 3 1 2 1   0 1
 51 3 7 2 1   3 0
 52 5 2 1 2   0 1
 53 3 1 1 2 -10 0
 54 1 6 2 1   3 0
 55 2 1 2 1   0 1
 56 3 5 1 2   5 0
 57 1 1 1 2  -5 0
 58 2 1 2 1   0 1
 59 3 6 2 1  -2 0
 60 4 4 2 1   0 1
 61 4 4 1 2  -5 0
 62 4 7 1 2   5 0
 63 1 6 1 2   5 0
 64 1 2 2 1  -5 0
 65 4 3 1 2  -3 0
 66 1 6 1 2   4 0
 67 1 5 1 2   0 0
 68 1 7 1 2   5 0
 69 3 2 2 1 -10 0
 70 2 7 2 1   5 0
 71 3 3 1 2  -3 0
 72 2 2 2 1 -10 0
 73 3 5 2 1   0 1
 74 5 1 2 1   0 1
 75 5 4 2 1  -5 0
 76 1 6 2 1   5 0
 77 3 4 2 1   0 1
 78 1 4 1 2  -5 0
 79 1 3 1 2  -5 0
 80 3 1 2 1   0 1
 81 5 6 1 2   5 0
 82 5 3 2 1  -4 0
 83 2 5 1 2  -5 0
 84 4 5 2 1   2 0
 85 2 4 2 1   0 1
 86 2 7 1 2   5 0
 87 4 6 1 2   5 0
 88 4 4 2 1  -5 0
 89 2 1 2 1 -10 0
 90 5 5 1 2   0 1
 91 1 2 2 1  -5 0
 92 1 6 2 1   0 1
 93 2 2 1 2  -5 0
 94 3 6 1 2   0 1
 95 5 3 1 2  -7 0
 96 3 4 2 1  -5 0
 97 1 1 1 2 -10 0
 98 1 2 2 1  -5 0
 99 4 4 1 2   0 1
100 2 1 1 2  -5 0
101 4 4 2 1  -1 0
102 5 2 2 1  -5 0
103 1 4 2 1   0 0
104 5 7 1 2   5 0
105 4 4 1 2  -4 0
106 2 7 1 2   5 0
107 5 4 2 1   0 1
108 1 5 2 1   0 1
109 3 7 2 1   0 1
110 2 5 2 1  -3 0
111 3 1 1 2   0 1
112 1 7 1 2   5 0
113 5 7 1 2  10 0
114 1 2 1 2  -5 0
115 1 3 2 1   0 1
116 2 6 1 2   5 0
117 3 1 1 2   0 1
118 2 6 2 1   0 1
119 3 7 1 2   0 1
120 1 3 2 1   0 1
121 4 4 1 2  -5 0
122 5 3 1 2   0 1
123 1 4 1 2  -5 0
124 2 4 2 1   0 1
125 5 2 2 1   0 1
126 4 3 2 1  -5 0
127 1 7 2 1   0 1
128 4 3 1 2  -5 0
129 2 1 2 1   0 1
130 4 2 1 2  -7 0
131 2 5 1 2   5 0
132 4 7 2 1   5 0
133 4 1 1 2  -5 0
134 1 4 2 1   0 1
135 1 3 2 1   0 1
136 1 6 2 1   0 1
137 2 5 1 2   0 1
138 1 2 2 1  -8 0
139 5 2 2 1  -5 0
140 5 4 1 2  -5 0
141 2 4 2 1  -3 0
142 2 2 2 1   0 1
143 3 3 1 2  -5 0
144 4 6 2 1   0 1
145 2 1 1 2 -10 0
146 4 2 2 1   0 1
147 4 7 1 2   0 1
148 1 1 2 1 -10 0
149 2 3 2 1   0 1
150 2 4 2 1  -2 0
151 5 1 1 2 -10 0
152 5 4 1 2  -5 0
153 3 3 1 2  -3 0
154 4 1 2 1 -10 0
155 2 5 2 1   0 0
156 2 3 2 1   0 0
157 5 2 2 1  -2 0
158 5 1 2 1 -10 0
159 3 6 2 1   0 1
160 5 6 2 1   1 0
161 4 5 2 1   0 1
162 4 5 1 2   1 0
163 1 2 1 2  -3 0
164 3 2 1 2   0 1
165 5 7 2 1   0 1
166 2 7 2 1   0 1
167 2 3 2 1   0 1
168 4 3 1 2  -4 0
169 1 6 1 2   3 0
170 1 5 2 1   0 1
171 2 6 2 1   5 0
172 4 6 2 1   1 0
173 3 1 2 1   0 1
174 1 4 2 1   0 1
175 3 5 1 2  -5 0
176 1 1 1 2  -7 0
177 1 3 1 2  -1 0
178 4 5 2 1  -1 0
179 5 1 1 2  -5 0
180 3 3 2 1   0 1
181 1 1 1 2   0 1
182 2 5 1 2  -7 0
183 1 7 1 2   0 1
184 2 6 1 2  -2 0
185 4 1 2 1  -5 0
186 2 2 2 1 -10 0
187 5 5 2 1  -3 0
188 1 4 1 2  -4 0
189 3 5 1 2  -3 0
190 5 1 2 1 -10 0
191 5 1 2 1   0 1
192 1 3 1 2   0 1
193 2 5 1 2   0 1
194 1 3 1 2  -5 0
195 3 4 1 2  -5 0
196 3 4 1 2  -5 0
197 3 2 1 2  -7 0
198 5 7 1 2   8 0
199 1 7 2 1   5 0
200 2 3 1 2  -2 0
201 5 6 2 1  -2 0
202 2 3 1 2  -5 0
203 2 2 1 2  -5 0
204 1 3 1 2  -3 0
205 4 3 2 1  -2 0
206 2 6 1 2   2 0
207 1 7 2 1   5 0
208 1 5 1 2   1 0
209 3 2 1 2   0 1
210 2 7 1 2   7 0
211 3 4 1 2  -2 0
212 5 6 2 1   2 0
213 3 3 2 1   0 1
214 2 2 1 2  -2 0
215 1 2 1 2  -7 0
216 5 5 2 1   0 1
217 3 6 1 2   0 1
218 1 7 1 2   5 0
219 4 5 1 2   2 0
220 5 5 1 2   1 0
221 2 2 1 2   0 1
222 5 7 2 1   5 0
223 5 4 1 2   0 1
224 2 6 2 1   5 0
225 4 1 1 2   0 1
226 4 6 2 1   3 0
227 2 7 2 1   0 1
228 3 2 2 1  -5 0
229 1 1 2 1 -10 0
230 3 5 2 1   0 1
231 1 2 2 1  -5 0
232 2 4 1 2   0 1
233 3 5 1 2  -2 0
234 5 6 2 1   4 0
235 2 3 2 1  -3 0
236 2 4 1 2  -5 0
237 2 3 1 2   0 1
238 5 2 1 2  -5 0
239 3 7 1 2   4 0
240 1 5 1 2   0 1
241 4 1 1 2  -2 0
242 2 2 2 1  -3 0
243 4 2 2 1   0 1
244 2 3 1 2  -2 0
245 5 6 1 2   5 0
246 2 4 2 1  -4 0
247 3 7 1 2   5 0
248 5 5 2 1   0 1
249 4 6 1 2   0 1
250 5 4 2 1   0 1
251 4 1 2 1   0 1
252 1 3 2 1  -4 0
253 4 1 1 2 -10 0
254 3 3 2 1   0 1
255 3 5 1 2   1 0
256 1 2 1 2  -7 0
257 2 4 1 2   1 0
258 5 5 2 1   0 1
259 4 1 2 1 -10 0
260 5 1 1 2  -8 0
261 3 4 1 2   0 1
262 5 1 1 2   0 1
263 2 6 2 1   5 0
264 4 7 2 1   5 0
265 2 5 2 1   0 1
266 2 7 2 1   5 0
267 5 4 1 2   0 1
268 4 3 1 2  -5 0
269 4 7 1 2   5 0
270 5 4 2 1   0 1
271 4 5 2 1   0 1
272 3 4 1 2  -5 0
273 5 2 1 2   0 1
274 1 5 2 1   0 1
275 2 6 2 1   4 0
276 4 6 1 2   5 0
277 3 3 1 2   0 1
278 4 5 2 1   0 1
279 1 1 2 1 -10 0
280 3 6 1 2   3 0
281 5 7 1 2   5 0
282 4 5 1 2   2 0
283 4 5 1 2   1 0
284 4 3 2 1   0 0
285 4 6 1 2   2 0
286 5 3 2 1   0 1
287 1 4 2 1   0 0
288 3 6 2 1   1 0
289 3 7 2 1   0 1
290 4 7 1 2   0 1
291 5 1 2 1 -10 0
292 1 7 1 2   5 0
293 3 1 1 2   0 1
294 3 4 2 1   0 1
295 3 2 2 1   0 1
296 1 5 1 2   2 0
297 2 1 2 1  -7 0
298 4 5 1 2  -2 0
299 1 3 2 1   0 1
300 2 2 2 1  -5 0
301 5 3 2 1   0 1
302 3 7 2 1   4 0
303 4 7 2 1   7 0
304 2 4 1 2  -4 0
305 4 1 1 2  -5 0
306 3 3 2 1   0 0
307 2 7 2 1   6 0
308 3 6 1 2   0 1
309 3 5 2 1  -1 0
310 2 4 1 2   0 0
311 1 1 1 2   0 1
312 3 1 1 2  -3 0
313 1 6 1 2   0 1
314 1 5 2 1   0 1
315 5 4 1 2   0 0
316 4 4 1 2   0 1
317 5 6 1 2   2 0
318 4 1 2 1   0 1
319 2 1 1 2  -7 0
320 4 2 2 1   0 1
321 2 2 1 2  -3 0
322 5 5 1 2   0 1
323 1 4 1 2   0 1
324 4 6 1 2   2 0
325 5 7 2 1   6 0
326 5 1 1 2 -10 0
327 2 5 2 1   1 0
328 3 6 2 1   0 1
329 4 2 1 2   0 1
330 4 4 2 1  -1 0
331 3 3 1 2  -1 0
332 3 2 2 1  -7 0
333 5 5 1 2   2 0
334 2 7 1 2   8 0
335 3 4 2 1   0 1
336 1 2 1 2  -4 0
337 1 4 2 1   0 1
338 3 6 2 1   4 0
339 5 2 2 1  -5 0
340 5 2 1 2   0 1
341 1 6 2 1   3 0
342 3 7 2 1   5 0
343 1 4 1 2  -1 0
344 2 1 1 2  -7 0
345 1 1 2 1  -9 0
346 5 3 1 2   0 1
347 4 2 2 1  -5 0
348 3 1 2 1   0 1
349 5 2 1 2  -5 0
350 1 7 2 1   5 0
