  1   2   5  -2   1   1 0.80 0.80 0.80 0.80   0   0   0   0   1   4   2   1   3
  1   2   1   0   0   1 0.80 0.80 0.80 0.80   1   0   0   0   1   4   1   3   2
  1   2   3   0   0   1 0.76 0.82 0.82 0.82   1   0   1   0   1   3   4   2   1
  0   2   9   6   1   1 0.00 0.00 0.00 0.00   0   0   0   0   1   2   1   4   3
  0   2   8   3   1   1 0.00 0.00 0.00 0.00   0   0   0   0   1   3   4   1   2
  1   2   6   0   0   2 0.40 0.40 0.40 0.40   1   0   0   0   1   2   1   4   3
  1   2   1   0   0   1 0.72 0.82 0.78 0.82   1   0   1   0   1   4   2   3   1
  1   2   4  -2   1   2 0.36 0.40 0.40 0.40   0   0   0   0   1   1   2   3   4
  1   2   3   0   0   1 0.68 0.84 0.74 0.84   1   0   1   0   1   3   1   2   4
  1   2   5   0   0   1 0.64 0.84 0.70 0.84   1   1   1   1   1   3   2   1   4
  0   2   6  -6   1   1 0.00 0.00 0.00 0.00   0   0   0   0   1   1   2   4   3
  1   2   4   0   0   2 0.36 0.42 0.42 0.42   1   0   0   0   1   4   2   1   3
  0   2   4   8   1   1 0.00 0.00 0.00 0.00   0   0   0   0   1   3   4   1   2
  1   2   2   0   0   2 0.32 0.42 0.42 0.42   1   1   1   0   1   3   2   4   1
  1   2   6   7   1   2 0.28 0.38 0.38 0.44   0   0   0   0   1   2   1   3   4
  1   2   4  -4   1   2 0.28 0.38 0.38 0.44   0   0   0   0   1   3   4   1   2
  1   2   3   7   1   1 0.60 0.80 0.66 0.80   0   0   0   0   1   1   3   2   4
  1   2   2   4   1   2 0.30 0.40 0.40 0.46   0   0   0   0   1   2   4   1   3
  1   2   1   4   1   1 0.60 0.80 0.66 0.80   0   0   0   0   1   3   4   2   1
  1   2   2   0   0   2 0.30 0.40 0.40 0.46   1   0   1   0   1   3   1   4   2
  0   2   1  -7   1   1 0.00 0.00 0.00 0.00   0   0   0   0   1   2   1   4   3
  1   2   6   6   1   2 0.26 0.42 0.36 0.48   0   0   0   0   1   2   1   3   4
  0   2  10   9   1   1 0.00 0.00 0.00 0.00   0   0   0   0   1   4   2   1   3
  0   2   2  -4   1   1 0.00 0.00 0.00 0.00   0   0   0   0   1   3   2   4   1
  1   2   6   7   1   2 0.26 0.42 0.36 0.48   0   0   0   0   1   2   3   4   1
  1   2   6   8   1   2 0.28 0.44 0.38 0.50   0   0   0   0   1   2   1   4   3
  1   2   6   7   1   2 0.28 0.44 0.38 0.50   0   0   0   0   1   3   4   1   2
  1   2   5   0   0   1 0.62 0.82 0.68 0.82   1   0   0   0   1   2   3   4   1
  1   2   1  -3   1   1 0.58 0.82 0.68 0.82   0   0   0   0   1   3   2   4   1
  1   2   4  -6   1   2 0.30 0.46 0.40 0.52   0   0   0   0   1   1   4   3   2
  1   2   3   0   0   1 0.58 0.84 0.70 0.84   0   0   1   1   1   1   3   4   2
  0   2   3   5   1   1 0.00 0.00 0.00 0.00   0   0   0   0   1   4   2   1   3
  1   2   3   0   0   1 0.60 0.84 0.66 0.80   1   0   1   0   1   3   1   2   4
  1   2   2   0   0   2 0.30 0.46 0.40 0.52   1   1   0   0   1   1   2   4   3
  1   2   4   0   0   2 0.26 0.42 0.42 0.54   1   0   1   0   1   4   2   3   1
  0   2   7  -7   1   1 0.00 0.00 0.00 0.00   0   0   0   0   1   2   3   1   4
  1   2   1   0   0   1 0.56 0.86 0.62 0.80   1   0   1   0   1   1   2   4   3
  1   2   2   0   0   2 0.22 0.42 0.38 0.54   0   0   0   1   1   1   4   2   3
  1   2   5   0   0   1 0.52 0.86 0.58 0.82   1   0   1   0   1   2   1   3   4
  0   2   5   9   1   1 0.00 0.00 0.00 0.00   0   0   0   0   1   3   1   2   4
  1   2   5   4   1   1 0.48 0.88 0.54 0.82   0   0   0   0   1   4   3   1   2
  1   2   4  -5   1   2 0.22 0.44 0.38 0.50   0   0   0   0   1   3   4   2   1
  1   2   2   4   1   2 0.24 0.44 0.40 0.50   0   0   0   0   1   4   2   3   1
  1   2   3   8   1   1 0.48 0.88 0.54 0.84   0   0   0   0   1   2   1   3   4
  1   2   5  -2   1   1 0.50 0.90 0.56 0.84   0   0   0   0   1   2   3   4   1
  1   2   1   0   0   1 0.50 0.90 0.56 0.86   1   0   1   0   1   3   1   2   4
  1   2   1   5   1   1 0.46 0.92 0.52 0.86   0   0   0   0   2   3   4   2   1
  1   2   3   8   1   1 0.46 0.92 0.52 0.88   0   0   0   0   2   4   1   2   3
  1   2   6   7   1   2 0.24 0.46 0.40 0.52   0   0   0   0   2   3   4   1   2
  1   2   1   0   1   1 0.48 0.94 0.54 0.88   0   0   0   0   2   3   4   2   1
  1   2   3   6   1   1 0.48 0.94 0.54 0.90   0   0   0   0   2   3   1   2   4
  1   2   5  -5   1   1 0.50 0.96 0.56 0.90   0   0   0   0   2   3   1   4   2
  1   2   4  -6   1   2 0.26 0.46 0.42 0.52   0   0   0   0   2   4   1   3   2
  1   2   2   0   0   2 0.26 0.48 0.42 0.54   0   0   1   0   2   1   4   3   2
  1   2   2   4   1   2 0.28 0.48 0.38 0.54   0   0   0   0   2   2   1   4   3
  1   2   5  -4   1   1 0.50 0.96 0.56 0.92   0   0   0   0   2   3   2   4   1
  1   2   3   7   1   1 0.52 0.98 0.58 0.92   0   0   0   0   2   1   3   2   4
  1   2   3   8   1   1 0.52 0.98 0.58 0.94   0   0   0   0   2   1   3   2   4
  1   2   2   6   1   2 0.28 0.50 0.38 0.56   0   0   0   0   2   4   1   2   3
  1   2   4  -5   1   2 0.30 0.50 0.40 0.56   0   0   0   0   2   3   4   1   2
  1   2   1   2   1   1 0.54 1.00 0.60 0.94   0   0   0   0   2   2   4   1   3
  1   2   2   0   0   2 0.30 0.52 0.40 0.58   1   0   0   0   2   4   2   1   3
  1   2   5   0   0   1 0.54 1.00 0.60 0.96   1   0   1   0   2   2   1   4   3
  1   2   1  -3   1   1 0.50 1.00 0.56 0.96   0   0   0   0   2   1   3   2   4
  1   2   2   4   1   2 0.26 0.52 0.42 0.58   0   0   0   0   3   2   4   1   3
  1   2   2   0   0   2 0.26 0.54 0.42 0.60   0   0   0   1   3   3   4   2   1
  1   2   5   0   1   1 0.50 1.00 0.56 0.98   0   0   0   0   3   4   3   1   2
  1   2   2   0   0   2 0.28 0.54 0.44 0.56   1   0   0   0   4   3   1   2   4
  1   2   2   5   1   2 0.24 0.56 0.44 0.56   0   0   0   0   5   4   3   2   1
  1   4   1   0   0   1 0.52 1.00 0.58 0.98   1   0   1   0   1   1   4   3   2
  1   4   6   7   1   2 0.24 0.56 0.46 0.58   0   0   0   0   1   4   2   1   3
  1   4   1   0   0   1 0.48 1.00 0.54 1.00   1   0   1   0   1   4   3   2   1
  1   4   2   4   1   2 0.26 0.58 0.46 0.58   0   0   0   0   1   3   4   2   1
  1   4   3   0   0   1 0.44 1.00 0.50 1.00   0   0   0   1   1   2   1   3   4
  1   4   3   7   1   1 0.44 1.00 0.50 0.96   0   0   0   0   1   4   2   1   3
  1   4   4   0   0   2 0.26 0.58 0.48 0.60   1   0   1   0   1   3   2   4   1
  0   4   4   8   1   1 0.00 0.00 0.00 0.00   0   0   0   0   1   4   1   3   2
  1   4   5   0   0   1 0.46 1.00 0.52 0.96   1   0   1   0   1   3   4   1   2
  0   4   7  -8   1   1 0.00 0.00 0.00 0.00   0   0   0   0   1   1   2   4   3
  1   4   6   0   0   2 0.22 0.60 0.44 0.60   1   0   1   0   1   4   1   2   3
  1   4   2   0   0   2 0.18 0.60 0.40 0.62   0   0   1   0   1   4   2   1   3
  1   4   2   0   0   2 0.18 0.62 0.36 0.62   1   0   1   0   1   1   3   2   4
  1   4   4   0   0   2 0.14 0.62 0.32 0.64   1   0   1   1   1   2   4   3   1
  1   4   1   0   0   1 0.42 1.00 0.48 0.98   1   0   1   0   1   2   3   4   1
  1   4   5   0   0   1 0.38 1.00 0.44 0.98   1   0   1   0   1   4   3   2   1
  0   4   1  -7   1   1 0.00 0.00 0.00 0.00   0   0   0   0   1   4   2   1   3
  1   4   1   0   0   1 0.34 1.00 0.40 1.00   1   1   1   0   1   3   4   1   2
  0   4   9   6   1   1 0.00 0.00 0.00 0.00   0   0   0   0   1   2   1   3   4
  1   4   2   0   0   2 0.10 0.64 0.28 0.60   0   0   1   0   1   4   2   1   3
  1   4   1  -4   1   1 0.30 0.96 0.36 1.00   0   0   0   0   1   4   3   2   1
  1   4   4  -8   1   2 0.10 0.64 0.24 0.60   0   0   0   0   1   3   4   2   1
  1   4   6   7   1   2 0.12 0.66 0.24 0.62   0   0   0   0   1   1   2   3   4
  1   4   5  -3   1   1 0.30 0.96 0.36 1.00   0   0   0   0   1   3   1   4   2
  1   4   5   2   1   1 0.32 0.98 0.38 1.00   0   0   0   0   1   1   2   4   3
  0   4   2  -4   1   1 0.00 0.00 0.00 0.00   0   0   0   0   1   2   1   4   3
  0   4   8  -2   1   1 0.00 0.00 0.00 0.00   0   0   0   0   1   4   1   2   3
  1   4   6   7   1   2 0.12 0.66 0.26 0.62   0   0   0   0   1   4   1   2   3
  1   4   5   0   0   1 0.32 0.98 0.38 1.00   1   0   1   0   1   3   4   2   1
  1   4   1   0   0   1 0.28 1.00 0.34 1.00   1   0   0   0   1   2   1   3   4
  0   4   5  10   1   1 0.00 0.00 0.00 0.00   0   0   0   0   1   4   1   2   3
  1   4   6   0   0   2 0.14 0.68 0.26 0.64   0   0   1   0   1   4   2   1   3
  1   4   4  -6   1   2 0.14 0.68 0.22 0.64   0   0   0   0   1   2   4   3   1
  0   4  10   8   1   1 0.00 0.00 0.00 0.00   0   0   0   0   1   4   3   1   2
  1   4   2   2   1   2 0.16 0.70 0.22 0.66   0   0   0   0   1   4   2   3   1
  1   4   6   0   0   2 0.16 0.70 0.24 0.66   1   0   0   0   1   1   2   4   3
  1   4   3   0   0   1 0.24 1.00 0.34 1.00   1   1   0   0   1   3   4   1   2
  1   4   4   0   0   2 0.12 0.72 0.24 0.68   0   1   0   1   1   1   4   3   2
  0   4   6  -9   1   1 0.00 0.00 0.00 0.00   0   0   0   0   1   3   1   2   4
  1   4   2   2   1   2 0.12 0.68 0.26 0.64   0   0   0   0   1   2   1   4   3
  1   4   4  -4   1   2 0.14 0.68 0.26 0.64   0   0   0   0   1   3   2   1   4
  1   4   3   0   0   1 0.20 0.96 0.36 1.00   0   0   0   1   1   3   2   1   4
  1   4   5   0   0   1 0.20 0.96 0.36 0.96   1   0   0   0   1   4   1   2   3
  0   4   3   3   1   1 0.00 0.00 0.00 0.00   0   0   0   0   1   1   2   3   4
  1   4   3   7   1   1 0.16 0.98 0.38 0.96   0   0   0   0   1   2   3   4   1
  1   4   3   8   1   1 0.16 0.98 0.38 0.98   0   0   0   0   1   2   1   4   3
  1   4   1  -6   1   1 0.18 1.00 0.40 0.98   0   0   0   0   2   3   2   4   1
  1   4   1   0   0   1 0.18 1.00 0.40 1.00   1   0   1   0   2   3   2   4   1
  1   4   3   0   0   1 0.14 1.00 0.36 1.00   0   0   1   0   2   1   3   4   2
  1   4   4   0   0   2 0.14 0.70 0.28 0.66   1   0   1   0   2   3   4   2   1
  1   4   5   0   0   1 0.14 1.00 0.32 1.00   0   1   1   1   2   4   3   1   2
  1   4   6   0   0   2 0.10 0.70 0.24 0.66   0   1   0   1   2   1   2   4   3
  1   4   2   0   0   2 0.10 0.66 0.24 0.62   1   0   1   0   2   1   4   2   3
  1   4   2   2   1   2 0.06 0.66 0.20 0.62   0   0   0   0   2   3   4   1   2
  1   4   4   0   0   2 0.06 0.68 0.20 0.64   0   0   1   1   2   1   4   2   3
  1   4   1   0   0   1 0.16 0.96 0.28 0.96   0   0   1   0   2   2   3   4   1
  1   4   5   0   0   1 0.16 0.96 0.24 0.96   0   0   1   1   2   2   4   1   3
  1   4   1  -3   1   1 0.18 0.98 0.20 0.92   0   0   0   0   2   4   1   2   3
  1   4   2   0   0   2 0.08 0.68 0.16 0.60   0   1   1   0   2   3   1   4   2
  1   4   5  -5   1   1 0.18 0.98 0.20 0.92   0   0   0   0   2   1   3   2   4
  1   4   1   0   0   1 0.20 1.00 0.22 0.94   1   0   1   0   2   3   4   2   1
  1   4   6   6   1   2 0.08 0.64 0.12 0.60   0   0   0   0   2   3   1   2   4
  1   4   6   6   1   2 0.10 0.64 0.12 0.62   0   0   0   0   2   2   3   4   1
  1   4   3   7   1   1 0.16 1.00 0.18 0.94   0   0   0   0   2   2   4   3   1
  1   4   4  -4   1   2 0.10 0.66 0.14 0.62   0   0   0   0   2   1   2   4   3
  1   4   3   8   1   1 0.16 1.00 0.18 0.96   0   0   0   0   2   4   2   3   1
  1   4   5   0   0   1 0.18 1.00 0.20 0.96   1   0   1   0   2   1   4   2   3
  1   4   1  -4   1   1 0.14 1.00 0.16 0.98   0   0   0   0   3   2   3   1   4
  1   4   3   7   1   1 0.14 1.00 0.16 0.98   0   0   0   0   3   3   4   1   2
  1   4   4  -7   1   2 0.12 0.66 0.14 0.64   0   0   0   0   3   2   4   3   1
  1   4   5  -4   1   1 0.16 1.00 0.18 1.00   0   0   0   0   3   2   1   3   4
  1   4   6   4   1   2 0.12 0.68 0.16 0.64   0   0   0   0   3   2   3   1   4
  1   4   2   3   1   2 0.14 0.68 0.16 0.66   0   0   0   0   3   4   3   2   1
  1   4   4  -5   1   2 0.14 0.70 0.18 0.66   0   0   0   0   3   1   3   4   2
  1   4   1  -2   1   1 0.16 1.00 0.18 1.00   0   0   0   0   3   4   2   3   1
  1   4   5  -3   1   1 0.18 1.00 0.20 1.00   0   0   0   0   3   4   1   2   3
  1   4   2   3   1   2 0.16 0.70 0.18 0.68   0   0   0   0   3   1   2   4   3
  1   4   1  -2   1   1 0.18 1.00 0.20 1.00   0   0   0   0   3   1   4   2   3
  1   4   5  -4   1   1 0.20 1.00 0.22 1.00   0   0   0   0   3   2   4   1   3
  1   1   5  -3   1   1 0.20 1.00 0.22 1.00   0   0   0   0   1   3   1   4   2
  1   1   4   0   0   2 0.16 0.72 0.20 0.68   0   0   1   0   1   1   4   2   3
  1   1   4  -8   1   2 0.18 0.72 0.16 0.70   0   0   0   0   1   3   4   1   2
  1   1   3   0   0   1 0.22 1.00 0.24 1.00   1   0   1   0   1   3   2   1   4
  1   1   1   0   1   1 0.18 1.00 0.20 1.00   0   0   0   0   1   4   3   1   2
  0   1   2  -4   1   1 0.00 0.00 0.00 0.00   0   0   0   0   1   1   4   3   2
  0   1  10   8   1   1 0.00 0.00 0.00 0.00   0   0   0   0   1   3   4   1   2
  0   1   5  10   1   1 0.00 0.00 0.00 0.00   0   0   0   0   1   4   1   3   2
  0   1   6  -9   1   1 0.00 0.00 0.00 0.00   0   0   0   0   1   4   3   1   2
  1   1   2   0   0   2 0.18 0.74 0.16 0.70   0   1   0   1   1   1   4   3   2
  0   1   3   4   1   1 0.00 0.00 0.00 0.00   0   0   0   0   1   1   2   4   3
  1   1   6   0   0   2 0.20 0.70 0.18 0.66   0   0   0   1   1   4   2   1   3
  1   1   6   0   0   2 0.20 0.70 0.18 0.62   1   0   1   0   1   2   4   1   3
  1   1   2   0   0   2 0.16 0.72 0.14 0.62   0   0   0   1   1   4   1   2   3
  1   1   6   0   0   2 0.16 0.72 0.14 0.58   0   1   0   1   1   3   1   4   2
  0   1   9   8   1   1 0.00 0.00 0.00 0.00   0   0   0   0   1   1   3   4   2
  1   1   1   0   0   1 0.18 1.00 0.20 1.00   1   1   1   1   1   4   3   1   2
  0   1   4   9   1   1 0.00 0.00 0.00 0.00   0   0   0   0   1   2   3   4   1
  1   1   3   9   1   1 0.14 0.96 0.16 0.96   0   0   0   0   1   4   2   1   3
  1   1   2   4   1   2 0.18 0.68 0.16 0.54   0   0   0   0   1   2   3   1   4
  1   1   4   0   0   2 0.18 0.68 0.16 0.54   0   1   0   1   1   2   3   4   1
  0   1   1  -7   1   1 0.00 0.00 0.00 0.00   0   0   0   0   1   2   3   4   1
  1   1   5   0   0   1 0.14 0.96 0.16 0.96   0   0   0   1   1   3   1   4   2
  1   1   4   0   0   2 0.20 0.64 0.18 0.50   0   1   0   1   1   3   4   2   1
  1   1   6   6   1   2 0.20 0.60 0.18 0.46   0   0   0   0   1   4   2   3   1
  1   1   5   0   0   1 0.16 0.98 0.18 0.92   0   1   0   1   1   2   4   3   1
  1   1   3   0   0   1 0.16 0.94 0.18 0.88   0   1   0   1   1   4   2   1   3
  1   1   4  -6   1   2 0.22 0.60 0.20 0.46   0   0   0   0   1   1   2   3   4
  1   1   2   0   0   2 0.22 0.62 0.20 0.48   0   1   0   1   1   1   2   3   4
  1   1   5   0   0   1 0.18 0.90 0.20 0.84   0   1   0   1   1   1   3   4   2
  1   1   5  -6   1   1 0.18 0.86 0.20 0.80   0   0   0   0   1   3   4   2   1
  0   1   8  -5   1   1 0.00 0.00 0.00 0.00   0   0   0   0   1   2   3   4   1
  1   1   3   0   0   1 0.20 0.86 0.22 0.80   0   0   1   1   1   1   3   2   4
  1   1   2   3   1   2 0.24 0.58 0.22 0.44   0   0   0   0   1   2   3   4   1
  1   1   6   5   1   2 0.24 0.58 0.22 0.44   0   0   0   0   1   4   2   1   3
  1   1   1   0   0   1 0.20 0.88 0.18 0.76   1   1   1   1   1   4   1   2   3
  0   1   7   0   0   1 0.00 0.00 0.00 0.00   1   0   0   0   1   4   1   3   2
  1   1   3   0   0   1 0.16 0.84 0.14 0.72   0   0   0   0   1   1   2   4   3
  1   1   3   7   1   1 0.16 0.84 0.14 0.72   0   0   0   0   1   2   4   1   3
  1   1   1   0   0   1 0.18 0.86 0.16 0.74   0   1   0   1   1   4   2   1   3
  1   1   2   7   1   2 0.26 0.60 0.24 0.46   0   0   0   0   1   2   1   3   4
  1   1   1   0   0   1 0.18 0.82 0.16 0.70   0   1   0   1   1   3   2   1   4
  1   1   4   0   0   2 0.26 0.60 0.24 0.46   0   1   1   1   1   4   1   2   3
  1   1   6  -6   1   2 0.28 0.56 0.20 0.42   0   0   0   0   1   4   1   2   3
  1   1   5   0   0   1 0.20 0.78 0.18 0.66   0   1   0   1   1   2   4   3   1
  1   1   1   4   1   1 0.20 0.74 0.18 0.62   0   0   0   0   1   4   1   3   2
  1   1   4   0   0   2 0.28 0.56 0.20 0.42   1   1   0   1   2   2   1   3   4
  1   1   3   0   0   1 0.22 0.74 0.20 0.62   0   1   0   1   2   2   4   1   3
  1   1   2   0   0   2 0.24 0.52 0.22 0.38   1   0   0   1   2   1   3   2   4
  1   1   6   0   0   2 0.20 0.52 0.22 0.34   0   1   0   0   2   2   4   1   3
  1   1   6   0   0   2 0.20 0.48 0.24 0.34   0   1   0   0   2   2   3   4   1
  1   1   2   5   1   2 0.22 0.44 0.24 0.36   0   0   0   0   2   3   4   1   2
  1   1   6   0   0   2 0.22 0.44 0.26 0.36   1   0   1   0   2   2   1   4   3
  1   1   1   0   0   1 0.22 0.70 0.20 0.58   1   1   0   1   2   4   3   1   2
  1   1   4   0   0   2 0.18 0.46 0.22 0.38   1   0   1   0   2   1   4   3   2
  1   1   5  -5   1   1 0.18 0.66 0.22 0.54   0   0   0   0   2   4   3   1   2
  1   1   4   0   0   2 0.14 0.46 0.18 0.38   1   0   1   0   2   4   1   3   2
  1   1   5   0   0   1 0.18 0.66 0.22 0.54   1   1   1   1   2   3   4   1   2
  1   1   3   8   1   1 0.14 0.62 0.18 0.50   0   0   0   0   2   1   4   3   2
  1   1   2   0   0   2 0.10 0.48 0.14 0.40   0   0   1   0   2   1   2   3   4
  1   1   5   0   0   1 0.14 0.62 0.18 0.50   0   0   1   0   2   1   3   4   2
  1   1   3   0   0   1 0.16 0.64 0.14 0.52   0   1   0   1   2   1   4   3   2
  1   1   1   0   0   1 0.16 0.60 0.14 0.48   1   0   1   0   2   3   2   1   4
  0   1   7  -8   1   1 0.00 0.00 0.00 0.00   0   0   0   0   2   2   4   3   1
  1   1   3   8   1   1 0.12 0.60 0.10 0.48   0   0   0   0   2   2   1   4   3
  1   1   1  -2   1   1 0.12 0.62 0.10 0.50   0   0   0   0   2   4   3   1   2
  1   1   1   0   0   1 0.14 0.62 0.12 0.50   1   0   1   0   2   4   1   2   3
  1   1   4   0   0   2 0.10 0.48 0.10 0.40   1   0   1   0   2   3   2   4   1
  1   1   5   0   0   1 0.10 0.64 0.08 0.52   0   1   0   1   2   2   1   4   3
  1   1   4   0   0   2 0.06 0.50 0.06 0.42   1   0   0   0   3   4   3   2   1
  1   1   3   0   0   1 0.10 0.60 0.08 0.48   0   1   0   1   3   3   4   1   2
  1   1   2   0   0   2 0.02 0.50 0.06 0.42   1   1   0   0   3   3   1   4   2
  1   1   6   7   1   2 0.02 0.46 0.08 0.44   0   0   0   0   3   3   1   2   4
  1   1   6   0   0   2 0.02 0.46 0.08 0.44   0   1   0   0   3   4   2   3   1
  1   1   6   0   0   2 0.04 0.42 0.10 0.46   0   1   0   1   3   4   2   3   1
  1   1   1   0   0   1 0.12 0.56 0.10 0.44   1   0   1   1   3   1   2   3   4
  1   1   4   0   0   2 0.04 0.38 0.10 0.42   0   1   0   1   3   3   2   1   4
  1   1   4   0   0   2 0.06 0.34 0.12 0.38   0   0   0   1   3   3   4   1   2
  1   1   5   0   0   1 0.08 0.56 0.06 0.40   0   1   0   0   3   1   4   3   2
  1   1   2   0   0   2 0.06 0.34 0.12 0.34   0   0   0   1   3   2   3   4   1
  1   1   5   0   0   1 0.08 0.52 0.06 0.40   0   1   0   1   3   4   2   1   3
  1   1   3   0   0   1 0.10 0.48 0.08 0.36   0   1   0   0   3   4   3   1   2
  1   1   1   0   0   1 0.10 0.44 0.08 0.36   0   0   1   0   3   2   4   3   1
  1   1   1   0   0   1 0.12 0.44 0.04 0.38   0   1   0   0   3   4   2   3   1
  1   1   4   0   0   2 0.08 0.36 0.14 0.30   0   1   0   1   3   2   4   1   3
  1   1   5   0   0   1 0.12 0.40 0.04 0.38   0   1   0   1   3   1   2   4   3
  1   1   4   0   0   2 0.08 0.32 0.14 0.26   0   0   1   0   4   4   2   1   3
  1   1   3   0   0   1 0.14 0.36 0.06 0.34   1   0   0   1   4   1   3   2   4
  1   1   2   0   0   2 0.10 0.32 0.10 0.26   1   0   1   0   4   3   4   2   1
  1   1   6   0   0   2 0.06 0.34 0.06 0.28   0   1   0   0   4   2   3   1   4
  1   1   6   7   1   2 0.06 0.30 0.06 0.28   0   0   0   0   4   1   3   2   4
  1   1   1   0   0   1 0.10 0.36 0.06 0.30   1   0   0   0   4   2   4   1   3
  1   1   4   0   0   2 0.08 0.30 0.08 0.30   1   0   1   0   4   3   1   4   2
  1   1   4   0   0   2 0.04 0.32 0.04 0.30   0   1   0   1   4   1   2   3   4
  1   1   5   0   0   1 0.06 0.38 0.08 0.30   0   0   1   0   4   1   3   2   4
  1   1   2   0   0   2 0.04 0.28 0.04 0.26   0   1   0   1   4   3   2   1   4
  1   1   5   0   0   1 0.06 0.38 0.04 0.32   0   1   0   1   4   1   2   3   4
  1   1   3   0   0   1 0.08 0.34 0.04 0.28   0   1   0   1   4   4   1   2   3
  1   1   1  -3   1   1 0.08 0.30 0.06 0.24   0   0   0   0   4   4   1   3   2
  1   1   1   0   0   1 0.10 0.30 0.06 0.24   1   0   0   0   4   4   3   1   2
  1   1   4   0   0   2 0.06 0.24 0.06 0.22   0   0   0   1   4   4   1   3   2
  1   1   5   0   0   1 0.06 0.32 0.08 0.26   0   1   0   0   4   3   2   4   1
  1   1   4  -6   1   2 0.06 0.24 0.06 0.18   0   0   0   0   5   1   4   3   2
  1   1   3   0   0   1 0.06 0.28 0.08 0.26   0   1   0   1   5   1   4   2   3
  1   1   2   0   0   2 0.08 0.26 0.08 0.18   0   0   0   1   5   3   1   4   2
  1   1   6   0   0   2 0.08 0.26 0.08 0.14   0   1   0   0   5   3   1   4   2
  1   1   1  -3   1   1 0.08 0.24 0.10 0.22   0   0   0   0   5   4   2   1   3
  1   1   4  -8   1   2 0.10 0.22 0.10 0.14   0   0   0   0   5   4   2   1   3
  1   1   4  -3   1   2 0.10 0.22 0.10 0.16   0   0   0   0   5   1   2   3   4
  1   1   5  -2   1   1 0.08 0.24 0.10 0.22   0   0   0   0   5   4   3   1   2
  1   1   2   4   1   2 0.12 0.24 0.12 0.16   0   0   0   0   5   3   4   1   2
  1   1   5  -6   1   1 0.10 0.26 0.12 0.24   0   0   0   0   5   4   2   1   3
  1   1   3   0   0   1 0.10 0.26 0.12 0.24   0   1   0   0   5   2   1   4   3
  1   1   1   4   1   1 0.12 0.22 0.14 0.26   0   0   0   0   5   4   2   3   1
  1   1   4  -7   1   2 0.12 0.24 0.12 0.18   0   0   0   0   5   4   3   1   2
  1   1   5  -5   1   1 0.12 0.22 0.14 0.26   0   0   0   0   5   3   2   4   1
  1   1   3   7   1   1 0.14 0.24 0.16 0.28   0   0   0   0   6   4   2   3   1
  1   1   2   0   0   2 0.14 0.26 0.14 0.18   0   1   0   0   6   3   4   1   2
  1   1   6   6   1   2 0.14 0.22 0.14 0.20   0   0   0   0   6   3   1   2   4
  1   1   3   0   0   1 0.14 0.24 0.16 0.28   0   0   0   1   6   2   1   4   3
  1   1   2   4   1   2 0.16 0.22 0.16 0.20   0   0   0   0   7   1   4   3   2
  1   1   3   0   0   1 0.16 0.26 0.18 0.24   0   1   0   0   7   1   4   2   3
  1   1   3   8   1   1 0.16 0.22 0.18 0.24   0   0   0   0   8   3   4   1   2
  0   3   6  -8   1   1 0.00 0.00 0.00 0.00   0   0   0   0   1   4   3   2   1
  1   3   4   0   0   2 0.16 0.24 0.16 0.22   0   1   0   0   1   1   4   2   3
  1   3   1   0   0   1 0.18 0.22 0.20 0.26   1   0   1   0   1   3   4   2   1
  1   3   4   0   0   2 0.18 0.20 0.18 0.22   1   0   1   0   1   1   3   2   4
  1   3   1  -2   1   1 0.14 0.24 0.16 0.26   0   0   0   0   1   1   2   4   3
  0   3   4   8   1   1 0.00 0.00 0.00 0.00   0   0   0   0   1   1   3   2   4
  1   3   6   6   1   2 0.14 0.20 0.14 0.24   0   0   0   0   1   1   4   3   2
  1   3   3   0   0   1 0.14 0.24 0.16 0.28   0   0   0   1   1   2   4   1   3
  1   3   1  -3   1   1 0.16 0.26 0.18 0.24   0   0   0   0   1   2   4   1   3
  1   3   3   0   0   1 0.16 0.26 0.18 0.24   0   1   0   1   1   1   4   3   2
  1   3   1   2   1   1 0.18 0.22 0.20 0.20   0   0   0   0   1   4   2   3   1
  1   3   3   0   0   1 0.18 0.22 0.20 0.20   0   0   0   1   1   4   2   3   1
  1   3   2   4   1   2 0.14 0.22 0.14 0.24   0   0   0   0   1   3   2   4   1
  1   3   2   0   0   2 0.16 0.22 0.16 0.26   0   1   0   1   1   2   4   3   1
  1   3   4  -9   1   2 0.16 0.18 0.16 0.22   0   0   0   0   1   3   1   4   2
  1   3   3   0   0   1 0.20 0.24 0.22 0.16   0   0   1   0   1   2   3   1   4
  0   3   5  10   1   1 0.00 0.00 0.00 0.00   0   0   0   0   1   2   4   3   1
  1   3   5   3   1   1 0.20 0.24 0.18 0.16   0   0   0   0   1   1   3   2   4
  1   3   5   0   0   1 0.22 0.26 0.18 0.18   0   1   0   0   1   1   3   2   4
  1   3   3   8   1   1 0.22 0.22 0.20 0.18   0   0   0   0   1   3   2   1   4
  1   3   6   0   0   2 0.18 0.18 0.18 0.22   0   0   0   1   1   4   2   3   1
  0   3   3   0   0   1 0.00 0.00 0.00 0.00   1   0   0   0   1   3   4   2   1
  1   3   4   0   0   2 0.18 0.20 0.18 0.18   1   0   1   0   1   2   3   1   4
  1   3   6   0   0   2 0.14 0.20 0.14 0.18   1   0   1   0   1   4   2   3   1
  1   3   6   6   1   2 0.10 0.22 0.10 0.20   0   0   0   0   1   2   3   4   1
  0   3   1  -5   1   1 0.00 0.00 0.00 0.00   0   0   0   0   1   2   4   3   1
  1   3   4  -9   1   2 0.10 0.22 0.10 0.20   0   0   0   0   1   3   4   1   2
  1   3   2   0   0   2 0.12 0.24 0.12 0.22   0   1   0   1   1   4   2   1   3
  0   3   9   7   1   1 0.00 0.00 0.00 0.00   0   0   0   0   1   4   3   1   2
  1   3   2   4   1   2 0.12 0.20 0.12 0.18   0   0   0   0   1   3   2   4   1
  1   3   6   0   0   2 0.14 0.20 0.14 0.18   0   0   0   1   1   4   2   1   3
  0   3   7  -8   1   1 0.00 0.00 0.00 0.00   0   0   0   0   1   3   2   4   1
  1   3   5   2   1   1 0.24 0.22 0.20 0.20   0   0   0   0   1   2   4   1   3
  1   3   6   7   1   2 0.14 0.22 0.14 0.14   0   0   0   0   1   1   3   2   4
  1   3   4  -6   1   2 0.16 0.22 0.16 0.14   0   0   0   0   1   4   2   3   1
  0   3   8   2   1   1 0.00 0.00 0.00 0.00   0   0   0   0   1   3   4   1   2
  0   3  10   6   1   1 0.00 0.00 0.00 0.00   0   0   0   0   1   3   4   2   1
  1   3   2   0   0   2 0.16 0.24 0.16 0.16   0   1   0   0   1   3   4   2   1
  0   3   2  -4   1   1 0.00 0.00 0.00 0.00   0   0   0   0   1   2   3   1   4
  1   3   1   0   0   1 0.24 0.24 0.22 0.20   1   1   0   1   1   3   2   4   1
  1   3   2   0   0   2 0.18 0.20 0.18 0.16   0   1   1   0   1   4   3   2   1
  1   3   3   8   1   1 0.20 0.20 0.22 0.16   0   0   0   0   1   2   1   3   4
  1   3   5   0   0   1 0.20 0.20 0.24 0.16   1   0   1   0   1   3   1   2   4
  1   3   1   0   0   1 0.16 0.22 0.20 0.18   0   0   1   0   1   4   2   3   1
  1   3   5   0   0   1 0.16 0.22 0.16 0.18   0   1   1   1   1   4   3   1   2
  1   3   5  -2   1   1 0.18 0.18 0.12 0.14   0   0   0   0   1   4   3   2   1
  1   3   4   0   0   2 0.18 0.16 0.14 0.18   1   0   0   1   2   3   1   2   4
  1   3   1   0   0   1 0.18 0.18 0.12 0.14   1   0   0   0   2   3   1   2   4
  1   3   4  -6   1   2 0.14 0.16 0.14 0.14   0   0   0   0   2   2   4   1   3
  1   3   3   0   0   1 0.14 0.20 0.14 0.16   0   1   0   1   2   2   3   1   4
  1   3   3   0   0   1 0.14 0.16 0.14 0.12   0   1   0   1   2   3   1   2   4
  1   3   3   8   1   1 0.16 0.12 0.16 0.08   0   0   0   0   2   4   3   2   1
  1   3   2   0   0   2 0.14 0.18 0.16 0.14   0   1   0   1   2   4   3   1   2
  1   3   3   0   0   1 0.16 0.12 0.16 0.08   1   0   1   0   2   3   4   1   2
  1   3   5  -2   1   1 0.12 0.14 0.12 0.10   0   0   0   0   2   3   2   4   1
  1   3   6   0   0   2 0.16 0.14 0.16 0.10   1   0   1   0   2   3   1   4   2
  0   3   3   4   1   1 0.00 0.00 0.00 0.00   0   0   0   0   2   1   2   4   3
  1   3   4  -6   1   2 0.12 0.14 0.12 0.10   0   0   0   0   2   3   2   1   4
  1   3   6   0   0   2 0.12 0.16 0.12 0.12   0   0   1   0   2   2   3   4   1
  1   3   2   5   1   2 0.14 0.16 0.08 0.12   0   0   0   0   2   2   3   1   4
  1   3   6   7   1   2 0.14 0.18 0.08 0.14   0   0   0   0   2   2   1   4   3
  1   3   2   0   0   2 0.16 0.18 0.10 0.14   1   1   0   1   2   4   2   1   3
  1   3   1  -1   1   1 0.12 0.14 0.12 0.10   0   0   0   0   2   4   1   2   3
  1   3   2   4   1   2 0.12 0.14 0.10 0.10   0   0   0   0   2   4   2   3   1
  1   3   5   0   0   1 0.14 0.16 0.14 0.12   0   1   0   0   2   3   4   2   1
  1   3   1   0   0   1 0.14 0.12 0.14 0.12   0   0   1   0   2   1   2   4   3
  1   3   5   3   1   1 0.16 0.12 0.10 0.14   0   0   0   0   2   4   3   2   1
  1   3   4   0   0   2 0.12 0.14 0.12 0.10   0   0   1   0   3   4   3   2   1
  1   3   1   0   0   1 0.16 0.14 0.10 0.14   1   0   0   0   3   1   2   4   3
  1   3   3   0   0   1 0.12 0.14 0.12 0.16   0   0   1   0   3   2   1   3   4
  1   3   3   5   1   1 0.12 0.16 0.08 0.16   0   0   0   0   3   2   4   1   3
  1   3   2   0   0   2 0.14 0.16 0.08 0.12   1   0   0   0   3   1   2   3   4
  1   3   3   0   0   1 0.14 0.16 0.08 0.18   0   0   0   1   3   3   2   4   1
  1   3   6   0   0   2 0.10 0.16 0.08 0.12   1   1   0   0   3   3   1   2   4
  1   3   6   0   0   2 0.06 0.12 0.10 0.14   0   0   1   1   3   4   2   3   1
  1   3   2   3   1   2 0.06 0.12 0.06 0.10   0   0   0   0   3   3   1   4   2
  1   3   5   0   0   1 0.14 0.18 0.10 0.14   0   1   0   0   3   2   1   3   4
  1   3   1   0   0   1 0.16 0.14 0.10 0.14   1   0   0   0   3   1   3   4   2
  1   3   4  -9   1   2 0.08 0.14 0.06 0.10   0   0   0   0   4   3   1   4   2
  1   3   1   2   1   1 0.12 0.14 0.12 0.16   0   0   0   0   4   2   1   4   3
  1   3   3   0   0   1 0.12 0.16 0.12 0.16   1   0   1   0   4   1   2   4   3
  1   3   2   4   1   2 0.08 0.14 0.08 0.12   0   0   0   0   4   2   4   1   3
  1   3   3   7   1   1 0.08 0.16 0.08 0.18   0   0   0   0   4   2   3   1   4
  1   3   6   6   1   2 0.10 0.16 0.08 0.12   0   0   0   0   4   1   3   4   2
  1   3   6   6   1   2 0.10 0.16 0.10 0.14   0   0   0   0   4   3   2   4   1
  1   3   5   0   0   1 0.08 0.18 0.08 0.18   0   1   0   1   4   3   4   2   1
  1   3   1   4   1   1 0.10 0.14 0.10 0.14   0   0   0   0   4   4   3   1   2
  1   3   3   8   1   1 0.10 0.14 0.10 0.14   0   0   0   0   5   1   4   2   3
  1   3   5   0   0   1 0.12 0.16 0.12 0.16   0   0   1   1   5   3   2   1   4
  1   3   5   0   0   1 0.12 0.16 0.08 0.12   1   0   0   0   6   2   1   4   3
  1   3   5   0   0   1 0.08 0.18 0.08 0.12   0   1   0   0   7   2   4   1   3
  1   3   5  -2   1   1 0.08 0.14 0.10 0.14   0   0   0   0   8   3   1   4   2
  1   5   4   0   0   2 0.12 0.18 0.10 0.14   1   0   0   0   1   4   2   3   1
  1   5   1  -2   1   1 0.10 0.14 0.10 0.14   0   0   0   0   1   1   2   4   3
  0   5   1  -7   1   1 0.00 0.00 0.00 0.00   0   0   0   0   1   2   3   1   4
  1   5   2   0   0   2 0.08 0.18 0.12 0.16   0   1   0   0   1   3   1   2   4
  1   5   5  -3   1   1 0.10 0.16 0.12 0.16   0   0   0   0   1   1   4   2   3
  1   5   5   0   0   1 0.12 0.16 0.12 0.16   0   0   0   1   1   2   1   3   4
  1   5   1   0   0   1 0.12 0.18 0.14 0.12   0   0   1   0   1   2   1   4   3
  0   5   9   7   1   1 0.00 0.00 0.00 0.00   0   0   0   0   1   1   4   2   3
  1   5   4  -3   1   2 0.08 0.14 0.12 0.16   0   0   0   0   1   1   3   2   4
  1   5   3   8   1   1 0.14 0.18 0.10 0.12   0   0   0   0   1   3   1   2   4
  1   5   6   0   0   2 0.10 0.14 0.14 0.18   0   0   1   0   1   4   3   1   2
  1   5   1   0   0   1 0.14 0.20 0.10 0.14   1   0   1   0   1   1   2   3   4
  1   5   3   8   1   1 0.10 0.20 0.06 0.14   0   0   0   0   1   1   4   2   3
  1   5   4   0   0   2 0.10 0.16 0.10 0.18   0   0   0   1   1   1   4   2   3
  1   5   4  -6   1   2 0.12 0.16 0.10 0.14   0   0   0   0   1   4   1   3   2
  0   5   4   6   1   1 0.00 0.00 0.00 0.00   0   0   0   0   1   1   3   4   2
  1   5   3   0   0   1 0.10 0.22 0.06 0.16   1   0   0   0   1   4   3   2   1
  1   5   2   4   1   2 0.12 0.18 0.12 0.14   0   0   0   0   1   3   4   2   1
  1   5   1   0   0   1 0.06 0.22 0.08 0.16   0   1   0   0   1   4   3   2   1
  1   5   3   6   1   1 0.06 0.18 0.08 0.18   0   0   0   0   1   3   4   1   2
  1   5   1   0   0   1 0.08 0.18 0.10 0.18   0   0   0   1   1   3   4   1   2
  1   5   5   0   0   1 0.08 0.20 0.10 0.14   0   1   0   0   1   4   2   1   3
  0   5   6  -5   1   1 0.00 0.00 0.00 0.00   0   0   0   0   1   2   4   3   1
  1   5   1   0   0   1 0.10 0.16 0.12 0.14   1   0   1   0   1   4   1   2   3
  1   5   2   0   0   2 0.14 0.18 0.12 0.16   1   0   1   1   1   1   4   3   2
  1   5   6   0   0   2 0.10 0.20 0.08 0.12   0   1   0   1   1   4   3   2   1
  1   5   3   0   0   1 0.06 0.16 0.08 0.16   0   1   0   1   1   2   4   1   3
  0   5   2  -3   1   1 0.00 0.00 0.00 0.00   0   0   0   0   1   3   4   1   2
  1   5   2   1   1   2 0.10 0.16 0.08 0.08   0   0   0   0   1   3   4   2   1
  0   5   7  -7   1   1 0.00 0.00 0.00 0.00   0   0   0   0   1   4   3   1   2
  0   5   5  10   1   1 0.00 0.00 0.00 0.00   0   0   0   0   1   2   1   3   4
  1   5   3   9   1   1 0.06 0.12 0.08 0.12   0   0   0   0   1   2   3   1   4
  1   5   6   0   0   2 0.12 0.16 0.10 0.08   1   0   1   0   1   1   2   3   4
  1   5   5  -3   1   1 0.08 0.12 0.10 0.12   0   0   0   0   1   4   3   2   1
  1   5   4   0   0   2 0.08 0.18 0.06 0.10   1   1   1   0   1   3   1   4   2
  1   5   6   5   1   2 0.04 0.14 0.02 0.10   0   0   0   0   1   3   1   4   2
  0   5   8  -2   1   1 0.00 0.00 0.00 0.00   0   0   0   0   1   4   3   2   1
  0   5   3   4   1   1 0.00 0.00 0.00 0.00   0   0   0   0   1   1   4   3   2
  1   5   6   0   0   2 0.04 0.14 0.02 0.12   0   1   0   1   1   4   1   3   2
  1   5   5   0   0   1 0.08 0.14 0.10 0.14   0   1   0   1   1   3   1   4   2
  1   5   4   0   0   2 0.06 0.10 0.04 0.08   0   0   1   0   1   2   3   4   1
  1   5   6   6   1   2 0.06 0.10 0.02 0.08   0   0   0   0   1   1   2   4   3
  0   5  10   6   1   1 0.00 0.00 0.00 0.00   0   0   0   0   1   2   1   4   3
  1   5   2   4   1   2 0.08 0.12 0.02 0.10   0   0   0   0   1   4   3   1   2
  1   5   2   5   1   2 0.08 0.12 0.04 0.10   0   0   0   0   1   4   3   1   2
  1   5   5   0   0   1 0.10 0.10 0.12 0.10   0   0   1   0   1   4   1   2   3
  1   5   4  -4   1   2 0.10 0.14 0.04 0.12   0   0   0   0   2   2   3   1   4
  1   5   2   0   0   2 0.10 0.14 0.06 0.12   1   0   0   0   2   3   4   2   1
  1   5   5   2   1   1 0.10 0.10 0.08 0.10   0   0   0   0   2   2   1   3   4
  1   5   1   0   0   1 0.12 0.12 0.08 0.12   0   0   0   1   2   3   4   1   2
  1   5   6   7   1   2 0.06 0.16 0.06 0.14   0   0   0   0   2   4   2   1   3
  1   5   1   0   0   1 0.12 0.12 0.10 0.08   1   0   0   0   2   3   2   4   1
  1   5   4  -7   1   2 0.06 0.16 0.08 0.14   0   0   0   0   2   1   4   3   2
  1   5   3   9   1   1 0.08 0.14 0.10 0.08   0   0   0   0   2   3   4   2   1
  1   5   1   0   0   1 0.08 0.14 0.12 0.10   0   0   1   0   2   4   2   1   3
  1   5   1   0   0   1 0.10 0.16 0.08 0.10   0   1   0   0   2   3   1   2   4
  1   5   5   0   0   1 0.10 0.12 0.08 0.12   0   0   0   1   2   4   1   3   2
  1   5   1  -2   1   1 0.12 0.12 0.10 0.08   0   0   0   0   2   2   3   4   1
  1   5   2   0   0   2 0.08 0.18 0.08 0.16   0   1   0   1   2   2   1   3   4
  1   5   6   6   1   2 0.08 0.14 0.10 0.12   0   0   0   0   2   2   1   4   3
  1   5   3   0   0   1 0.12 0.14 0.10 0.08   1   1   0   0   2   4   2   1   3
  1   5   6   6   1   2 0.10 0.14 0.10 0.12   0   0   0   0   2   3   2   4   1
  1   5   4  -5   1   2 0.10 0.16 0.12 0.14   0   0   0   0   2   2   1   4   3
  1   5   6   0   0   2 0.12 0.16 0.12 0.14   1   0   0   0   2   1   4   3   2
  1   5   5   5   1   1 0.08 0.10 0.12 0.10   0   0   0   0   2   4   1   3   2
  1   5   4   0   0   2 0.08 0.18 0.14 0.16   0   0   1   1   2   1   2   4   3
  1   5   5  -2   1   1 0.08 0.10 0.12 0.10   0   0   0   0   2   2   1   4   3
  1   5   2   0   0   2 0.08 0.18 0.10 0.12   0   1   1   0   3   4   3   1   2
  1   5   1  -3   1   1 0.10 0.12 0.14 0.12   0   0   0   0   3   1   2   3   4
  1   5   1   4   1   1 0.10 0.12 0.14 0.12   0   0   0   0   3   3   2   1   4
  1   5   1   0   0   1 0.12 0.14 0.16 0.14   0   0   0   0   3   3   2   1   4
  1   5   1   0   0   1 0.12 0.14 0.16 0.14   0   0   1   0   3   4   2   3   1
  1   5   5   0   0   1 0.14 0.16 0.12 0.16   0   0   0   1   3   2   3   4   1
  1   5   2   4   1   2 0.10 0.14 0.06 0.12   0   0   0   0   3   1   3   4   2
  1   5   3   9   1   1 0.14 0.16 0.12 0.12   0   0   0   0   3   1   3   4   2
  1   5   6   0   0   2 0.10 0.14 0.06 0.14   0   0   0   1   3   1   2   4   3
  1   5   4  -7   1   2 0.12 0.16 0.08 0.10   0   0   0   0   3   3   4   1   2
  1   5   2   0   0   2 0.12 0.16 0.08 0.10   1   0   1   0   4   2   1   3   4
  1   5   1   0   0   1 0.16 0.18 0.14 0.12   1   1   1   1   4   3   2   4   1
  1   5   1   4   1   1 0.12 0.14 0.10 0.08   0   0   0   0   4   1   2   4   3
  1   5   5   0   0   1 0.12 0.14 0.10 0.08   1   1   1   0   4   4   3   1   2
  1   5   6   0   0   2 0.08 0.18 0.04 0.12   0   1   0   1   4   2   1   4   3
  1   5   2   4   1   2 0.08 0.14 0.04 0.08   0   0   0   0   5   4   2   1   3
  1   5   1   0   0   1 0.08 0.10 0.06 0.10   1   0   0   0   5   1   4   3   2
  1   5   5   2   1   1 0.04 0.10 0.06 0.10   0   0   0   0   5   1   2   4   3
  1   5   6   6   1   2 0.10 0.14 0.06 0.08   0   0   0   0   5   2   3   1   4
  1   5   1  -3   1   1 0.04 0.12 0.08 0.12   0   0   0   0   6   2   3   4   1
