  1   1   4  -4   1   2 0.40 0.50 0.40 0.50   0   0   0   0   1   4   2   3   1
  1   1   4   0   0   2 0.40 0.50 0.40 0.50   0   0   1   1   1   3   2   4   1
  0   1   3   3   1   1 0.00 0.00 0.00 0.00   0   0   0   0   1   4   1   3   2
  1   1   1   0   0   1 0.80 1.00 0.80 1.00   1   0   1   1   1   4   3   1   2
  1   1   4   0   0   2 0.42 0.52 0.36 0.46   0   0   1   1   1   3   1   2   4
  0   1   7  -3   1   1 0.00 0.00 0.00 0.00   0   0   0   0   1   2   3   4   1
  1   1   3   0   0   1 0.76 1.00 0.76 0.96   1   1   0   1   1   2   1   4   3
  1   1   3   0   0   1 0.72 0.96 0.76 0.92   1   0   1   1   1   1   3   2   4
  1   1   2   0   0   2 0.42 0.52 0.32 0.42   1   1   1   1   1   2   1   3   4
  0   1   9   4   1   1 0.00 0.00 0.00 0.00   0   0   0   0   1   1   2   3   4
  0   1  10   6   1   1 0.00 0.00 0.00 0.00   0   0   0   0   1   3   4   1   2
  0   1   2  -4   1   1 0.00 0.00 0.00 0.00   0   0   0   0   1   4   1   3   2
  1   1   6   0   0   2 0.38 0.48 0.28 0.38   1   0   1   1   1   3   1   4   2
  0   1   8  -1   1   1 0.00 0.00 0.00 0.00   0   0   0   0   1   1   3   4   2
  1   1   6   0   0   2 0.34 0.48 0.24 0.34   1   1   0   0   1   2   4   1   3
  1   1   1  -4   1   1 0.68 0.96 0.72 0.88   0   0   0   0   1   4   3   2   1
  1   1   1   0   0   1 0.68 0.98 0.72 0.88   1   1   1   1   1   1   3   2   4
  0   1   1  -5   1   1 0.00 0.00 0.00 0.00   0   0   0   0   1   2   3   1   4
  0   1   4   0   0   1 0.00 0.00 0.00 0.00   1   1   1   0   1   4   2   3   1
  1   1   2   0   1   2 0.30 0.44 0.24 0.34   0   0   0   0   1   3   4   1   2
  1   1   2   0   0   2 0.30 0.44 0.26 0.36   0   0   1   1   1   3   4   2   1
  0   1   6   0   0   1 0.00 0.00 0.00 0.00   0   0   1   1   1   2   3   1   4
  1   1   4   0   0   2 0.32 0.46 0.22 0.32   1   1   0   0   1   2   4   1   3
  0   1   5   0   0   1 0.00 0.00 0.00 0.00   1   0   1   0   1   4   1   3   2
  1   1   5   0   0   1 0.64 0.94 0.68 0.84   1   1   0   1   1   1   2   3   4
  1   1   6   0   0   2 0.28 0.42 0.22 0.32   1   1   1   0   1   2   4   1   3
  1   1   6   0   0   2 0.24 0.38 0.18 0.34   1   1   0   0   1   2   1   4   3
  1   1   3   0   0   1 0.60 0.90 0.68 0.80   1   1   1   0   1   2   3   4   1
  1   1   5   0   0   1 0.56 0.86 0.64 0.80   1   1   1   0   1   1   4   2   3
  1   1   3   0   0   1 0.52 0.82 0.60 0.82   1   1   1   1   1   1   3   2   4
  1   1   1   0   0   1 0.48 0.78 0.56 0.78   1   1   1   1   1   4   3   2   1
  1   1   1   0   0   1 0.44 0.74 0.52 0.74   1   1   1   1   1   2   1   4   3
  1   1   5   0   0   1 0.40 0.70 0.48 0.70   1   1   1   1   1   1   2   3   4
  1   1   5   0   0   1 0.36 0.66 0.44 0.66   1   1   1   1   1   3   4   2   1
  1   1   2   0   0   2 0.20 0.34 0.18 0.34   1   1   1   1   1   2   4   3   1
  1   1   6   0   0   2 0.16 0.30 0.14 0.30   1   1   1   0   1   2   3   1   4
  1   1   5   0   0   1 0.32 0.62 0.40 0.62   1   1   1   0   1   2   4   3   1
  1   1   3   0   0   1 0.28 0.58 0.36 0.62   1   1   1   1   1   2   3   1   4
  1   1   6   0   0   2 0.12 0.26 0.10 0.30   1   1   1   1   1   1   2   3   4
  1   1   3   0   0   1 0.24 0.54 0.32 0.58   1   0   1   1   1   2   1   3   4
  1   1   1   0   0   1 0.20 0.54 0.28 0.54   1   0   1   1   1   3   2   4   1
  1   1   2   0   0   2 0.08 0.22 0.06 0.26   1   0   1   0   1   4   2   1   3
  1   1   2   0   0   2 0.04 0.22 0.02 0.26   1   0   1   0   1   1   2   3   4
  1   1   4   0   0   2 0.02 0.24 0.02 0.28   1   0   1   1   1   1   3   2   4
  1   1   4   0   0   2 0.02 0.24 0.02 0.24   1   0   1   0   1   3   4   2   1
  1   1   5   0   0   1 0.16 0.56 0.24 0.50   0   0   1   0   1   3   4   1   2
  1   1   4   0   0   2 0.02 0.26 0.02 0.24   1   1   1   1   2   4   2   3   1
  1   1   1   0   0   1 0.16 0.56 0.20 0.50   1   0   1   1   2   2   1   3   4
  1   1   4  -4   1   2 0.02 0.22 0.02 0.20   0   0   0   0   2   2   1   3   4
  1   1   3   0   0   1 0.12 0.58 0.16 0.46   0   1   0   0   2   1   3   2   4
  1   1   3   0   0   1 0.12 0.54 0.16 0.46   1   0   0   1   2   3   4   2   1
  1   1   2  -1   1   2 0.02 0.22 0.02 0.20   0   0   0   0   2   4   1   2   3
  1   1   6   5   1   2 0.04 0.24 0.04 0.22   0   0   0   0   2   4   1   3   2
  1   1   6   6   1   2 0.04 0.24 0.04 0.22   0   0   0   0   2   1   4   3   2
  1   1   1   0   0   1 0.08 0.54 0.18 0.42   0   1   0   0   2   4   1   2   3
  0   1   4   6   1   1 0.00 0.00 0.00 0.00   0   0   0   0   2   2   3   1   4
  1   1   2   0   0   2 0.06 0.26 0.06 0.24   0   1   1   0   2   2   4   1   3
  0   1   6  -6   1   1 0.00 0.00 0.00 0.00   0   0   0   0   2   1   2   4   3
  1   1   4  -3   1   2 0.06 0.22 0.02 0.24   0   0   0   0   2   3   2   1   4
  0   1   5   8   1   1 0.00 0.00 0.00 0.00   0   0   0   0   2   2   4   1   3
  1   1   5   0   0   1 0.08 0.50 0.18 0.42   1   1   0   0   2   3   2   4   1
  1   1   6   4   1   2 0.08 0.22 0.02 0.26   0   0   0   0   2   1   2   4   3
  1   1   6   4   1   2 0.08 0.24 0.04 0.26   0   0   0   0   2   3   2   1   4
  1   1   3   0   0   1 0.04 0.46 0.20 0.44   1   1   0   0   2   4   1   2   3
  1   1   5   0   0   1 0.02 0.42 0.20 0.44   1   1   1   0   2   1   2   4   3
  1   1   3   2   1   1 0.02 0.38 0.16 0.46   0   0   0   0   2   3   2   4   1
  1   1   1   0   0   1 0.02 0.38 0.16 0.46   1   1   1   0   2   2   1   4   3
  1   1   1   0   0   1 0.02 0.34 0.12 0.48   1   1   0   1   2   4   1   2   3
  1   1   5   0   0   1 0.02 0.30 0.12 0.44   1   0   0   1   2   3   1   4   2
  1   1   5  -2   1   1 0.02 0.30 0.14 0.40   0   0   0   0   2   1   3   4   2
  1   1   2  -1   1   2 0.10 0.24 0.04 0.28   0   0   0   0   2   4   1   3   2
  1   1   6   0   0   2 0.10 0.26 0.06 0.28   0   1   1   0   2   3   1   2   4
  1   1   5  -5   1   1 0.02 0.32 0.14 0.40   0   0   0   0   2   4   3   1   2
  1   1   3   7   1   1 0.04 0.32 0.16 0.42   0   0   0   0   2   4   2   1   3
  1   1   6   0   0   2 0.12 0.22 0.02 0.30   0   1   1   0   2   3   2   1   4
  1   1   3   0   0   1 0.04 0.34 0.16 0.42   0   0   1   0   2   4   1   2   3
  1   1   1  -4   1   1 0.06 0.34 0.12 0.44   0   0   0   0   2   2   4   1   3
  1   1   2  -1   1   2 0.12 0.18 0.02 0.30   0   0   0   0   2   2   3   4   1
  1   1   2   0   0   2 0.14 0.18 0.02 0.32   0   0   1   0   2   2   1   4   3
  1   1   4   0   0   2 0.14 0.20 0.02 0.32   0   0   1   0   2   3   2   1   4
  1   1   4  -6   1   2 0.16 0.20 0.02 0.34   0   0   0   0   2   1   3   4   2
  1   1   5  -4   1   1 0.06 0.36 0.12 0.44   0   0   0   0   2   3   2   1   4
  1   1   4   0   0   2 0.16 0.22 0.02 0.34   0   0   1   0   3   3   4   1   2
  1   1   1  -5   1   1 0.08 0.36 0.14 0.46   0   0   0   0   3   1   2   3   4
  1   1   3   0   0   1 0.08 0.38 0.14 0.46   0   1   1   0   3   3   4   2   1
  1   1   3   0   0   1 0.10 0.34 0.10 0.48   1   0   0   1   3   2   1   3   4
  1   1   1  -6   1   1 0.06 0.34 0.10 0.44   0   0   0   0   3   4   2   3   1
  1   1   2   4   1   2 0.18 0.22 0.02 0.36   0   0   0   0   3   1   3   2   4
  1   1   5   0   0   1 0.06 0.36 0.12 0.44   0   0   1   1   3   3   2   1   4
  1   1   3   7   1   1 0.08 0.36 0.08 0.40   0   0   0   0   3   2   4   3   1
  1   1   5   0   0   1 0.08 0.38 0.08 0.40   1   0   0   1   3   4   3   1   2
  1   1   1   0   0   1 0.04 0.38 0.10 0.36   1   1   1   0   3   1   4   2   3
  1   1   1  -3   1   1 0.02 0.34 0.06 0.36   0   0   0   0   3   3   4   2   1
  1   1   5  -5   1   1 0.02 0.34 0.06 0.38   0   0   0   0   3   2   3   4   1
  1   1   6   0   0   2 0.18 0.24 0.02 0.36   1   0   1   1   3   3   4   2   1
  1   1   6   8   1   2 0.14 0.24 0.02 0.32   0   0   0   0   3   1   3   4   2
  1   1   3   9   1   1 0.04 0.36 0.08 0.38   0   0   0   0   3   3   2   4   1
  1   1   2  -1   1   2 0.14 0.26 0.02 0.32   0   0   0   0   3   2   1   3   4
  1   1   4   0   0   2 0.16 0.26 0.04 0.34   1   1   1   0   3   2   3   4   1
  1   1   4  -3   1   2 0.12 0.22 0.02 0.34   0   0   0   0   4   4   1   3   2
  1   1   3   0   0   1 0.04 0.36 0.08 0.40   1   1   1   0   4   3   1   2   4
  1   1   3   5   1   1 0.02 0.32 0.04 0.40   0   0   0   0   4   3   1   2   4
  1   1   5  -3   1   1 0.02 0.32 0.04 0.42   0   0   0   0   4   2   3   4   1
  1   1   5   0   0   1 0.04 0.34 0.06 0.42   1   1   0   0   4   1   2   3   4
  1   1   1   0   0   1 0.02 0.30 0.06 0.44   1   0   1   1   4   2   4   3   1
  1   1   6   0   0   2 0.12 0.22 0.02 0.36   0   0   1   1   4   1   3   2   4
  1   1   4   0   0   2 0.14 0.24 0.02 0.32   0   0   1   1   4   4   2   3   1
  1   1   3   0   0   1 0.02 0.30 0.02 0.40   1   0   0   1   5   2   3   1   4
  1   1   5  -5   1   1 0.02 0.32 0.02 0.36   0   0   0   0   5   3   2   1   4
  1   1   1   0   0   1 0.02 0.32 0.04 0.36   1   0   1   1   5   4   3   2   1
  1   1   6   5   1   2 0.14 0.24 0.02 0.28   0   0   0   0   5   4   3   1   2
  1   1   4   0   0   2 0.16 0.26 0.02 0.28   1   0   1   1   5   1   3   4   2
  1   1   3   8   1   1 0.02 0.34 0.02 0.32   0   0   0   0   6   1   4   3   2
  1   1   1  -3   1   1 0.02 0.34 0.02 0.32   0   0   0   0   6   2   4   1   3
  1   1   4  -6   1   2 0.12 0.26 0.02 0.24   0   0   0   0   6   2   3   4   1
  1   2   3   3   1   1 0.04 0.36 0.04 0.34   0   0   0   0   1   2   3   1   4
  1   2   4  -6   1   2 0.12 0.28 0.02 0.24   0   0   0   0   1   2   1   4   3
  1   2   3   0   0   1 0.04 0.36 0.04 0.34   1   0   1   1   1   4   3   2   1
  0   2   2  -5   1   1 0.00 0.00 0.00 0.00   0   0   0   0   1   2   4   1   3
  0   2   4  10   1   1 0.00 0.00 0.00 0.00   0   0   0   0   1   1   4   2   3
  1   2   4   0   0   2 0.14 0.28 0.04 0.26   1   1   0   1   1   3   1   4   2
  1   2   4   0   0   2 0.10 0.24 0.04 0.22   1   0   1   1   1   4   3   2   1
  1   2   2   0   0   2 0.06 0.24 0.02 0.18   1   0   1   1   1   1   3   2   4
  1   2   1   0   0   1 0.02 0.38 0.02 0.30   1   1   0   1   1   2   1   4   3
  1   2   2   0   0   2 0.02 0.26 0.02 0.14   1   0   1   0   1   4   3   1   2
  1   2   5   0   0   1 0.02 0.34 0.02 0.26   1   1   1   0   1   4   2   3   1
  0   2   9   0   0   1 0.00 0.00 0.00 0.00   0   1   1   0   1   3   4   1   2
  1   2   6   0   0   2 0.02 0.26 0.02 0.14   1   0   1   0   1   4   1   2   3
  1   2   1   0   0   1 0.02 0.30 0.02 0.26   0   0   1   0   1   2   1   3   4
  1   2   3   0   0   1 0.02 0.30 0.02 0.28   0   0   0   0   1   3   2   4   1
  1   2   5  -6   1   1 0.04 0.32 0.02 0.28   0   0   0   0   1   1   2   3   4
  1   2   1   0   0   1 0.04 0.32 0.04 0.30   1   1   0   1   1   3   1   2   4
  1   2   4   0   0   2 0.02 0.28 0.02 0.16   1   0   1   1   1   3   4   2   1
  1   2   6   0   0   2 0.02 0.28 0.02 0.12   1   1   0   0   1   3   4   1   2
  1   2   3   0   0   1 0.02 0.28 0.04 0.26   1   0   1   0   1   1   4   3   2
  1   2   6   5   1   2 0.02 0.24 0.02 0.12   0   0   0   0   1   4   3   1   2
  1   2   5   0   0   1 0.02 0.28 0.02 0.26   1   1   1   0   1   3   1   2   4
  0   2   8   0   0   1 0.00 0.00 0.00 0.00   1   0   1   0   1   4   3   1   2
  1   2   6   0   0   2 0.02 0.24 0.04 0.14   1   1   1   0   1   2   1   4   3
  0   2   5   0   0   1 0.00 0.00 0.00 0.00   1   0   1   1   1   3   2   4   1
  0   2   6   0   0   1 0.00 0.00 0.00 0.00   1   0   1   0   1   1   4   3   2
  1   2   4   0   0   2 0.02 0.20 0.02 0.14   1   0   0   0   1   4   3   2   1
  0   2   1   0   0   1 0.00 0.00 0.00 0.00   1   0   1   0   1   3   4   2   1
  1   2   1  -3   1   1 0.02 0.24 0.02 0.28   0   0   0   0   1   4   2   1   3
  0   2   7   0   0   1 0.00 0.00 0.00 0.00   0   0   1   0   1   3   1   4   2
  0   2  10   0   0   1 0.00 0.00 0.00 0.00   0   0   1   1   1   2   3   1   4
  0   2   3   5   1   1 0.00 0.00 0.00 0.00   0   0   0   0   1   2   1   4   3
  1   2   2   0   0   2 0.02 0.20 0.02 0.16   0   0   1   1   1   1   2   3   4
  1   2   2   0   0   2 0.02 0.22 0.02 0.12   0   0   1   1   1   2   3   4   1
  1   2   6   0   0   2 0.04 0.22 0.02 0.08   0   0   1   1   1   3   1   4   2
  1   2   2   0   0   2 0.04 0.24 0.02 0.04   0   0   1   1   1   3   2   1   4
  1   2   1  -3   1   1 0.02 0.24 0.02 0.28   0   0   0   0   1   4   2   1   3
  1   2   4   0   0   2 0.06 0.24 0.02 0.02   0   0   1   1   1   2   3   4   1
  1   2   6   7   1   2 0.06 0.26 0.02 0.02   0   0   0   0   1   1   2   3   4
  1   2   3   9   1   1 0.04 0.26 0.04 0.30   0   0   0   0   1   1   3   2   4
  1   2   1   0   0   1 0.04 0.26 0.04 0.30   0   0   1   1   1   1   3   2   4
  1   2   5   0   0   1 0.06 0.28 0.02 0.26   0   0   1   1   1   4   2   1   3
  1   2   5   0   0   1 0.06 0.28 0.02 0.22   0   0   0   0   1   2   1   4   3
  1   2   2  -3   1   2 0.08 0.26 0.02 0.02   0   0   0   0   1   1   3   4   2
  1   2   3   0   0   1 0.08 0.30 0.02 0.22   0   0   1   1   1   3   1   2   4
  1   2   5  -4   1   1 0.08 0.30 0.02 0.18   0   0   0   0   1   2   3   1   4
  1   2   3   0   0   1 0.10 0.32 0.02 0.18   0   0   1   1   2   1   4   3   2
  1   2   4  -7   1   2 0.08 0.28 0.04 0.04   0   0   0   0   2   4   2   3   1
  1   2   4   0   0   2 0.10 0.28 0.04 0.04   0   0   1   1   2   1   3   4   2
  1   2   2  -2   1   2 0.10 0.30 0.02 0.02   0   0   0   0   2   3   2   4   1
  1   2   1  -5   1   1 0.10 0.32 0.02 0.14   0   0   0   0   2   3   4   2   1
  1   2   2  -3   1   2 0.12 0.30 0.02 0.02   0   0   0   0   2   2   3   4   1
  1   2   5  -5   1   1 0.12 0.34 0.02 0.14   0   0   0   0   2   2   3   4   1
  0   2   9   0   0   1 0.00 0.00 0.00 0.00   0   0   1   1   2   4   3   1   2
  1   2   6   8   1   2 0.12 0.32 0.04 0.04   0   0   0   0   2   2   1   3   4
  1   2   1   0   0   1 0.12 0.34 0.04 0.16   0   0   1   1   2   2   1   3   4
  1   2   3   0   0   1 0.14 0.36 0.02 0.12   0   0   1   1   2   4   3   1   2
  1   2   1   0   0   1 0.14 0.36 0.02 0.08   0   0   1   1   2   3   1   4   2
  1   2   4   0   0   2 0.14 0.32 0.04 0.04   0   0   1   1   2   2   4   3   1
  1   2   6   0   0   2 0.14 0.34 0.02 0.02   0   0   1   1   2   4   2   3   1
  1   2   3   7   1   1 0.16 0.38 0.02 0.04   0   0   0   0   2   4   2   3   1
  1   2   5  -4   1   1 0.16 0.38 0.02 0.04   0   0   0   0   2   3   2   1   4
  0   2   8  -7   1   1 0.00 0.00 0.00 0.00   0   0   0   0   2   3   4   2   1
  1   2   6   0   0   2 0.16 0.34 0.02 0.02   0   0   0   1   2   2   1   3   4
  0   2   5  10   1   1 0.00 0.00 0.00 0.00   0   0   0   0   2   2   3   1   4
  0   2   6   0   0   1 0.00 0.00 0.00 0.00   0   0   1   1   2   3   1   4   2
  1   2   4   0   0   2 0.16 0.36 0.02 0.02   0   0   1   1   2   4   3   1   2
  0   2   1   0   0   1 0.00 0.00 0.00 0.00   0   0   1   1   2   3   4   2   1
  0   2   7  -8   1   1 0.00 0.00 0.00 0.00   0   0   0   0   2   2   3   4   1
  0   2  10   1   0   1 0.00 0.00 0.00 0.00   0   0   1   1   2   3   4   1   2
  1   2   2   0   0   2 0.18 0.36 0.02 0.02   0   0   1   1   2   2   3   1   4
  1   2   2  -3   1   2 0.18 0.38 0.02 0.02   0   0   0   0   2   1   4   3   2
  1   2   6   4   1   2 0.20 0.38 0.02 0.02   0   0   0   0   2   4   2   3   1
  1   2   2  -4   1   2 0.20 0.40 0.04 0.04   0   0   0   0   2   3   2   1   4
  1   2   4  -8   1   2 0.22 0.40 0.04 0.04   0   0   0   0   2   2   1   3   4
  1   2   1  -7   1   1 0.18 0.40 0.04 0.06   0   0   0   0   2   2   1   4   3
  1   2   5  -5   1   1 0.18 0.40 0.04 0.06   0   0   0   0   2   4   2   3   1
  1   2   5  -5   1   1 0.20 0.42 0.06 0.08   0   0   0   0   2   2   3   4   1
  1   2   3   8   1   1 0.20 0.42 0.06 0.08   0   0   0   0   2   1   4   2   3
  1   2   3   9   1   1 0.22 0.44 0.08 0.10   0   0   0   0   3   4   1   2   3
  1   2   4  -7   1   2 0.22 0.42 0.06 0.06   0   0   0   0   3   1   4   3   2
  0   2   9   7   1   1 0.00 0.00 0.00 0.00   0   0   0   0   3   3   4   1   2
  1   2   1   0   0   1 0.22 0.44 0.08 0.10   1   1   0   0   3   4   2   3   1
  1   2   3   0   0   1 0.18 0.40 0.10 0.12   1   1   1   0   3   1   3   4   2
  1   2   1  -6   1   1 0.14 0.36 0.06 0.12   0   0   0   0   3   3   1   2   4
  1   2   4   0   0   2 0.24 0.42 0.06 0.06   1   1   0   1   3   3   2   1   4
  1   2   6   0   0   2 0.20 0.38 0.08 0.02   1   1   1   0   3   2   1   4   3
  1   2   6   0   0   2 0.16 0.34 0.04 0.02   1   1   1   0   3   2   3   1   4
  0   2   6   0   0   1 0.00 0.00 0.00 0.00   1   0   1   1   3   2   4   3   1
  1   2   4   0   0   2 0.12 0.30 0.02 0.04   1   1   1   0   3   1   3   2   4
  0   2   1   0   0   1 0.00 0.00 0.00 0.00   1   0   1   1   3   4   2   3   1
  0   2  10   7   1   1 0.00 0.00 0.00 0.00   0   0   0   0   3   1   4   3   2
  1   2   2   0   0   2 0.08 0.26 0.02 0.04   0   0   1   1   3   3   4   2   1
  1   2   1  -6   1   1 0.14 0.36 0.06 0.14   0   0   0   0   4   3   2   1   4
  1   2   3   0   0   1 0.16 0.38 0.08 0.14   1   1   1   0   4   3   1   4   2
  1   2   4  -7   1   2 0.08 0.26 0.02 0.02   0   0   0   0   4   3   2   1   4
  1   2   6   6   1   2 0.10 0.28 0.02 0.02   0   0   0   0   4   1   4   3   2
  1   2   6   5   1   2 0.10 0.28 0.04 0.04   0   0   0   0   4   4   1   2   3
  0   2   6  -6   1   1 0.00 0.00 0.00 0.00   0   0   0   0   4   1   2   4   3
  1   2   4  -8   1   2 0.12 0.30 0.04 0.04   0   0   0   0   4   1   3   4   2
  0   2   1  -9   1   1 0.00 0.00 0.00 0.00   0   0   0   0   4   2   4   3   1
  1   2   2   0   0   2 0.12 0.30 0.06 0.06   1   0   1   1   4   1   4   3   2
  1   2   3   7   1   1 0.12 0.34 0.04 0.16   0   0   0   0   5   1   2   3   4
  1   2   2   0   0   2 0.08 0.32 0.02 0.02   1   0   1   1   5   1   4   2   3
  1   2   2   0   0   2 0.04 0.32 0.02 0.02   1   1   1   0   6   4   1   3   2
  1   2   2   2   1   2 0.02 0.28 0.02 0.02   0   0   0   0   7   4   3   2   1
  1   3   2   2   1   2 0.02 0.28 0.02 0.04   0   0   0   0   1   4   2   1   3
  1   3   6   7   1   2 0.04 0.30 0.04 0.04   0   0   0   0   1   3   1   4   2
  0   3  10   8   1   1 0.00 0.00 0.00 0.00   0   0   0   0   1   4   2   1   3
  0   3   5  10   1   1 0.00 0.00 0.00 0.00   0   0   0   0   1   1   2   4   3
  0   3   8  -3   1   1 0.00 0.00 0.00 0.00   0   0   0   0   1   3   2   1   4
  1   3   6   7   1   2 0.04 0.30 0.04 0.06   0   0   0   0   1   4   2   3   1
  1   3   3   0   0   1 0.12 0.34 0.04 0.16   1   1   1   0   1   3   1   2   4
  1   3   5  -3   1   1 0.08 0.30 0.02 0.18   0   0   0   0   1   1   4   3   2
  0   3   4  10   1   1 0.00 0.00 0.00 0.00   0   0   0   0   1   4   2   3   1
  1   3   2  -6   1   2 0.06 0.32 0.06 0.06   0   0   0   0   1   2   4   1   3
  0   3   1  -9   1   1 0.00 0.00 0.00 0.00   0   0   0   0   1   3   1   4   2
  1   3   1  -8   1   1 0.08 0.30 0.02 0.18   0   0   0   0   1   1   4   3   2
  1   3   3   9   1   1 0.10 0.32 0.04 0.20   0   0   0   0   1   4   3   1   2
  1   3   4  -8   1   2 0.06 0.32 0.06 0.08   0   0   0   0   1   3   4   1   2
  1   3   1   0   0   1 0.10 0.32 0.04 0.20   1   1   1   0   1   1   2   3   4
  1   3   3   9   1   1 0.06 0.28 0.02 0.22   0   0   0   0   1   3   2   4   1
  0   3   2  -8   1   1 0.00 0.00 0.00 0.00   0   0   0   0   1   4   2   1   3
  1   3   5  -5   1   1 0.06 0.28 0.02 0.22   0   0   0   0   1   3   2   1   4
  1   3   3   8   1   1 0.08 0.30 0.04 0.24   0   0   0   0   1   2   3   1   4
  1   3   4   0   0   2 0.08 0.34 0.08 0.08   1   1   1   0   1   4   2   3   1
  1   3   2  -4   1   2 0.04 0.30 0.04 0.10   0   0   0   0   1   2   4   1   3
  1   3   6   6   1   2 0.04 0.30 0.04 0.10   0   0   0   0   1   1   4   2   3
  0   3   6  -6   1   1 0.00 0.00 0.00 0.00   0   0   0   0   1   1   4   2   3
  1   3   6   8   1   2 0.06 0.32 0.06 0.12   0   0   0   0   1   1   2   4   3
  1   3   6   7   1   2 0.06 0.32 0.06 0.12   0   0   0   0   1   4   1   2   3
  0   3   3   0   0   1 0.00 0.00 0.00 0.00   1   0   1   1   1   1   2   4   3
  1   3   4   0   0   2 0.08 0.34 0.08 0.14   1   1   1   0   1   3   1   2   4
  1   3   2  -3   1   2 0.04 0.30 0.04 0.14   0   0   0   0   1   1   2   4   3
  1   3   1   0   0   1 0.08 0.30 0.04 0.24   1   0   1   1   1   3   4   2   1
  1   3   4   0   0   2 0.04 0.30 0.04 0.16   1   1   1   0   1   2   3   1   4
  1   3   1  -4   1   1 0.04 0.32 0.02 0.20   0   0   0   0   1   2   3   4   1
  0   3   9   6   1   1 0.00 0.00 0.00 0.00   0   0   0   0   1   1   2   3   4
  1   3   5   0   0   1 0.04 0.32 0.02 0.20   1   0   1   1   1   1   4   3   2
  1   3   3   0   0   1 0.02 0.34 0.02 0.16   1   1   1   0   1   4   2   3   1
  1   3   5  -6   1   1 0.02 0.30 0.02 0.16   0   0   0   0   1   3   2   1   4
  1   3   3  10   1   1 0.02 0.30 0.02 0.18   0   0   0   0   1   3   1   4   2
  1   3   1   0   0   1 0.04 0.32 0.04 0.18   1   1   1   0   1   1   2   3   4
  1   3   4   0   0   2 0.02 0.26 0.02 0.16   1   1   0   0   1   2   1   3   4
  1   3   2   0   0   2 0.02 0.22 0.02 0.18   0   0   1   1   1   4   3   2   1
  0   3   7  -7   1   1 0.00 0.00 0.00 0.00   0   0   0   0   1   4   3   1   2
  1   3   1   0   0   1 0.02 0.28 0.02 0.20   1   1   0   0   1   1   4   3   2
  1   3   6   7   1   2 0.02 0.22 0.02 0.14   0   0   0   0   1   1   4   2   3
  1   3   5  -5   1   1 0.02 0.24 0.02 0.20   0   0   0   0   1   1   3   4   2
  1   3   5  -7   1   1 0.02 0.24 0.04 0.22   0   0   0   0   1   1   4   2   3
  1   3   2  -2   1   2 0.04 0.24 0.02 0.14   0   0   0   0   1   2   1   4   3
  1   3   4  -6   1   2 0.04 0.24 0.04 0.16   0   0   0   0   1   4   1   2   3
  1   3   3   0   0   1 0.04 0.26 0.04 0.22   1   1   0   0   2   4   2   3   1
  1   3   1  -6   1   1 0.02 0.22 0.06 0.24   0   0   0   0   2   4   1   2   3
  1   3   4   0   0   2 0.06 0.26 0.04 0.16   1   1   1   0   2   4   2   1   3
  0   3   3   2   1   1 0.00 0.00 0.00 0.00   0   0   0   0   2   2   3   1   4
  1   3   4  -7   1   2 0.02 0.22 0.02 0.18   0   0   0   0   2   1   3   4   2
  1   3   1  -9   1   1 0.02 0.22 0.06 0.24   0   0   0   0   2   3   4   2   1
  1   3   4  -7   1   2 0.02 0.22 0.02 0.18   0   0   0   0   2   3   2   4   1
  1   3   5   0   0   1 0.04 0.24 0.08 0.26   1   1   1   0   2   2   3   1   4
  1   3   3   0   0   1 0.02 0.20 0.04 0.26   0   0   1   1   2   4   3   1   2
  1   3   1   0   0   1 0.02 0.20 0.02 0.22   1   1   0   0   2   3   1   4   2
  1   3   4   0   0   2 0.04 0.24 0.04 0.20   0   0   1   1   2   3   2   1   4
  1   3   2   0   0   2 0.04 0.24 0.02 0.16   1   0   1   0   2   2   1   4   3
  1   3   1   0   0   1 0.02 0.16 0.02 0.22   1   1   1   0   2   2   3   4   1
  1   3   3   9   1   1 0.02 0.12 0.02 0.24   0   0   0   0   3   1   4   2   3
  1   3   4  -7   1   2 0.02 0.26 0.02 0.16   0   0   0   0   3   2   3   1   4
  1   3   5  -7   1   1 0.02 0.12 0.02 0.24   0   0   0   0   3   3   4   1   2
  1   3   3  10   1   1 0.04 0.14 0.04 0.26   0   0   0   0   3   3   4   2   1
  1   3   1  -4   1   1 0.04 0.14 0.04 0.26   0   0   0   0   3   4   2   3   1
  1   3   4  -7   1   2 0.02 0.26 0.02 0.18   0   0   0   0   3   4   2   3   1
  1   3   2   0   0   2 0.04 0.28 0.04 0.18   1   1   1   0   3   2   1   4   3
  1   3   1   0   0   1 0.06 0.16 0.06 0.28   1   0   1   1   3   4   1   3   2
  1   3   2   0   0   2 0.02 0.24 0.02 0.20   0   0   0   0   4   2   4   3   1
  1   3   1  -3   1   1 0.02 0.16 0.02 0.24   0   0   0   0   4   1   2   3   4
  1   3   2  -2   1   2 0.02 0.24 0.02 0.20   0   0   0   0   5   3   4   1   2
  1   4   3  10   1   1 0.02 0.18 0.02 0.24   0   0   0   0   1   2   1   4   3
  1   4   6   7   1   2 0.04 0.26 0.04 0.22   0   0   0   0   1   4   1   3   2
  0   4   9   7   1   1 0.00 0.00 0.00 0.00   0   0   0   0   1   3   2   4   1
  1   4   4   0   0   2 0.04 0.26 0.04 0.22   1   1   1   0   1   1   3   4   2
  1   4   2   0   0   2 0.02 0.22 0.02 0.24   0   0   1   0   1   3   4   1   2
  0   4   4   0   0   1 0.00 0.00 0.00 0.00   1   0   1   0   1   3   4   2   1
  1   4   2  -1   1   2 0.02 0.22 0.02 0.24   0   0   0   0   1   4   3   2   1
  0   4   1  -9   1   1 0.00 0.00 0.00 0.00   0   0   0   0   1   1   4   3   2
  1   4   1  -6   1   1 0.04 0.18 0.04 0.26   0   0   0   0   1   4   2   3   1
  1   4   4  -8   1   2 0.04 0.24 0.02 0.26   0   0   0   0   1   2   3   4   1
  1   4   5   0   0   1 0.04 0.20 0.04 0.26   1   0   1   0   1   1   2   4   3
  1   4   1  -7   1   1 0.02 0.20 0.02 0.28   0   0   0   0   1   4   2   3   1
  0   4   6  -8   1   1 0.00 0.00 0.00 0.00   0   0   0   0   1   3   4   2   1
  1   4   4  -7   1   2 0.04 0.24 0.04 0.26   0   0   0   0   1   4   3   1   2
  0   4   8  -5   1   1 0.00 0.00 0.00 0.00   0   0   0   0   1   3   4   2   1
  1   4   6   6   1   2 0.06 0.26 0.04 0.28   0   0   0   0   1   2   4   3   1
  1   4   6   0   0   2 0.06 0.26 0.06 0.28   1   1   1   0   1   4   2   1   3
  1   4   5  -3   1   1 0.02 0.22 0.02 0.28   0   0   0   0   1   4   3   1   2
  0   4   2   0   0   1 0.00 0.00 0.00 0.00   1   1   0   0   1   4   2   1   3
  1   4   1  -4   1   1 0.04 0.22 0.04 0.30   0   0   0   0   1   3   1   4   2
  1   4   4  -6   1   2 0.02 0.22 0.02 0.30   0   0   0   0   1   2   4   1   3
  1   4   2  -1   1   2 0.02 0.22 0.02 0.30   0   0   0   0   1   2   1   3   4
  1   4   6   8   1   2 0.04 0.24 0.04 0.32   0   0   0   0   1   3   4   2   1
  1   4   3   8   1   1 0.04 0.24 0.04 0.30   0   0   0   0   1   3   2   4   1
  1   4   5  -5   1   1 0.06 0.24 0.06 0.32   0   0   0   0   1   4   2   3   1
  1   4   5  -4   1   1 0.06 0.26 0.06 0.32   0   0   0   0   1   1   3   4   2
  1   4   2   1   1   2 0.04 0.24 0.04 0.32   0   0   0   0   1   1   3   2   4
  1   4   3   9   1   1 0.08 0.26 0.08 0.34   0   0   0   0   1   1   3   2   4
  0   4   3   1   1   1 0.00 0.00 0.00 0.00   0   0   0   0   1   1   2   3   4
  1   4   5  -6   1   1 0.08 0.28 0.08 0.34   0   0   0   0   1   4   2   1   3
  1   4   1   0   0   1 0.10 0.28 0.10 0.36   0   0   0   1   1   4   3   1   2
  1   4   2   2   1   2 0.06 0.26 0.06 0.34   0   0   0   0   1   2   3   1   4
  1   4   4  -5   1   2 0.06 0.26 0.06 0.34   0   0   0   0   1   2   4   3   1
  1   4   3  10   1   1 0.10 0.30 0.10 0.32   0   0   0   0   1   1   4   2   3
  1   4   2   0   0   2 0.08 0.28 0.08 0.36   1   1   0   1   1   4   2   1   3
  0   4  10  10   1   1 0.00 0.00 0.00 0.00   0   0   0   0   1   4   2   3   1
  1   4   6   5   1   2 0.04 0.24 0.08 0.32   0   0   0   0   1   1   3   4   2
  1   4   1   0   0   1 0.12 0.30 0.12 0.32   0   0   0   1   1   4   1   2   3
  0   4   5  10   1   1 0.00 0.00 0.00 0.00   0   0   0   0   1   3   1   2   4
  1   4   4   0   0   2 0.04 0.24 0.10 0.32   0   0   0   1   1   4   3   2   1
  1   4   1  -4   1   1 0.12 0.32 0.12 0.28   0   0   0   0   1   2   3   1   4
  1   4   3   8   1   1 0.14 0.32 0.14 0.28   0   0   0   0   1   1   3   4   2
  0   4   7  -5   1   1 0.00 0.00 0.00 0.00   0   0   0   0   1   4   2   3   1
  1   4   3   0   0   1 0.14 0.34 0.14 0.30   0   1   1   0   1   2   4   1   3
  1   4   6   4   1   2 0.06 0.26 0.10 0.28   0   0   0   0   1   3   4   2   1
  1   4   5   0   0   1 0.16 0.30 0.10 0.30   0   1   0   1   1   2   4   3   1
  1   4   4   0   0   2 0.06 0.26 0.12 0.28   1   1   1   0   2   2   1   4   3
  1   4   2   1   1   2 0.02 0.22 0.08 0.30   0   0   0   0   2   2   3   1   4
  0   4   4  10   1   1 0.00 0.00 0.00 0.00   0   0   0   0   2   2   3   4   1
  1   4   5   0   0   1 0.16 0.26 0.10 0.26   1   0   1   0   2   2   3   1   4
  1   4   6   6   1   2 0.02 0.22 0.08 0.30   0   0   0   0   2   1   4   3   2
  0   4   2  -5   1   1 0.00 0.00 0.00 0.00   0   0   0   0   2   3   1   4   2
  1   4   1  -6   1   1 0.12 0.26 0.06 0.26   0   0   0   0   2   4   3   1   2
  1   4   2  -1   1   2 0.04 0.24 0.10 0.32   0   0   0   0   2   1   3   2   4
  1   4   1  -7   1   1 0.12 0.28 0.06 0.28   0   0   0   0   2   4   3   1   2
  1   4   4  -9   1   2 0.04 0.24 0.10 0.32   0   0   0   0   2   3   2   4   1
  1   4   3   0   0   1 0.14 0.28 0.08 0.28   1   1   1   0   2   4   3   1   2
  1   4   5  -5   1   1 0.10 0.24 0.04 0.30   0   0   0   0   2   4   1   2   3
  1   4   4   0   0   2 0.06 0.26 0.12 0.34   1   1   1   0   3   1   3   2   4
  1   4   5  -4   1   1 0.10 0.24 0.04 0.30   0   0   0   0   3   3   1   2   4
  1   4   3  10   1   1 0.12 0.26 0.06 0.32   0   0   0   0   3   2   4   1   3
  1   4   4  -4   1   2 0.02 0.22 0.08 0.34   0   0   0   0   4   3   2   4   1
  1   5   2   4   1   2 0.02 0.22 0.08 0.36   0   0   0   0   1   1   3   2   4
  1   5   4  -6   1   2 0.04 0.24 0.10 0.36   0   0   0   0   1   3   4   1   2
  1   5   5   0   0   1 0.12 0.26 0.06 0.32   1   1   1   0   1   3   2   4   1
  1   5   3  10   1   1 0.08 0.22 0.02 0.34   0   0   0   0   1   1   2   4   3
  1   5   2   3   1   2 0.04 0.24 0.10 0.38   0   0   0   0   1   3   4   2   1
  1   5   6   7   1   2 0.06 0.26 0.12 0.38   0   0   0   0   1   3   2   1   4
  1   5   6   6   1   2 0.06 0.26 0.12 0.40   0   0   0   0   1   2   3   4   1
  0   5   4  10   1   1 0.00 0.00 0.00 0.00   0   0   0   0   1   1   2   4   3
  1   5   2   0   0   2 0.08 0.28 0.14 0.40   1   1   0   0   1   2   3   1   4
  1   5   5  -6   1   1 0.08 0.22 0.02 0.34   0   0   0   0   1   1   3   2   4
  0   5   2  -8   1   1 0.00 0.00 0.00 0.00   0   0   0   0   1   3   1   2   4
  1   5   3   0   0   1 0.10 0.24 0.04 0.36   1   1   0   0   1   1   2   4   3
  1   5   1  -5   1   1 0.06 0.20 0.04 0.36   0   0   0   0   1   4   1   3   2
  1   5   6   5   1   2 0.04 0.24 0.14 0.42   0   0   0   0   1   1   3   4   2
  1   5   2   2   1   2 0.04 0.24 0.16 0.42   0   0   0   0   1   4   1   2   3
  1   5   6   7   1   2 0.06 0.26 0.16 0.44   0   0   0   0   1   3   2   1   4
  0   5   8  -5   1   1 0.00 0.00 0.00 0.00   0   0   0   0   1   2   3   4   1
  1   5   6   5   1   2 0.06 0.26 0.18 0.44   0   0   0   0   1   3   4   1   2
  1   5   6   6   1   2 0.08 0.28 0.18 0.46   0   0   0   0   1   4   1   3   2
  1   5   5  -4   1   1 0.06 0.20 0.06 0.38   0   0   0   0   1   1   4   2   3
  1   5   1  -6   1   1 0.08 0.22 0.06 0.38   0   0   0   0   1   4   2   3   1
  1   5   2   2   1   2 0.08 0.28 0.20 0.46   0   0   0   0   1   1   3   2   4
  1   5   1  -9   1   1 0.08 0.22 0.08 0.40   0   0   0   0   1   1   4   3   2
  0   5   6 -10   1   1 0.00 0.00 0.00 0.00   0   0   0   0   1   3   4   1   2
  1   5   3  10   1   1 0.10 0.24 0.08 0.40   0   0   0   0   1   2   4   3   1
  1   5   4  -6   1   2 0.10 0.30 0.20 0.48   0   0   0   0   1   1   4   2   3
  1   5   5  -7   1   1 0.10 0.24 0.10 0.42   0   0   0   0   1   2   4   3   1
  1   5   3  10   1   1 0.12 0.26 0.10 0.42   0   0   0   0   1   2   4   3   1
  1   5   3  10   1   1 0.12 0.26 0.12 0.44   0   0   0   0   1   1   4   3   2
  0   5   7  -7   1   1 0.00 0.00 0.00 0.00   0   0   0   0   1   3   2   1   4
  0   5   3   1   1   1 0.00 0.00 0.00 0.00   0   0   0   0   1   2   3   4   1
  1   5   4   0   0   2 0.10 0.30 0.22 0.48   0   0   1   1   1   4   3   2   1
  1   5   2  -1   1   2 0.12 0.32 0.18 0.44   0   0   0   0   1   1   3   4   2
  1   5   1  -8   1   1 0.14 0.28 0.12 0.44   0   0   0   0   1   3   2   4   1
  0   5   1  -9   1   1 0.00 0.00 0.00 0.00   0   0   0   0   1   4   3   2   1
  0   5   9   0   0   1 0.00 0.00 0.00 0.00   1   1   0   0   1   1   3   4   2
  1   5   1 -10   1   1 0.14 0.28 0.14 0.46   0   0   0   0   1   3   2   1   4
  1   5   4  -7   1   2 0.12 0.32 0.18 0.44   0   0   0   0   1   1   3   4   2
  1   5   3   9   1   1 0.16 0.30 0.14 0.46   0   0   0   0   1   1   4   3   2
  0   5   5  10   1   1 0.00 0.00 0.00 0.00   0   0   0   0   1   2   4   3   1
  1   5   1  -6   1   1 0.16 0.30 0.16 0.48   0   0   0   0   1   2   3   4   1
  1   5   4  -8   1   2 0.14 0.34 0.20 0.46   0   0   0   0   1   2   4   3   1
  0   5  10   7   1   1 0.00 0.00 0.00 0.00   0   0   0   0   1   1   4   3   2
  1   5   4   1   0   2 0.14 0.34 0.20 0.46   1   1   0   0   1   4   2   1   3
  1   5   5  -3   1   1 0.18 0.32 0.16 0.48   0   0   0   0   1   4   1   3   2
  1   5   5  -2   1   1 0.18 0.32 0.18 0.50   0   0   0   0   1   2   4   1   3
  1   5   5  -2   1   1 0.20 0.34 0.18 0.50   0   0   0   0   2   2   1   3   4
  1   5   2  -2   1   2 0.10 0.30 0.22 0.48   0   0   0   0   2   4   2   3   1
  1   5   3  10   1   1 0.20 0.34 0.20 0.52   0   0   0   0   2   2   3   1   4
  1   5   4  -3   1   2 0.10 0.30 0.22 0.48   0   0   0   0   2   3   1   4   2
  0   5   9   6   1   1 0.00 0.00 0.00 0.00   0   0   0   0   2   2   4   1   3
  1   5   4  -5   1   2 0.12 0.32 0.24 0.50   0   0   0   0   2   4   1   3   2
