  1   1   1  -5   1   1 0.90 0.90 0.90 0.90   0   0   0   0   1   3   2   1   4
  1   1   5   0   0   1 0.90 0.90 0.90 0.90   1   0   1   0   1   4   1   2   3
  1   1   4   0   0   2 0.50 0.50 0.50 0.50   1   0   1   0   1   1   4   2   3
  1   1   2  -3   1   2 0.46 0.50 0.46 0.50   0   0   0   0   1   3   2   4   1
  1   1   1  -3   1   1 0.86 0.92 0.86 0.92   0   0   0   0   1   1   3   2   4
  1   1   6   8   1   2 0.46 0.52 0.46 0.52   0   0   0   0   1   4   1   2   3
  0   1  10   9   1   1 0.00 0.00 0.00 0.00   0   0   0   0   1   4   3   1   2
  1   1   5   0   0   1 0.86 0.92 0.86 0.92   1   1   1   1   1   2   4   1   3
  1   1   3   0   0   1 0.82 0.88 0.82 0.88   1   1   0   1   1   1   2   3   4
  1   1   4   0   0   2 0.48 0.52 0.48 0.52   1   1   1   0   1   2   3   1   4
  0   1   5   9   1   1 0.00 0.00 0.00 0.00   0   0   0   0   1   1   4   2   3
  1   1   4   0   0   2 0.44 0.48 0.44 0.54   1   1   0   0   1   4   3   1   2
  0   1   1  -5   1   1 0.00 0.00 0.00 0.00   0   0   0   0   1   2   3   1   4
  1   1   2   0   0   2 0.40 0.44 0.44 0.54   1   1   1   1   1   4   1   2   3
  0   1   4   9   1   1 0.00 0.00 0.00 0.00   0   0   0   0   1   3   2   1   4
  1   1   5   0   0   1 0.78 0.84 0.82 0.84   1   0   1   0   1   4   1   3   2
  1   1   4   0   0   2 0.36 0.40 0.40 0.50   1   1   1   0   1   1   3   2   4
  1   1   5   0   0   1 0.74 0.84 0.78 0.84   1   0   0   0   1   1   3   4   2
  1   1   3   9   1   1 0.70 0.86 0.78 0.86   0   0   0   0   1   1   2   4   3
  1   1   3   9   1   1 0.70 0.86 0.80 0.86   0   0   0   0   1   2   1   3   4
  1   1   6  10   1   2 0.32 0.36 0.36 0.50   0   0   0   0   1   2   4   3   1
  0   1   3  -3   1   1 0.00 0.00 0.00 0.00   0   0   0   0   1   3   1   2   4
  1   1   1  -5   1   1 0.72 0.88 0.80 0.88   0   0   0   0   1   3   4   2   1
  1   1   4  -3   1   2 0.32 0.36 0.36 0.52   0   0   0   0   1   4   2   3   1
  1   1   6   9   1   2 0.34 0.38 0.38 0.52   0   0   0   0   1   1   3   4   2
  0   1   6   0   0   1 0.00 0.00 0.00 0.00   0   1   1   0   1   2   4   3   1
  0   1   2   0   1   1 0.00 0.00 0.00 0.00   0   0   0   0   1   1   4   3   2
  1   1   1   0   1   1 0.72 0.88 0.82 0.88   0   0   0   0   1   1   4   3   2
  1   1   6  10   1   2 0.34 0.38 0.38 0.54   0   0   0   0   1   3   1   2   4
  1   1   3   0   0   1 0.74 0.90 0.82 0.90   1   1   1   1   1   1   3   2   4
  1   1   6  10   1   2 0.36 0.40 0.40 0.54   0   0   0   0   1   4   2   1   3
  0   1   7   0   0   1 0.00 0.00 0.00 0.00   1   1   1   1   1   3   2   1   4
  1   1   1   0   0   1 0.70 0.86 0.78 0.86   1   1   1   0   1   4   3   1   2
  1   1   4   0   0   2 0.36 0.40 0.40 0.56   1   1   1   0   1   1   3   4   2
  1   1   2   0   0   2 0.32 0.36 0.36 0.56   1   1   1   1   1   4   3   2   1
  1   1   6  10   1   2 0.28 0.32 0.32 0.52   0   0   0   0   1   4   1   3   2
  1   1   5   0   1   1 0.66 0.82 0.74 0.86   0   0   0   0   1   2   3   4   1
  0   1   8  -5   1   1 0.00 0.00 0.00 0.00   0   0   0   0   1   1   4   2   3
  0   1   9  10   1   1 0.00 0.00 0.00 0.00   0   0   0   0   1   4   3   2   1
  1   1   2  -3   1   2 0.28 0.32 0.32 0.52   0   0   0   0   1   4   3   2   1
  1   1   3   0   0   1 0.66 0.82 0.74 0.88   1   1   1   0   1   1   4   2   3
  1   1   1   0   0   1 0.62 0.78 0.70 0.88   1   1   1   0   1   1   3   2   4
  1   1   5  -4   1   1 0.58 0.74 0.66 0.90   0   0   0   0   1   2   3   1   4
  1   1   3   9   1   1 0.58 0.74 0.66 0.90   0   0   0   0   1   1   3   4   2
  1   1   2   0   0   2 0.30 0.34 0.34 0.54   1   1   1   1   1   3   1   2   4
  1   1   2  -3   1   2 0.26 0.30 0.30 0.50   0   0   0   0   1   4   3   1   2
  1   1   5   0   0   1 0.60 0.76 0.68 0.92   1   1   1   1   2   3   2   4   1
  1   1   4   0   1   2 0.26 0.30 0.30 0.50   0   0   0   0   2   1   4   3   2
  1   1   5   0   0   1 0.56 0.72 0.64 0.88   1   1   1   0   2   1   4   3   2
  1   1   3   5   1   1 0.52 0.68 0.60 0.88   0   0   0   0   2   4   3   2   1
  1   1   4   0   0   2 0.28 0.32 0.32 0.52   1   1   1   1   2   4   3   2   1
  1   1   4   0   0   2 0.24 0.28 0.28 0.48   1   1   1   1   2   3   1   2   4
  1   1   2   5   1   2 0.20 0.24 0.24 0.44   0   0   0   0   2   2   3   1   4
  1   1   5   0   0   1 0.52 0.68 0.60 0.90   1   0   1   0   2   3   4   1   2
  1   1   4  -5   1   2 0.20 0.24 0.24 0.44   0   0   0   0   2   3   1   4   2
  1   1   5   0   0   1 0.48 0.70 0.56 0.90   1   1   1   1   2   3   1   2   4
  0   1   6   0   0   1 0.00 0.00 0.00 0.00   1   1   1   1   2   3   4   1   2
  1   1   3   9   1   1 0.44 0.66 0.52 0.86   0   0   0   0   2   1   4   3   2
  0   1   7  -2   1   1 0.00 0.00 0.00 0.00   0   0   0   0   2   3   1   4   2
  1   1   1  -5   1   1 0.44 0.66 0.52 0.86   0   0   0   0   2   4   1   3   2
  1   1   4  -2   1   2 0.22 0.26 0.26 0.46   0   0   0   0   2   3   2   4   1
  1   1   2  -5   1   2 0.22 0.26 0.26 0.46   0   0   0   0   2   4   3   1   2
  1   1   3   9   1   1 0.46 0.68 0.54 0.88   0   0   0   0   2   4   1   2   3
  1   1   1   0   0   1 0.46 0.68 0.54 0.88   1   1   1   1   2   4   2   3   1
  1   1   2  -3   1   2 0.24 0.28 0.28 0.48   0   0   0   0   2   1   3   2   4
  1   1   5  -5   1   1 0.42 0.64 0.50 0.84   0   0   0   0   3   4   1   2   3
  1   1   5 -10   1   1 0.42 0.64 0.50 0.84   0   0   0   0   3   4   2   3   1
  1   1   4  -5   1   2 0.24 0.28 0.28 0.48   0   0   0   0   3   1   4   2   3
  1   1   4  -5   1   2 0.26 0.30 0.30 0.50   0   0   0   0   3   3   1   4   2
  1   1   5  -3   1   1 0.44 0.66 0.52 0.86   0   0   0   0   3   3   1   4   2
  1   1   5 -10   1   1 0.44 0.66 0.52 0.86   0   0   0   0   3   3   2   1   4
  0   1   6  -5   1   1 0.00 0.00 0.00 0.00   0   0   0   0   3   2   4   1   3
  1   1   1   0   1   1 0.46 0.68 0.54 0.88   0   0   0   0   3   3   2   4   1
  1   2   1  -5   1   1 0.46 0.68 0.54 0.88   0   0   0   0   1   2   4   3   1
  0   2   2 -10   1   1 0.00 0.00 0.00 0.00   0   0   0   0   1   4   1   2   3
  1   2   6  10   1   2 0.26 0.30 0.30 0.50   0   0   0   0   1   3   1   4   2
  1   2   1  -3   1   1 0.48 0.70 0.56 0.90   0   0   0   0   1   1   2   3   4
  1   2   3   5   1   1 0.48 0.70 0.56 0.90   0   0   0   0   1   4   3   1   2
  1   2   3  10   1   1 0.50 0.72 0.58 0.92   0   0   0   0   1   4   1   2   3
  1   2   6  10   1   2 0.28 0.32 0.32 0.52   0   0   0   0   1   3   4   2   1
  1   2   1 -10   1   1 0.50 0.72 0.58 0.92   0   0   0   0   1   1   3   2   4
  1   2   5  -8   1   1 0.52 0.74 0.60 0.94   0   0   0   0   1   4   2   3   1
  0   2   8  -8   1   1 0.00 0.00 0.00 0.00   0   0   0   0   1   4   1   3   2
  0   2   1  -5   1   1 0.00 0.00 0.00 0.00   0   0   0   0   1   1   4   2   3
  0   2   9  10   1   1 0.00 0.00 0.00 0.00   0   0   0   0   1   3   4   2   1
  1   2   4   0   0   2 0.28 0.32 0.32 0.52   1   1   1   1   1   1   4   2   3
  1   2   4   0   0   2 0.24 0.28 0.28 0.48   1   1   1   1   1   3   1   4   2
  0   2  10  10   1   1 0.00 0.00 0.00 0.00   0   0   0   0   1   2   3   4   1
  1   2   3  10   1   1 0.52 0.74 0.60 0.94   0   0   0   0   1   3   2   4   1
  0   2   4  10   1   1 0.00 0.00 0.00 0.00   0   0   0   0   1   3   4   2   1
  1   2   1  -8   1   1 0.54 0.76 0.62 0.96   0   0   0   0   1   2   1   4   3
  0   2   5  10   1   1 0.00 0.00 0.00 0.00   0   0   0   0   1   4   2   1   3
  1   2   5  -8   1   1 0.54 0.76 0.62 0.96   0   0   0   0   1   1   3   2   4
  1   2   2   3   1   2 0.20 0.24 0.24 0.44   0   0   0   0   1   2   4   1   3
  1   2   6   7   1   2 0.20 0.24 0.24 0.44   0   0   0   0   1   1   4   3   2
  1   2   6   0   0   2 0.22 0.26 0.26 0.46   1   0   1   0   1   4   2   3   1
  1   2   5   0   0   1 0.56 0.78 0.64 0.98   1   1   1   1   1   4   1   2   3
  1   2   2  -8   1   2 0.18 0.26 0.22 0.46   0   0   0   0   1   2   4   3   1
  0   2   3   0   0   1 0.00 0.00 0.00 0.00   1   1   1   0   1   3   4   2   1
  1   2   6   8   1   2 0.18 0.28 0.22 0.48   0   0   0   0   1   1   3   2   4
  1   2   4 -10   1   2 0.20 0.28 0.24 0.48   0   0   0   0   1   3   4   1   2
  0   2   6 -10   1   1 0.00 0.00 0.00 0.00   0   0   0   0   1   1   3   2   4
  1   2   5   0   0   1 0.52 0.74 0.60 0.94   1   1   1   1   1   3   4   2   1
  1   2   5  -1   0   1 0.48 0.70 0.56 0.90   1   1   1   1   1   2   1   4   3
  1   2   6   0   0   2 0.20 0.30 0.24 0.50   1   1   1   1   1   1   4   2   3
  1   2   2  -5   1   2 0.16 0.26 0.20 0.46   0   0   0   0   1   1   4   2   3
  1   2   4   0   0   2 0.16 0.26 0.20 0.46   1   0   1   0   1   1   4   3   2
  1   2   1  -8   1   1 0.44 0.66 0.52 0.86   0   0   0   0   1   3   2   1   4
  1   2   3  10   1   1 0.44 0.66 0.52 0.86   0   0   0   0   1   4   1   3   2
  1   2   2   0   1   2 0.12 0.28 0.16 0.48   0   0   0   0   1   1   4   3   2
  1   2   2  -8   1   2 0.12 0.28 0.16 0.48   0   0   0   0   1   2   3   4   1
  1   2   4 -10   1   2 0.14 0.30 0.18 0.50   0   0   0   0   1   4   1   3   2
  1   2   4 -10   1   2 0.14 0.30 0.18 0.50   0   0   0   0   1   1   4   3   2
  1   2   2  -5   1   2 0.16 0.32 0.20 0.52   0   0   0   0   1   1   4   3   2
  1   2   3   7   1   1 0.46 0.68 0.54 0.88   0   0   0   0   1   3   2   4   1
  1   2   5   0   0   1 0.46 0.68 0.54 0.88   1   1   1   1   1   2   4   1   3
  1   2   3   0   0   1 0.42 0.64 0.50 0.84   1   1   1   0   1   4   3   2   1
  1   2   1  -7   1   1 0.38 0.60 0.46 0.84   0   0   0   0   1   1   2   4   3
  0   2   7 -10   1   1 0.00 0.00 0.00 0.00   0   0   0   0   1   4   1   2   3
  1   2   4 -10   1   2 0.16 0.32 0.20 0.52   0   0   0   0   2   4   3   2   1
  1   2   4 -10   1   2 0.18 0.34 0.22 0.54   0   0   0   0   2   4   3   1   2
  1   2   6   0   0   2 0.18 0.34 0.22 0.54   1   1   1   0   2   1   2   4   3
  1   2   5  -3   1   1 0.38 0.60 0.46 0.86   0   0   0   0   2   4   2   3   1
  0   2   3  -7   1   1 0.00 0.00 0.00 0.00   0   0   0   0   2   2   3   4   1
  1   2   5  -8   1   1 0.40 0.62 0.48 0.86   0   0   0   0   2   1   3   4   2
  1   2   5  -9   1   1 0.40 0.62 0.48 0.88   0   0   0   0   2   3   1   2   4
  1   2   6  10   1   2 0.14 0.30 0.18 0.56   0   0   0   0   2   1   2   4   3
  1   2   4   0   0   2 0.14 0.30 0.18 0.56   1   1   1   1   2   1   4   3   2
  1   2   5   0   0   1 0.42 0.64 0.50 0.88   1   1   1   1   2   4   1   2   3
  1   2   3  10   1   1 0.38 0.60 0.46 0.84   0   0   0   0   2   3   4   1   2
  1   2   6  10   1   2 0.10 0.26 0.14 0.52   0   0   0   0   3   3   2   4   1
  1   2   4   0   0   2 0.10 0.26 0.14 0.52   1   1   1   1   3   2   3   4   1
  1   2   5   0   0   1 0.38 0.60 0.46 0.84   1   1   1   1   3   2   4   3   1
  1   2   4 -10   1   2 0.06 0.22 0.10 0.48   0   0   0   0   4   3   1   4   2
  1   2   5  10   1   1 0.34 0.56 0.42 0.80   0   0   0   0   4   2   4   3   1
  1   3   1  -5   1   1 0.34 0.56 0.42 0.80   0   0   0   0   1   4   2   3   1
  1   3   5   0   0   1 0.36 0.58 0.44 0.82   1   1   1   1   1   2   1   4   3
  0   3   1   7   1   1 0.00 0.00 0.00 0.00   0   0   0   0   1   1   4   3   2
  1   3   6   9   1   2 0.06 0.22 0.10 0.48   0   0   0   0   1   4   3   2   1
  0   3   5   2   1   1 0.00 0.00 0.00 0.00   0   0   0   0   1   2   1   3   4
  0   3   6 -10   1   1 0.00 0.00 0.00 0.00   0   0   0   0   1   4   2   1   3
  1   3   4   0   0   2 0.08 0.24 0.12 0.50   0   1   1   1   1   2   3   1   4
  1   3   5   0   0   1 0.32 0.54 0.40 0.78   1   1   1   1   1   2   3   1   4
  1   3   2  -5   1   2 0.08 0.20 0.08 0.46   0   0   0   0   1   1   4   2   3
  1   3   2   0   0   2 0.10 0.20 0.08 0.46   0   1   0   1   1   4   3   1   2
  1   3   6  10   1   2 0.10 0.16 0.10 0.42   0   0   0   0   1   1   4   3   2
  1   3   1  -5   1   1 0.28 0.50 0.36 0.74   0   0   0   0   1   4   1   2   3
  1   3   3   8   1   1 0.28 0.50 0.36 0.74   0   0   0   0   1   1   4   3   2
  1   3   3   0   0   1 0.30 0.52 0.38 0.76   1   0   1   0   1   1   4   3   2
  1   3   1 -10   1   1 0.26 0.52 0.34 0.76   0   0   0   0   1   3   2   1   4
  0   3   3  -8   1   1 0.00 0.00 0.00 0.00   0   0   0   0   1   4   2   1   3
  1   3   3  10   1   1 0.26 0.54 0.34 0.78   0   0   0   0   1   4   1   2   3
  1   3   3  10   1   1 0.28 0.54 0.36 0.78   0   0   0   0   1   4   1   2   3
  1   3   5  -8   1   1 0.28 0.56 0.36 0.80   0   0   0   0   1   4   3   2   1
  0   3   8   0   1   1 0.00 0.00 0.00 0.00   0   0   0   0   1   3   4   1   2
  0   3   2  -5   1   1 0.00 0.00 0.00 0.00   0   0   0   0   1   2   3   4   1
  1   3   2  -2   1   2 0.12 0.16 0.10 0.42   0   0   0   0   1   2   4   1   3
  1   3   5  -5   1   1 0.30 0.56 0.38 0.80   0   0   0   0   1   3   4   2   1
  1   3   4 -10   1   2 0.12 0.18 0.12 0.44   0   0   0   0   1   1   3   4   2
  1   3   1 -10   1   1 0.30 0.58 0.38 0.82   0   0   0   0   1   1   3   2   4
  1   3   1  -8   1   1 0.32 0.58 0.40 0.82   0   0   0   0   1   4   1   2   3
  1   3   5  -8   1   1 0.32 0.60 0.40 0.84   0   0   0   0   1   3   2   1   4
  1   3   5  -5   1   1 0.34 0.60 0.42 0.84   0   0   0   0   1   4   2   1   3
  1   3   6  10   1   2 0.14 0.18 0.12 0.44   0   0   0   0   1   1   3   4   2
  1   3   6   0   0   2 0.14 0.20 0.14 0.46   1   0   1   0   1   3   2   4   1
  1   3   3  10   1   1 0.34 0.62 0.42 0.86   0   0   0   0   1   3   2   4   1
  0   3  10  10   1   1 0.00 0.00 0.00 0.00   0   0   0   0   1   1   4   2   3
  1   3   1   0   0   1 0.36 0.62 0.44 0.86   1   1   1   1   1   1   2   4   3
  1   3   4  -7   1   2 0.10 0.20 0.10 0.46   0   0   0   0   1   3   1   2   4
  1   3   6   9   1   2 0.10 0.22 0.10 0.48   0   0   0   0   1   3   2   4   1
  0   3   4  10   1   1 0.00 0.00 0.00 0.00   0   0   0   0   1   1   3   4   2
  0   3   7  -3   1   1 0.00 0.00 0.00 0.00   0   0   0   0   1   1   2   4   3
  0   3   9   9   1   1 0.00 0.00 0.00 0.00   0   0   0   0   1   2   1   3   4
  1   3   4   0   0   2 0.12 0.22 0.12 0.48   0   1   0   1   1   4   2   3   1
  1   3   2   0   0   2 0.12 0.18 0.12 0.44   0   1   0   1   1   3   1   4   2
  1   3   2   0   0   2 0.14 0.14 0.14 0.40   0   0   0   1   1   2   4   3   1
  1   3   2   0   0   2 0.14 0.14 0.14 0.36   0   0   0   1   1   3   1   2   4
  1   3   3  10   1   1 0.32 0.58 0.40 0.82   0   0   0   0   1   1   3   2   4
  1   3   4  -7   1   2 0.16 0.16 0.16 0.32   0   0   0   0   1   3   4   2   1
  1   3   6  10   1   2 0.16 0.16 0.16 0.32   0   0   0   0   1   4   3   1   2
  1   3   4 -10   1   2 0.18 0.18 0.18 0.34   0   0   0   0   1   3   2   1   4
  1   3   5   0   0   1 0.32 0.58 0.40 0.82   1   1   1   1   2   2   4   3   1
  1   3   4  -6   1   2 0.18 0.18 0.18 0.34   0   0   0   0   2   1   4   2   3
  1   3   5  -9   1   1 0.28 0.54 0.36 0.78   0   0   0   0   2   2   1   3   4
  1   3   2   3   1   2 0.20 0.20 0.20 0.36   0   0   0   0   2   3   4   2   1
  1   3   3   5   1   1 0.28 0.54 0.36 0.78   0   0   0   0   2   2   4   3   1
  1   3   6   8   1   2 0.20 0.20 0.20 0.36   0   0   0   0   2   4   2   3   1
  1   3   1  -4   1   1 0.30 0.56 0.38 0.80   0   0   0   0   2   1   3   4   2
  1   3   4  -8   1   2 0.22 0.22 0.22 0.38   0   0   0   0   2   4   3   2   1
  1   3   2  -8   1   2 0.22 0.22 0.22 0.38   0   0   0   0   2   1   3   4   2
  1   3   2   7   1   2 0.24 0.24 0.24 0.40   0   0   0   0   2   4   1   3   2
  1   3   2   0   0   2 0.24 0.24 0.24 0.40   1   1   1   1   2   3   4   2   1
  1   3   5   0   0   1 0.30 0.56 0.38 0.80   0   1   0   1   3   2   3   4   1
  1   3   2  -3   1   2 0.20 0.20 0.20 0.36   0   0   0   0   3   1   4   2   3
  1   3   5   0   0   1 0.32 0.52 0.40 0.76   1   1   1   1   4   3   2   4   1
  1   3   5  -9   1   1 0.28 0.48 0.36 0.72   0   0   0   0   5   3   4   1   2
  1   4   4   0   1   2 0.20 0.20 0.20 0.36   0   0   0   0   1   2   3   4   1
  1   4   3   5   1   1 0.28 0.48 0.36 0.72   0   0   0   0   1   3   1   4   2
  1   4   1   0   1   1 0.30 0.50 0.38 0.74   0   0   0   0   1   4   2   1   3
  0   4   7  -5   1   1 0.00 0.00 0.00 0.00   0   0   0   0   1   3   4   2   1
  1   4   3   5   1   1 0.30 0.50 0.38 0.74   0   0   0   0   1   3   1   2   4
  1   4   2   0   1   2 0.22 0.22 0.22 0.38   0   0   0   0   1   4   1   3   2
  1   4   1  -5   1   1 0.32 0.52 0.40 0.76   0   0   0   0   1   3   1   2   4
  1   4   4  -7   1   2 0.22 0.22 0.22 0.38   0   0   0   0   1   2   1   4   3
  1   4   6  10   1   2 0.24 0.24 0.24 0.40   0   0   0   0   1   4   3   1   2
  1   4   2   0   0   2 0.24 0.24 0.24 0.40   1   1   1   1   1   2   3   1   4
  1   4   3   8   1   1 0.32 0.52 0.40 0.76   0   0   0   0   1   2   1   3   4
  1   4   5   0   0   1 0.34 0.54 0.42 0.78   1   1   1   1   1   2   3   1   4
  1   4   6  10   1   2 0.20 0.20 0.20 0.36   0   0   0   0   1   2   3   1   4
  0   4   9  10   1   1 0.00 0.00 0.00 0.00   0   0   0   0   1   2   1   4   3
  0   4   8  -2   1   1 0.00 0.00 0.00 0.00   0   0   0   0   1   2   4   3   1
  0   4   4   8   1   1 0.00 0.00 0.00 0.00   0   0   0   0   1   4   3   1   2
  1   4   1  -5   1   1 0.30 0.50 0.38 0.74   0   0   0   0   1   1   3   2   4
  1   4   6   8   1   2 0.20 0.20 0.20 0.36   0   0   0   0   1   2   3   1   4
  1   4   3  10   1   1 0.30 0.50 0.38 0.74   0   0   0   0   1   4   1   2   3
  0   4   3  -5   1   1 0.00 0.00 0.00 0.00   0   0   0   0   1   4   1   2   3
  1   4   5  -8   1   1 0.32 0.52 0.40 0.76   0   0   0   0   1   2   1   3   4
  1   4   1  -5   1   1 0.32 0.52 0.40 0.76   0   0   0   0   1   1   4   3   2
  1   4   3   0   0   1 0.34 0.54 0.42 0.78   1   1   1   1   1   3   4   2   1
  1   4   5  -8   1   1 0.30 0.50 0.38 0.74   0   0   0   0   1   2   3   4   1
  1   4   5  -8   1   1 0.30 0.50 0.38 0.74   0   0   0   0   1   3   2   1   4
  1   4   4  -6   1   2 0.22 0.22 0.22 0.38   0   0   0   0   1   1   3   4   2
  1   4   2  -5   1   2 0.22 0.22 0.22 0.38   0   0   0   0   1   2   4   3   1
  0   4   6 -10   1   1 0.00 0.00 0.00 0.00   0   0   0   0   1   1   4   3   2
  1   4   2   0   0   2 0.24 0.24 0.24 0.40   1   1   1   1   1   1   3   4   2
  1   4   5   0   0   1 0.32 0.52 0.40 0.76   0   1   1   1   1   3   4   1   2
  1   4   1  -8   1   1 0.32 0.48 0.36 0.72   0   0   0   0   1   3   1   2   4
  1   4   2   0   1   2 0.20 0.20 0.20 0.36   0   0   0   0   1   3   1   2   4
  1   4   4   2   1   2 0.20 0.20 0.20 0.36   0   0   0   0   1   2   4   1   3
  0   4  10  10   1   1 0.00 0.00 0.00 0.00   0   0   0   0   1   1   2   3   4
  1   4   3   6   1   1 0.34 0.48 0.36 0.72   0   0   0   0   1   4   1   3   2
  1   4   5   0   0   1 0.34 0.50 0.38 0.74   1   1   0   0   1   3   4   2   1
  0   4   5  10   1   1 0.00 0.00 0.00 0.00   0   0   0   0   1   4   1   3   2
  1   4   1  -5   1   1 0.30 0.46 0.38 0.74   0   0   0   0   1   2   3   4   1
  1   4   6   8   1   2 0.22 0.22 0.22 0.38   0   0   0   0   1   3   1   4   2
  1   4   4 -10   1   2 0.22 0.22 0.22 0.38   0   0   0   0   1   4   2   3   1
  1   4   6  10   1   2 0.24 0.24 0.24 0.40   0   0   0   0   1   2   1   3   4
  0   4   1 -10   1   1 0.00 0.00 0.00 0.00   0   0   0   0   1   4   1   2   3
  1   4   6  10   1   2 0.24 0.24 0.24 0.40   0   0   0   0   1   3   2   4   1
  1   4   2  -5   1   2 0.26 0.26 0.26 0.42   0   0   0   0   1   2   1   4   3
  1   4   4 -10   1   2 0.26 0.26 0.26 0.42   0   0   0   0   1   1   4   3   2
  0   4   2   0   0   1 0.00 0.00 0.00 0.00   1   1   1   1   1   4   3   1   2
  1   4   2   0   0   2 0.28 0.28 0.28 0.44   1   1   1   0   2   4   3   1   2
  1   4   5  -2   1   1 0.30 0.46 0.40 0.76   0   0   0   0   2   1   4   3   2
  1   4   3   0   0   1 0.32 0.48 0.40 0.76   1   1   1   1   2   1   2   3   4
  1   4   2   0   0   2 0.24 0.24 0.24 0.44   1   1   1   0   2   3   4   2   1
  1   4   5  -4   1   1 0.28 0.44 0.36 0.72   0   0   0   0   2   1   3   2   4
  1   4   5   0   0   1 0.28 0.44 0.36 0.72   1   0   1   0   2   2   1   3   4
  0   4   2  -5   1   1 0.00 0.00 0.00 0.00   0   0   0   0   2   1   4   2   3
  1   4   2   0   1   2 0.20 0.20 0.20 0.46   0   0   0   0   3   4   2   1   3
  1   4   3   0   0   1 0.24 0.46 0.32 0.74   1   1   1   1   3   4   2   3   1
  1   4   2   0   1   2 0.20 0.20 0.20 0.46   0   0   0   0   3   3   1   2   4
  1   4   5  -3   1   1 0.20 0.42 0.28 0.70   0   0   0   0   3   1   3   4   2
  1   4   3   8   1   1 0.20 0.42 0.28 0.70   0   0   0   0   4   2   3   1   4
  1   5   5   0   0   1 0.22 0.44 0.30 0.72   1   1   1   1   1   2   4   1   3
  1   5   4  -4   1   2 0.22 0.22 0.22 0.48   0   0   0   0   1   1   3   2   4
  1   5   5   3   1   1 0.18 0.40 0.26 0.68   0   0   0   0   1   3   2   1   4
  1   5   3   8   1   1 0.18 0.40 0.26 0.68   0   0   0   0   1   4   3   2   1
  0   5   8   0   1   1 0.00 0.00 0.00 0.00   0   0   0   0   1   4   1   3   2
  0   5   5   9   1   1 0.00 0.00 0.00 0.00   0   0   0   0   1   1   3   2   4
  0   5   3   0   1   1 0.00 0.00 0.00 0.00   0   0   0   0   1   3   2   1   4
  1   5   6  10   1   2 0.22 0.22 0.22 0.48   0   0   0   0   1   4   1   3   2
  1   5   1   0   1   1 0.20 0.42 0.28 0.70   0   0   0   0   1   1   2   3   4
  1   5   2   0   0   2 0.24 0.24 0.24 0.50   1   1   1   1   1   3   1   4   2
  1   5   5  -5   1   1 0.20 0.42 0.28 0.70   0   0   0   0   1   3   2   1   4
  1   5   6   0   0   2 0.20 0.20 0.20 0.46   0   0   0   1   1   4   3   2   1
  1   5   1  -5   1   1 0.22 0.44 0.30 0.72   0   0   0   0   1   4   1   2   3
  1   5   6   8   1   2 0.20 0.20 0.20 0.42   0   0   0   0   1   3   1   4   2
  0   5   7   0   1   1 0.00 0.00 0.00 0.00   0   0   0   0   1   3   2   4   1
  1   5   3   8   1   1 0.22 0.44 0.30 0.72   0   0   0   0   1   3   2   4   1
  1   5   2   0   1   2 0.22 0.22 0.22 0.42   0   0   0   0   1   3   2   4   1
  1   5   6  10   1   2 0.22 0.22 0.22 0.44   0   0   0   0   1   2   1   3   4
  0   5   2  -2   1   1 0.00 0.00 0.00 0.00   0   0   0   0   1   2   1   3   4
  1   5   1  -7   1   1 0.24 0.46 0.32 0.74   0   0   0   0   1   2   1   4   3
  0   5  10  10   1   1 0.00 0.00 0.00 0.00   0   0   0   0   1   3   4   2   1
  1   5   5   0   0   1 0.24 0.46 0.32 0.74   1   1   1   1   1   1   3   2   4
  1   5   6   0   0   2 0.24 0.24 0.24 0.44   1   1   0   1   1   2   1   3   4
  1   5   2  -5   1   2 0.20 0.20 0.24 0.40   0   0   0   0   1   1   2   3   4
  1   5   1   0   0   1 0.20 0.42 0.28 0.70   1   1   1   1   1   2   4   3   1
  1   5   4   0   0   2 0.20 0.20 0.26 0.40   1   1   0   1   1   2   3   1   4
  1   5   3   0   0   1 0.16 0.38 0.24 0.66   1   1   0   1   1   4   1   2   3
  1   5   3   0   0   1 0.12 0.34 0.24 0.62   1   1   1   1   1   2   3   1   4
  1   5   3   0   0   1 0.08 0.30 0.20 0.58   1   0   1   1   1   1   2   3   4
  1   5   6  10   1   2 0.16 0.16 0.26 0.36   0   0   0   0   1   2   1   3   4
  1   5   4  -3   1   2 0.16 0.16 0.28 0.36   0   0   0   0   1   4   1   2   3
  1   5   4  -6   1   2 0.18 0.18 0.28 0.38   0   0   0   0   1   1   3   2   4
  1   5   2   2   1   2 0.18 0.18 0.30 0.38   0   0   0   0   1   2   1   4   3
  1   5   2   2   1   2 0.20 0.20 0.30 0.40   0   0   0   0   1   3   4   2   1
  1   5   4  -8   1   2 0.20 0.20 0.32 0.40   0   0   0   0   1   2   1   3   4
  1   5   1  -4   1   1 0.04 0.30 0.16 0.54   0   0   0   0   1   4   2   3   1
  0   5   1  -8   1   1 0.00 0.00 0.00 0.00   0   0   0   0   1   3   2   1   4
  1   5   5  -5   1   1 0.04 0.32 0.16 0.54   0   0   0   0   1   2   3   4   1
  0   5   9  10   1   1 0.00 0.00 0.00 0.00   0   0   0   0   1   4   2   3   1
  1   5   3  10   1   1 0.06 0.32 0.18 0.56   0   0   0   0   1   2   3   1   4
  1   5   5  -7   1   1 0.06 0.34 0.18 0.56   0   0   0   0   1   1   4   3   2
  1   5   4   0   0   2 0.22 0.22 0.32 0.42   1   1   1   1   1   3   2   4   1
  0   5   6 -10   1   1 0.00 0.00 0.00 0.00   0   0   0   0   1   4   1   3   2
  1   5   1   0   0   1 0.08 0.34 0.20 0.58   0   1   1   1   1   3   4   2   1
  0   5   4   8   1   1 0.00 0.00 0.00 0.00   0   0   0   0   1   1   2   3   4
  1   5   2   0   0   2 0.18 0.18 0.28 0.38   0   0   1   1   1   1   3   4   2
  1   5   5  -6   1   1 0.08 0.30 0.16 0.54   0   0   0   0   2   4   2   3   1
  1   5   2  -9   1   2 0.18 0.18 0.24 0.34   0   0   0   0   2   2   4   1   3
  1   5   6  10   1   2 0.20 0.20 0.24 0.34   0   0   0   0   2   1   3   4   2
  1   5   5  -5   1   1 0.10 0.30 0.16 0.54   0   0   0   0   2   2   1   3   4
  1   5   6   8   1   2 0.20 0.20 0.26 0.36   0   0   0   0   2   2   3   1   4
  1   5   1  -5   1   1 0.10 0.32 0.18 0.56   0   0   0   0   2   1   3   2   4
  1   5   4 -10   1   2 0.22 0.22 0.26 0.36   0   0   0   0   2   1   4   3   2
  1   5   3   9   1   1 0.12 0.32 0.18 0.56   0   0   0   0   2   4   2   3   1
  1   5   3   9   1   1 0.12 0.34 0.20 0.58   0   0   0   0   2   3   1   2   4
  1   5   3   9   1   1 0.14 0.34 0.20 0.58   0   0   0   0   2   3   2   4   1
  1   5   4 -10   1   2 0.22 0.22 0.28 0.38   0   0   0   0   2   4   1   3   2
  1   5   1  -8   1   1 0.14 0.36 0.22 0.60   0   0   0   0   2   2   1   4   3
  1   5   2   0   0   2 0.24 0.24 0.28 0.38   0   1   0   1   2   3   2   1   4
  1   5   2  -5   1   2 0.24 0.20 0.30 0.34   0   0   0   0   3   2   3   1   4
