  0   1   9  -6   1   1 0.00 0.00 0.00 0.00   0   0   0   0   1   2   4   3   1
  0   1   7   8   1   1 0.00 0.00 0.00 0.00   0   0   0   0   1   1   3   4   2
  1   1   6  10   1   2 0.40 0.40 0.40 0.40   0   0   0   0   1   1   3   2   4
  1   1   4   0   0   2 0.40 0.40 0.40 0.40   1   1   1   0   1   3   1   4   2
  1   1   5  -2   1   1 0.80 0.80 0.80 0.80   0   0   0   0   1   4   2   3   1
  1   1   6   0   0   2 0.36 0.36 0.36 0.42   0   0   1   0   1   3   2   4   1
  1   1   6   0   0   2 0.36 0.36 0.32 0.42   1   1   1   1   1   4   2   3   1
  0   1   3   0   0   1 0.00 0.00 0.00 0.00   1   0   1   1   1   3   1   2   4
  1   1   5   0   0   1 0.80 0.80 0.80 0.80   1   1   1   1   1   4   3   2   1
  1   1   4  -2   1   2 0.32 0.32 0.28 0.38   0   0   0   0   1   2   3   1   4
  1   1   6   5   1   2 0.32 0.32 0.28 0.38   0   0   0   0   1   3   2   4   1
  1   1   2   0   0   2 0.34 0.34 0.30 0.40   1   1   0   0   1   1   4   3   2
  1   1   5   0   0   1 0.76 0.76 0.76 0.76   1   1   1   0   1   1   4   2   3
  1   1   1  -6   1   1 0.72 0.72 0.72 0.76   0   0   0   0   1   2   3   1   4
  1   1   2   0   0   2 0.30 0.30 0.30 0.40   0   0   1   0   1   4   2   3   1
  1   1   3   0   0   1 0.72 0.72 0.72 0.78   1   1   1   0   1   1   2   3   4
  0   1   4  10   1   1 0.00 0.00 0.00 0.00   0   0   0   0   1   2   4   1   3
  1   1   2   5   1   2 0.30 0.30 0.26 0.42   0   0   0   0   1   1   3   4   2
  1   1   4   0   0   2 0.32 0.32 0.26 0.42   0   0   1   0   1   2   1   4   3
  1   1   2   2   1   2 0.32 0.32 0.22 0.44   0   0   0   0   1   1   4   3   2
  0   1   5  10   1   1 0.00 0.00 0.00 0.00   0   0   0   0   1   2   4   3   1
  1   1   5   0   0   1 0.68 0.68 0.68 0.78   1   1   0   0   1   1   4   3   2
  0   1   1  -7   1   1 0.00 0.00 0.00 0.00   0   0   0   0   1   3   4   2   1
  1   1   3   0   0   1 0.64 0.64 0.68 0.80   1   1   1   0   1   1   4   2   3
  1   1   1 -10   1   1 0.60 0.60 0.64 0.80   0   0   0   0   1   4   3   1   2
  1   1   3   0   0   1 0.60 0.60 0.64 0.82   1   1   1   0   1   3   1   4   2
  1   1   4  -5   1   2 0.34 0.34 0.22 0.44   0   0   0   0   1   2   1   4   3
  1   1   1   0   0   1 0.56 0.56 0.60 0.82   1   1   1   1   1   4   1   2   3
  1   1   6   0   0   2 0.34 0.34 0.24 0.46   1   1   0   0   1   4   1   3   2
  1   1   2   0   0   2 0.30 0.30 0.24 0.46   1   1   1   0   1   2   1   4   3
  1   1   1   0   0   1 0.52 0.52 0.56 0.78   1   1   1   0   1   1   4   2   3
  0   1   6  -3   1   1 0.00 0.00 0.00 0.00   0   0   0   0   1   4   2   3   1
  1   1   3   0   0   1 0.48 0.48 0.52 0.78   1   1   1   0   1   1   4   2   3
  1   1   4   0   0   2 0.26 0.26 0.20 0.48   1   1   0   0   1   2   1   3   4
  0   1   8 -10   1   1 0.00 0.00 0.00 0.00   0   0   0   0   1   4   1   3   2
  1   1   4   0   0   2 0.22 0.22 0.20 0.48   1   0   0   0   1   4   1   2   3
  1   1   1   0   0   1 0.44 0.44 0.48 0.80   1   1   1   0   1   3   1   4   2
  1   1   5   6   1   1 0.40 0.40 0.44 0.80   0   0   0   0   1   2   1   4   3
  1   1   2  -4   1   2 0.18 0.22 0.22 0.50   0   0   0   0   1   3   4   1   2
  1   1   5   0   0   1 0.40 0.40 0.44 0.82   1   1   1   0   1   1   4   2   3
  1   1   3   0   0   1 0.36 0.36 0.40 0.82   1   1   0   0   1   4   1   3   2
  0   1   2   7   1   1 0.00 0.00 0.00 0.00   0   0   0   0   1   2   1   4   3
  1   1   6   0   0   2 0.18 0.24 0.22 0.50   1   1   1   0   1   2   4   1   3
  1   1   3   0   0   1 0.32 0.32 0.40 0.84   1   0   0   0   1   3   2   1   4
  1   1   1   0   0   1 0.28 0.32 0.42 0.84   1   1   1   1   1   2   3   1   4
  0   1  10  10   1   1 0.00 0.00 0.00 0.00   0   0   0   0   1   3   1   2   4
  1   1   4   0   0   2 0.14 0.20 0.18 0.52   0   0   1   1   2   1   4   2   3
  1   1   6  10   1   2 0.14 0.20 0.14 0.48   0   0   0   0   2   4   1   3   2
  1   1   6  10   1   2 0.16 0.22 0.14 0.48   0   0   0   0   2   4   1   2   3
  0   1   3   5   1   1 0.00 0.00 0.00 0.00   0   0   0   0   2   1   2   3   4
  1   1   5   0   0   1 0.24 0.28 0.38 0.80   0   0   1   0   2   1   2   3   4
  1   1   2   5   1   2 0.16 0.22 0.16 0.50   0   0   0   0   2   1   2   3   4
  1   1   5   0   0   1 0.24 0.28 0.34 0.80   0   0   1   0   2   1   3   2   4
  1   1   2  -4   1   2 0.18 0.24 0.16 0.50   0   0   0   0   2   3   2   4   1
  1   1   3   0   0   1 0.26 0.30 0.30 0.82   1   0   0   0   2   3   1   4   2
  1   1   4  10   1   2 0.18 0.24 0.18 0.52   0   0   0   0   2   3   4   1   2
  1   1   5   0   0   1 0.22 0.30 0.30 0.82   1   0   0   0   2   1   3   4   2
  1   1   3   0   0   1 0.18 0.32 0.32 0.84   1   1   0   0   2   3   1   4   2
  1   1   3   0   0   1 0.14 0.28 0.32 0.84   1   1   1   1   2   1   2   3   4
  1   1   1   0   0   1 0.10 0.24 0.28 0.80   0   0   1   0   2   1   2   3   4
  1   1   6  10   1   2 0.20 0.26 0.18 0.52   0   0   0   0   2   2   4   3   1
  1   1   2  -7   1   2 0.20 0.26 0.20 0.54   0   0   0   0   2   4   2   3   1
  1   1   1   6   1   1 0.10 0.24 0.24 0.80   0   0   0   0   2   2   3   4   1
  1   1   3  10   1   1 0.12 0.26 0.24 0.82   0   0   0   0   2   1   3   2   4
  1   1   4   4   1   2 0.22 0.28 0.20 0.54   0   0   0   0   2   1   4   2   3
  1   1   4   0   0   2 0.22 0.28 0.22 0.56   1   1   1   1   2   3   2   4   1
  1   1   1   6   1   1 0.12 0.26 0.26 0.82   0   0   0   0   2   1   2   4   3
  1   1   5   0   0   1 0.14 0.28 0.26 0.84   0   1   1   1   2   4   3   1   2
  1   1   3  10   1   1 0.14 0.24 0.22 0.80   0   0   0   0   2   1   4   2   3
  1   1   6   4   1   2 0.18 0.24 0.18 0.52   0   0   0   0   2   3   1   4   2
  1   1   3  10   1   1 0.16 0.24 0.22 0.80   0   0   0   0   2   2   1   4   3
  1   1   1   0   0   1 0.16 0.26 0.24 0.82   1   1   1   1   2   3   2   4   1
  1   1   4   0   0   2 0.18 0.24 0.18 0.52   1   1   0   1   3   1   4   3   2
  1   1   5  -8   1   1 0.12 0.22 0.20 0.78   0   0   0   0   3   1   4   2   3
  1   1   5 -10   1   1 0.12 0.22 0.20 0.78   0   0   0   0   3   3   1   2   4
  1   1   3  10   1   1 0.14 0.24 0.22 0.80   0   0   0   0   3   2   3   1   4
  1   1   5 -10   1   1 0.14 0.24 0.22 0.80   0   0   0   0   3   2   4   3   1
  1   1   3   0   0   1 0.16 0.26 0.24 0.82   0   0   1   0   3   1   3   4   2
  1   1   3   9   1   1 0.16 0.26 0.20 0.82   0   0   0   0   3   3   1   2   4
  1   1   1   3   1   1 0.18 0.28 0.20 0.84   0   0   0   0   3   1   3   4   2
  1   1   4  -6   1   2 0.14 0.20 0.20 0.48   0   0   0   0   3   1   4   3   2
  1   1   5 -10   1   1 0.18 0.28 0.22 0.84   0   0   0   0   3   4   1   2   3
  1   1   1  -6   1   1 0.20 0.30 0.22 0.86   0   0   0   0   3   2   4   3   1
  1   1   4  -5   1   2 0.14 0.20 0.20 0.48   0   0   0   0   4   1   3   4   2
  1   1   3  10   1   1 0.20 0.30 0.24 0.86   0   0   0   0   4   3   2   1   4
  1   2   1   0   0   1 0.22 0.32 0.24 0.88   0   0   1   0   1   3   2   4   1
  1   2   4   6   1   2 0.16 0.22 0.22 0.50   0   0   0   0   1   1   2   4   3
  1   2   2   0   0   2 0.16 0.22 0.22 0.50   0   0   1   0   1   3   2   1   4
  0   2  10  10   1   1 0.00 0.00 0.00 0.00   0   0   0   0   1   4   3   2   1
  1   2   5   0   0   1 0.22 0.32 0.20 0.88   1   1   0   0   1   1   2   3   4
  1   2   2   0   0   2 0.18 0.24 0.18 0.52   1   1   1   1   1   4   1   2   3
  1   2   2  -6   1   2 0.14 0.20 0.14 0.48   0   0   0   0   1   2   3   4   1
  1   2   3  10   1   1 0.18 0.28 0.20 0.90   0   0   0   0   1   1   3   4   2
  1   2   1   0   0   1 0.18 0.28 0.22 0.90   1   1   0   0   1   2   3   4   1
  1   2   6  10   1   2 0.14 0.20 0.14 0.48   0   0   0   0   1   2   1   4   3
  1   2   3  10   1   1 0.14 0.24 0.22 0.92   0   0   0   0   1   2   3   4   1
  1   2   6   0   0   2 0.16 0.22 0.16 0.50   1   1   0   0   1   3   1   4   2
  1   2   4   5   1   2 0.12 0.18 0.16 0.50   0   0   0   0   1   2   3   1   4
  1   2   3  10   1   1 0.14 0.24 0.24 0.92   0   0   0   0   1   3   4   1   2
  1   2   3  10   1   1 0.16 0.26 0.24 0.94   0   0   0   0   1   1   3   2   4
  1   2   1   6   1   1 0.16 0.26 0.26 0.94   0   0   0   0   1   2   4   3   1
  1   2   5   0   0   1 0.18 0.28 0.26 0.96   1   1   0   0   1   3   1   2   4
  1   2   4   0   0   2 0.12 0.18 0.18 0.52   0   0   1   0   1   4   2   1   3
  1   2   6   0   0   2 0.14 0.20 0.14 0.52   1   1   0   0   1   4   2   3   1
  1   2   3   0   0   1 0.14 0.24 0.28 0.96   1   1   1   0   1   3   4   1   2
  0   2   6  -6   1   1 0.00 0.00 0.00 0.00   0   0   0   0   1   1   3   4   2
  0   2   1  -7   1   1 0.00 0.00 0.00 0.00   0   0   0   0   1   2   1   3   4
  1   2   6   8   1   2 0.10 0.16 0.14 0.54   0   0   0   0   1   4   1   3   2
  0   2   9   9   1   1 0.00 0.00 0.00 0.00   0   0   0   0   1   2   1   4   3
  1   2   1   0   0   1 0.10 0.20 0.24 0.98   0   1   1   0   1   2   4   1   3
  0   2   2  -6   1   1 0.00 0.00 0.00 0.00   0   0   0   0   1   2   3   1   4
  1   2   4   2   1   2 0.10 0.16 0.16 0.54   0   0   0   0   1   2   4   3   1
  1   2   6   0   0   2 0.12 0.18 0.16 0.56   1   1   0   0   1   3   4   1   2
  1   2   5  -9   1   1 0.10 0.16 0.20 0.98   0   0   0   0   1   2   1   3   4
  1   2   1   0   0   1 0.12 0.16 0.20 1.00   0   0   1   0   1   4   2   1   3
  0   2   8   6   1   1 0.00 0.00 0.00 0.00   0   0   0   0   1   4   1   3   2
  1   2   2  -6   1   2 0.08 0.14 0.18 0.56   0   0   0   0   1   3   2   1   4
  1   2   5 -10   1   1 0.12 0.18 0.16 1.00   0   0   0   0   1   4   3   1   2
  1   2   4   0   0   2 0.08 0.14 0.18 0.58   0   0   0   1   1   1   3   4   2
  1   2   3  10   1   1 0.14 0.18 0.16 1.00   0   0   0   0   1   1   3   4   2
  1   2   4   0   0   2 0.10 0.16 0.20 0.54   0   0   1   1   1   1   3   2   4
  1   2   1   0   0   1 0.14 0.20 0.18 1.00   1   1   1   1   1   4   2   1   3
  1   2   5   0   0   1 0.10 0.16 0.14 0.96   1   1   1   1   1   1   4   2   3
  0   2   7   6   1   1 0.00 0.00 0.00 0.00   0   0   0   0   1   3   2   4   1
  0   2   4   8   1   1 0.00 0.00 0.00 0.00   0   0   0   0   1   4   3   2   1
  1   2   2   0   0   2 0.10 0.16 0.16 0.50   0   0   1   1   1   3   4   1   2
  1   2   2  -7   1   2 0.12 0.18 0.12 0.46   0   0   0   0   1   2   3   4   1
  1   2   5  -9   1   1 0.06 0.12 0.10 0.92   0   0   0   0   1   1   2   4   3
  0   2   3   8   1   1 0.00 0.00 0.00 0.00   0   0   0   0   1   3   2   1   4
  1   2   6   9   1   2 0.12 0.18 0.12 0.46   0   0   0   0   1   1   2   3   4
  0   2   5  10   1   1 0.00 0.00 0.00 0.00   0   0   0   0   1   2   3   1   4
  1   2   1   6   1   1 0.06 0.12 0.10 0.92   0   0   0   0   2   1   3   2   4
  1   2   2  -6   1   2 0.14 0.20 0.14 0.48   0   0   0   0   2   4   2   3   1
  1   2   5  -8   1   1 0.08 0.14 0.12 0.94   0   0   0   0   2   4   1   3   2
  1   2   2   0   0   2 0.14 0.20 0.14 0.48   1   1   1   0   2   1   4   2   3
  1   2   1   0   0   1 0.08 0.14 0.12 0.94   1   0   1   1   2   4   3   2   1
  1   2   6   9   1   2 0.10 0.16 0.10 0.50   0   0   0   0   2   2   4   3   1
  1   2   5   0   0   1 0.04 0.16 0.08 0.90   0   0   0   1   2   3   4   1   2
  1   2   4   5   1   2 0.10 0.16 0.10 0.50   0   0   0   0   2   4   2   3   1
  1   2   6   0   0   2 0.12 0.18 0.12 0.52   0   0   0   1   2   1   3   2   4
  1   2   3   0   0   1 0.04 0.16 0.08 0.86   0   0   0   1   2   1   4   2   3
  1   2   1   0   0   1 0.06 0.18 0.10 0.82   0   1   0   1   2   4   2   3   1
  1   2   6   8   1   2 0.12 0.18 0.12 0.48   0   0   0   0   2   2   1   4   3
  1   2   1   0   0   1 0.06 0.14 0.10 0.78   0   0   0   1   2   4   1   2   3
  1   2   4   0   0   2 0.14 0.20 0.14 0.48   0   0   0   1   2   4   1   2   3
  1   2   4   0   0   2 0.14 0.20 0.14 0.44   0   1   0   1   2   4   1   2   3
  1   2   1  -5   1   1 0.08 0.14 0.12 0.74   0   0   0   0   2   4   2   3   1
  1   2   5   0   0   1 0.08 0.16 0.12 0.74   0   1   0   1   2   4   2   3   1
  1   2   2   0   0   2 0.16 0.16 0.16 0.40   1   1   0   1   2   1   4   3   2
  1   2   2   0   0   2 0.12 0.12 0.16 0.36   0   0   1   1   3   3   1   4   2
  1   2   1  -7   1   1 0.10 0.12 0.14 0.70   0   0   0   0   3   4   1   2   3
  1   2   5  -9   1   1 0.10 0.12 0.14 0.70   0   0   0   0   3   3   2   1   4
  1   2   6   0   0   2 0.12 0.12 0.12 0.32   0   0   0   1   3   3   2   4   1
  1   2   3   0   0   1 0.12 0.14 0.16 0.72   0   0   0   1   3   4   2   3   1
  1   2   1   0   0   1 0.12 0.14 0.16 0.68   1   0   1   1   3   1   4   3   2
  1   2   1   0   0   1 0.08 0.16 0.12 0.64   0   0   0   1   3   2   1   4   3
  1   2   4   0   0   2 0.14 0.14 0.12 0.28   0   0   0   1   3   3   1   2   4
  1   2   4   0   0   2 0.14 0.14 0.14 0.24   1   0   1   1   3   2   3   1   4
  1   2   5   0   0   1 0.08 0.16 0.12 0.60   0   0   0   1   3   3   4   2   1
  1   2   2   0   0   2 0.10 0.16 0.10 0.20   0   0   0   1   3   1   4   2   3
  1   2   2   0   0   2 0.10 0.16 0.10 0.16   0   0   0   1   4   1   3   2   4
  1   2   6   8   1   2 0.12 0.18 0.12 0.12   0   0   0   0   4   4   1   2   3
  1   2   3   0   0   1 0.10 0.18 0.14 0.56   0   0   0   1   4   3   4   1   2
  1   2   1   0   0   1 0.10 0.18 0.14 0.52   0   0   0   1   4   4   3   2   1
  1   2   1   0   0   1 0.12 0.20 0.16 0.48   0   1   0   1   4   2   1   4   3
  1   2   4   4   1   2 0.12 0.18 0.12 0.12   0   0   0   0   4   2   3   4   1
  1   2   4  -4   1   2 0.14 0.20 0.14 0.14   0   0   0   0   4   4   2   1   3
  1   2   5   0   0   1 0.12 0.16 0.16 0.44   0   0   0   1   4   4   3   1   2
  1   2   2   0   0   2 0.14 0.20 0.14 0.14   0   1   0   0   4   4   2   1   3
  1   2   2  -6   1   2 0.16 0.16 0.16 0.16   0   0   0   0   5   4   2   3   1
  1   2   3   9   1   1 0.14 0.16 0.18 0.40   0   0   0   0   5   4   2   1   3
  1   2   1  -4   1   1 0.14 0.18 0.18 0.40   0   0   0   0   5   1   3   2   4
  1   2   1   0   0   1 0.16 0.18 0.20 0.42   0   0   0   1   5   4   1   3   2
  1   2   5   0   0   1 0.16 0.20 0.20 0.38   0   0   0   1   5   4   3   2   1
  1   2   2  -8   1   2 0.16 0.16 0.16 0.16   0   0   0   0   5   4   2   3   1
  1   2   1   0   0   1 0.18 0.20 0.22 0.34   1   0   1   1   6   2   3   1   4
  1   2   5   0   0   1 0.14 0.22 0.18 0.30   0   1   1   1   6   3   1   4   2
  1   2   1  -7   1   1 0.14 0.18 0.14 0.26   0   0   0   0   7   3   2   4   1
  1   2   5 -10   1   1 0.16 0.18 0.14 0.26   0   0   0   0   7   3   1   2   4
  1   5   2   0   0   2 0.18 0.18 0.18 0.18   1   0   0   0   1   1   4   2   3
  0   5   9   9   1   1 0.00 0.00 0.00 0.00   0   0   0   0   1   2   4   1   3
  1   5   4   0   0   2 0.14 0.18 0.18 0.18   1   1   1   0   1   3   2   4   1
  1   5   5   0   0   1 0.16 0.20 0.16 0.28   1   1   0   0   1   4   2   1   3
  1   5   4   0   0   2 0.10 0.14 0.14 0.20   1   0   0   0   1   3   4   1   2
  1   5   5   0   0   1 0.12 0.16 0.16 0.28   1   1   0   0   1   2   1   3   4
  1   5   3   0   0   1 0.08 0.12 0.18 0.30   1   1   0   1   1   3   4   2   1
  1   5   2   6   1   2 0.06 0.14 0.14 0.20   0   0   0   0   1   4   2   3   1
  1   5   3   8   1   1 0.04 0.08 0.18 0.26   0   0   0   0   1   3   4   2   1
  1   5   1   0   0   1 0.04 0.08 0.20 0.26   1   0   1   1   1   1   3   2   4
  0   5   8  -6   1   1 0.00 0.00 0.00 0.00   0   0   0   0   1   1   4   3   2
  0   5   6   6   1   1 0.00 0.00 0.00 0.00   0   0   0   0   1   1   2   3   4
  0   5   5   7   1   1 0.00 0.00 0.00 0.00   0   0   0   0   1   2   4   3   1
  1   5   1   5   1   1 0.02 0.10 0.16 0.22   0   0   0   0   1   1   2   3   4
  0   5   3  -6   1   1 0.00 0.00 0.00 0.00   0   0   0   0   1   4   1   3   2
  1   5   3   6   1   1 0.02 0.10 0.16 0.22   0   0   0   0   1   2   3   1   4
  1   5   2  -8   1   2 0.06 0.16 0.16 0.22   0   0   0   0   1   2   3   1   4
  0   5   7   5   1   1 0.00 0.00 0.00 0.00   0   0   0   0   1   4   1   3   2
  1   5   5  -7   1   1 0.04 0.12 0.18 0.24   0   0   0   0   1   4   2   1   3
  1   5   3   9   1   1 0.04 0.12 0.18 0.24   0   0   0   0   1   4   3   1   2
  0   5   4   9   1   1 0.00 0.00 0.00 0.00   0   0   0   0   1   3   4   2   1
  1   5   2   0   0   2 0.08 0.16 0.16 0.22   1   1   1   1   1   2   4   3   1
  1   5   1   0   0   1 0.06 0.14 0.20 0.26   0   0   1   1   1   2   3   1   4
  1   5   4   0   0   2 0.04 0.12 0.12 0.18   1   0   1   1   1   3   4   2   1
  0   5   2   0   0   1 0.00 0.00 0.00 0.00   1   0   1   1   1   3   2   1   4
  1   5   4   0   0   2 0.02 0.12 0.08 0.14   1   1   1   1   1   4   1   3   2
  1   5   4   6   1   2 0.02 0.08 0.04 0.10   0   0   0   0   1   1   2   4   3
  1   5   4  -6   1   2 0.02 0.08 0.04 0.10   0   0   0   0   1   3   4   1   2
  1   5   1   0   0   1 0.06 0.14 0.16 0.22   0   0   1   1   1   3   2   4   1
  1   5   6   8   1   2 0.04 0.10 0.06 0.12   0   0   0   0   1   1   3   2   4
  1   5   6   7   1   2 0.04 0.10 0.06 0.12   0   0   0   0   1   4   1   3   2
  1   5   2  -7   1   2 0.06 0.12 0.08 0.14   0   0   0   0   1   4   1   2   3
  1   5   5  -8   1   1 0.08 0.16 0.12 0.18   0   0   0   0   1   2   3   1   4
  1   5   6   9   1   2 0.06 0.12 0.08 0.14   0   0   0   0   1   4   3   1   2
  1   5   6   6   1   2 0.08 0.14 0.10 0.16   0   0   0   0   1   1   4   3   2
  1   5   6  10   1   2 0.08 0.14 0.10 0.16   0   0   0   0   1   4   2   1   3
  0   5   1   5   1   1 0.00 0.00 0.00 0.00   0   0   0   0   1   3   1   2   4
  1   5   5  -7   1   1 0.08 0.16 0.12 0.18   0   0   0   0   1   1   4   3   2
  1   5   6   7   1   2 0.10 0.16 0.12 0.18   0   0   0   0   1   1   2   3   4
  1   5   5  -6   1   1 0.10 0.18 0.14 0.20   0   0   0   0   1   4   3   1   2
  1   5   2  -9   1   2 0.10 0.16 0.12 0.18   0   0   0   0   1   2   4   3   1
  0   5  10   9   1   1 0.00 0.00 0.00 0.00   0   0   0   0   1   3   1   4   2
  1   5   3   9   1   1 0.10 0.18 0.14 0.20   0   0   0   0   1   2   3   4   1
  1   5   3  10   1   1 0.12 0.20 0.16 0.22   0   0   0   0   1   1   3   2   4
  1   5   1   0   0   1 0.12 0.20 0.16 0.22   1   1   1   0   1   1   4   2   3
  1   5   1   0   0   1 0.08 0.16 0.12 0.24   1   1   1   1   1   3   1   4   2
  1   5   2   0   0   2 0.12 0.18 0.14 0.20   1   1   1   1   2   2   4   1   3
  1   5   4   0   0   2 0.08 0.14 0.10 0.16   1   0   1   1   2   3   2   4   1
  1   5   5   0   0   1 0.04 0.12 0.08 0.20   1   0   1   1   2   4   1   3   2
  1   5   4   0   0   2 0.04 0.14 0.06 0.12   0   0   1   1   2   4   2   1   3
  1   5   5  -8   1   1 0.02 0.12 0.04 0.16   0   0   0   0   2   2   4   3   1
  1   5   3   8   1   1 0.02 0.14 0.04 0.16   0   0   0   0   2   3   1   4   2
  1   5   1  -6   1   1 0.04 0.14 0.06 0.18   0   0   0   0   2   2   1   4   3
  1   5   2  -8   1   2 0.04 0.16 0.02 0.08   0   0   0   0   2   1   2   3   4
  1   5   1 -10   1   1 0.04 0.16 0.06 0.18   0   0   0   0   2   2   1   4   3
  1   5   4  -4   1   2 0.06 0.16 0.02 0.08   0   0   0   0   2   1   2   4   3
  0   5   2  -6   1   1 0.00 0.00 0.00 0.00   0   0   0   0   2   2   4   1   3
  1   5   4  -6   1   2 0.06 0.18 0.04 0.10   0   0   0   0   2   2   3   1   4
  1   5   1  -8   1   1 0.06 0.16 0.08 0.20   0   0   0   0   2   4   2   1   3
  1   5   1  -9   1   1 0.06 0.18 0.08 0.20   0   0   0   0   2   2   3   1   4
  1   5   1  -7   1   1 0.08 0.18 0.10 0.22   0   0   0   0   2   4   3   1   2
  1   5   2 -10   1   2 0.08 0.18 0.04 0.10   0   0   0   0   3   1   2   3   4
  1   5   4  -6   1   2 0.08 0.20 0.06 0.12   0   0   0   0   3   1   3   2   4
  1   5   5   0   0   1 0.08 0.20 0.10 0.22   0   1   1   1   3   4   2   3   1
  1   5   4   0   0   2 0.10 0.20 0.06 0.12   1   0   0   0   3   2   4   1   3
  1   5   5   0   0   1 0.10 0.16 0.06 0.18   1   1   1   1   4   2   3   1   4
  1   5   4   0   0   2 0.06 0.22 0.08 0.14   0   1   0   0   4   2   3   1   4
  1   5   5  -8   1   1 0.06 0.12 0.02 0.14   0   0   0   0   5   4   2   3   1
  1   5   4   2   1   2 0.06 0.18 0.08 0.14   0   0   0   0   5   3   2   4   1
  0   3   4   8   1   1 0.00 0.00 0.00 0.00   0   0   0   0   1   4   1   3   2
  1   3   4   3   1   2 0.08 0.18 0.10 0.16   0   0   0   0   1   4   2   3   1
  0   3   9   7   1   1 0.00 0.00 0.00 0.00   0   0   0   0   1   2   1   3   4
  1   3   4   3   1   2 0.08 0.20 0.10 0.16   0   0   0   0   1   4   1   3   2
  1   3   5   0   0   1 0.06 0.12 0.02 0.14   0   0   0   1   1   1   4   3   2
  0   3  10   8   1   1 0.00 0.00 0.00 0.00   0   0   0   0   1   4   1   3   2
  1   3   4   6   1   2 0.10 0.20 0.12 0.18   0   0   0   0   1   1   2   4   3
  1   3   5  -8   1   1 0.08 0.14 0.04 0.10   0   0   0   0   1   3   4   1   2
  1   3   3   8   1   1 0.08 0.14 0.04 0.10   0   0   0   0   1   2   3   1   4
  1   3   5  -9   1   1 0.10 0.16 0.06 0.12   0   0   0   0   1   2   4   3   1
  1   3   5   0   0   1 0.10 0.16 0.06 0.12   1   1   1   0   1   2   1   4   3
  0   3   5   0   0   1 0.00 0.00 0.00 0.00   0   0   1   0   1   2   3   1   4
  1   3   4   0   0   2 0.10 0.22 0.12 0.18   0   1   1   1   1   2   3   4   1
  1   3   5 -10   1   1 0.06 0.12 0.02 0.14   0   0   0   0   1   3   4   2   1
  0   3   7  -5   1   1 0.00 0.00 0.00 0.00   0   0   0   0   1   3   4   1   2
  1   3   1  -6   1   1 0.06 0.12 0.02 0.14   0   0   0   0   1   4   1   2   3
  1   3   3   0   0   1 0.08 0.14 0.04 0.16   0   1   0   0   1   3   4   1   2
  1   3   6   0   0   2 0.12 0.18 0.08 0.14   1   1   1   1   1   4   3   1   2
  1   3   3   0   0   1 0.08 0.10 0.04 0.16   1   1   1   1   1   2   3   4   1
  1   3   2   0   0   2 0.08 0.14 0.04 0.10   1   1   1   1   1   4   3   2   1
  1   3   2   0   0   2 0.04 0.10 0.02 0.06   1   1   1   1   1   1   4   3   2
  1   3   6   0   0   2 0.02 0.06 0.02 0.02   1   1   1   1   1   1   2   4   3
  1   3   1   0   0   1 0.04 0.06 0.02 0.12   1   0   1   1   1   1   4   3   2
  1   3   4   3   1   2 0.02 0.02 0.02 0.02   0   0   0   0   1   2   4   3   1
  1   3   5  -6   1   1 0.02 0.06 0.02 0.08   0   0   0   0   1   4   1   2   3
  1   3   6   0   0   2 0.02 0.02 0.02 0.02   1   1   1   0   1   2   1   3   4
  1   3   3   8   1   1 0.02 0.08 0.02 0.08   0   0   0   0   1   2   1   4   3
  1   3   6   8   1   2 0.02 0.02 0.02 0.04   0   0   0   0   1   4   2   3   1
  1   3   2  -8   1   2 0.02 0.02 0.02 0.04   0   0   0   0   1   4   2   1   3
  1   3   1  -6   1   1 0.04 0.08 0.04 0.10   0   0   0   0   1   3   4   1   2
  1   3   6   7   1   2 0.04 0.04 0.04 0.06   0   0   0   0   1   3   2   1   4
  0   3   2  -6   1   1 0.00 0.00 0.00 0.00   0   0   0   0   1   4   1   2   3
  1   3   2  -8   1   2 0.04 0.04 0.04 0.06   0   0   0   0   1   3   4   1   2
  0   3   1   0   0   1 0.00 0.00 0.00 0.00   1   1   1   0   1   3   2   4   1
  1   3   1   6   1   1 0.04 0.10 0.04 0.10   0   0   0   0   1   3   4   2   1
  0   3   6   5   1   1 0.00 0.00 0.00 0.00   0   0   0   0   1   1   4   3   2
  1   3   6   6   1   2 0.06 0.06 0.06 0.08   0   0   0   0   1   2   1   4   3
  1   3   3   7   1   1 0.06 0.10 0.06 0.12   0   0   0   0   1   2   1   3   4
  1   3   2  -6   1   2 0.06 0.06 0.06 0.08   0   0   0   0   1   4   1   3   2
  0   3   3  -8   1   1 0.00 0.00 0.00 0.00   0   0   0   0   1   2   4   1   3
  1   3   3   8   1   1 0.06 0.12 0.06 0.12   0   0   0   0   1   4   1   3   2
  1   3   1   3   1   1 0.08 0.12 0.08 0.14   0   0   0   0   1   4   2   3   1
  0   3   8   0   0   1 0.00 0.00 0.00 0.00   0   0   1   1   1   3   4   2   1
  1   3   2  -7   1   2 0.08 0.08 0.08 0.10   0   0   0   0   1   4   2   3   1
  1   3   1  -6   1   1 0.08 0.14 0.08 0.14   0   0   0   0   1   4   1   3   2
  1   3   4   5   1   2 0.08 0.08 0.08 0.10   0   0   0   0   1   2   4   3   1
  1   3   5   0   0   1 0.10 0.14 0.10 0.16   1   1   1   0   2   2   1   3   4
  1   3   5   0   0   1 0.06 0.10 0.06 0.16   1   1   0   0   2   1   3   2   4
  0   3   5   9   1   1 0.00 0.00 0.00 0.00   0   0   0   0   2   4   2   3   1
  1   3   4   0   0   2 0.10 0.10 0.10 0.12   0   0   1   0   2   4   3   1   2
  1   3   3   8   1   1 0.02 0.06 0.06 0.18   0   0   0   0   2   4   1   3   2
  1   3   6   7   1   2 0.10 0.10 0.06 0.12   0   0   0   0   2   1   2   3   4
  1   3   3   7   1   1 0.02 0.06 0.08 0.18   0   0   0   0   2   1   3   4   2
  1   3   2  -6   1   2 0.12 0.12 0.06 0.14   0   0   0   0   2   4   2   1   3
  1   3   2   0   0   2 0.12 0.12 0.08 0.14   1   1   1   1   2   3   1   4   2
  1   3   6   0   0   2 0.08 0.08 0.04 0.10   0   0   1   1   2   1   4   2   3
  1   3   1  -6   1   1 0.04 0.08 0.08 0.20   0   0   0   0   2   3   4   2   1
  1   3   6   0   0   2 0.08 0.08 0.02 0.06   0   0   1   0   2   1   2   4   3
  0   3   1   0   0   1 0.00 0.00 0.00 0.00   0   0   1   1   2   1   4   2   3
  0   3   8  -6   1   1 0.00 0.00 0.00 0.00   0   0   0   0   2   4   2   3   1
  1   3   5  -8   1   1 0.04 0.08 0.10 0.20   0   0   0   0   3   1   2   3   4
  1   3   5   0   0   1 0.06 0.10 0.10 0.22   0   0   1   1   3   3   2   4   1
  1   3   4  -6   1   2 0.10 0.10 0.02 0.06   0   0   0   0   3   3   2   1   4
  1   3   2  -7   1   2 0.10 0.10 0.02 0.08   0   0   0   0   3   3   1   2   4
  1   3   6   7   1   2 0.12 0.12 0.04 0.08   0   0   0   0   3   4   2   1   3
  1   3   6   0   0   2 0.12 0.12 0.04 0.10   1   0   0   0   3   4   2   1   3
  0   3   1   4   1   1 0.00 0.00 0.00 0.00   0   0   0   0   3   4   1   2   3
  1   3   5  -6   1   1 0.06 0.10 0.06 0.18   0   0   0   0   4   2   1   3   4
  1   3   6   8   1   2 0.08 0.14 0.06 0.10   0   0   0   0   4   2   1   4   3
  0   4   2   0   0   1 0.00 0.00 0.00 0.00   0   0   1   0   1   1   2   3   4
  1   4   6   0   0   2 0.08 0.14 0.06 0.12   0   0   1   1   1   3   2   1   4
  0   4   4   0   0   1 0.00 0.00 0.00 0.00   0   0   1   0   1   4   2   3   1
  1   4   1  -6   1   1 0.08 0.12 0.06 0.18   0   0   0   0   1   1   2   4   3
  1   4   6   0   0   2 0.10 0.16 0.02 0.08   0   0   1   1   1   2   3   1   4
  1   4   1  -6   1   1 0.08 0.12 0.08 0.20   0   0   0   0   1   1   3   2   4
  1   4   5  -7   1   1 0.10 0.14 0.08 0.20   0   0   0   0   1   4   1   3   2
  0   4   3   0   0   1 0.00 0.00 0.00 0.00   0   0   1   1   1   1   3   2   4
  1   4   5   0   0   1 0.10 0.14 0.10 0.22   1   1   1   1   1   1   2   4   3
  1   4   6   0   0   2 0.10 0.16 0.02 0.04   1   1   0   0   1   2   1   4   3
  1   4   2   0   0   2 0.06 0.12 0.02 0.04   1   1   1   1   1   3   1   2   4
  1   4   4   3   1   2 0.02 0.08 0.02 0.02   0   0   0   0   1   4   3   1   2
  1   4   6   0   0   2 0.02 0.08 0.02 0.02   1   1   0   0   1   1   3   4   2
  1   4   2   0   0   2 0.02 0.04 0.04 0.04   1   1   0   0   1   4   2   3   1
  1   4   5   0   0   1 0.06 0.10 0.06 0.18   1   1   1   1   1   2   1   4   3
  1   4   2   0   0   2 0.02 0.02 0.04 0.04   1   1   1   1   1   3   4   1   2
  1   4   4  -5   1   2 0.02 0.02 0.02 0.02   0   0   0   0   1   3   4   2   1
  1   4   5  -7   1   1 0.02 0.06 0.02 0.14   0   0   0   0   1   3   4   1   2
  1   4   2   0   0   2 0.02 0.02 0.02 0.02   1   1   0   0   1   3   1   2   4
  1   4   3   0   0   1 0.02 0.06 0.02 0.14   1   1   0   0   1   1   2   4   3
  1   4   5  -8   1   1 0.02 0.02 0.04 0.16   0   0   0   0   1   4   2   3   1
  1   4   5   0   0   1 0.02 0.02 0.04 0.16   1   1   0   0   1   4   1   2   3
  0   4   7   6   1   1 0.00 0.00 0.00 0.00   0   0   0   0   1   4   2   3   1
  1   4   2  -6   1   2 0.02 0.02 0.04 0.04   0   0   0   0   1   2   1   4   3
  1   4   3   7   1   1 0.02 0.02 0.06 0.18   0   0   0   0   1   3   2   1   4
  1   4   1  -6   1   1 0.02 0.02 0.06 0.18   0   0   0   0   1   2   4   3   1
  1   4   3   8   1   1 0.04 0.04 0.08 0.20   0   0   0   0   1   4   2   3   1
  0   4   1   0   0   1 0.00 0.00 0.00 0.00   1   1   0   0   1   4   1   3   2
  1   4   6   0   0   2 0.02 0.02 0.04 0.04   1   1   1   0   1   2   3   4   1
  1   4   1  -6   1   1 0.04 0.04 0.08 0.20   0   0   0   0   1   3   4   1   2
  0   4   5   8   1   1 0.00 0.00 0.00 0.00   0   0   0   0   1   4   3   1   2
  0   4   6   5   1   1 0.00 0.00 0.00 0.00   0   0   0   0   1   3   2   4   1
  1   4   3   0   0   1 0.06 0.06 0.10 0.22   1   1   1   1   1   3   4   2   1
  1   4   4   4   1   2 0.02 0.02 0.02 0.06   0   0   0   0   1   1   2   4   3
  1   4   6   7   1   2 0.02 0.02 0.02 0.06   0   0   0   0   1   3   4   1   2
  1   4   2   5   1   2 0.04 0.04 0.04 0.08   0   0   0   0   1   1   3   4   2
  0   4   8  -6   1   1 0.00 0.00 0.00 0.00   0   0   0   0   1   4   3   1   2
  1   4   3   7   1   1 0.02 0.02 0.06 0.18   0   0   0   0   1   2   1   3   4
  1   4   4   0   0   2 0.04 0.04 0.04 0.08   1   1   0   0   1   4   3   2   1
  1   4   4   0   0   2 0.02 0.02 0.06 0.10   1   0   1   1   1   2   1   3   4
  1   4   3   8   1   1 0.02 0.02 0.06 0.18   0   0   0   0   1   4   3   1   2
  0   4  10   9   1   1 0.00 0.00 0.00 0.00   0   0   0   0   1   2   1   4   3
  1   4   1  -7   1   1 0.04 0.04 0.08 0.20   0   0   0   0   1   3   2   1   4
  1   4   4  -6   1   2 0.02 0.02 0.02 0.06   0   0   0   0   1   3   4   2   1
  1   4   1   0   0   1 0.04 0.04 0.08 0.20   1   1   1   1   1   2   1   3   4
  0   4   9   0   0   1 0.00 0.00 0.00 0.00   1   1   0   0   1   3   4   2   1
  0   4   2   0   0   1 0.00 0.00 0.00 0.00   1   1   1   0   2   2   4   1   3
  1   4   6   7   1   2 0.02 0.04 0.02 0.06   0   0   0   0   2   3   1   2   4
  0   4   4   7   1   1 0.00 0.00 0.00 0.00   0   0   0   0   2   2   4   3   1
  1   4   6   8   1   2 0.04 0.04 0.04 0.08   0   0   0   0   2   3   1   2   4
  0   4   3  -7   1   1 0.00 0.00 0.00 0.00   0   0   0   0   2   3   1   4   2
  1   4   5   0   0   1 0.02 0.02 0.04 0.16   1   1   1   1   2   1   2   3   4
  1   4   6   8   1   2 0.04 0.06 0.04 0.08   0   0   0   0   2   2   3   4   1
  1   4   2  -8   1   2 0.06 0.06 0.06 0.10   0   0   0   0   2   3   1   2   4
  1   4   6   0   0   2 0.06 0.08 0.06 0.10   1   1   0   0   2   2   4   3   1
  1   4   2  -7   1   2 0.02 0.04 0.08 0.12   0   0   0   0   2   1   2   3   4
  1   4   5   0   0   1 0.02 0.02 0.02 0.12   1   0   0   0   2   3   2   1   4
  1   4   2  -6   1   2 0.02 0.04 0.08 0.12   0   0   0   0   2   2   3   4   1
  1   4   2  -6   1   2 0.04 0.06 0.10 0.14   0   0   0   0   2   2   4   1   3
  1   4   3   0   0   1 0.02 0.02 0.02 0.12   0   0   0   1   2   4   2   1   3
  1   4   5   0   0   1 0.02 0.04 0.04 0.08   0   0   0   1   2   2   1   3   4
  0   4   1   5   1   1 0.00 0.00 0.00 0.00   0   0   0   0   2   3   4   2   1
  1   4   6   8   1   2 0.04 0.06 0.10 0.14   0   0   0   0   2   1   4   2   3
  1   4   3   7   1   1 0.04 0.04 0.04 0.04   0   0   0   0   2   1   2   4   3
  1   4   4   0   0   2 0.06 0.08 0.12 0.16   0   0   1   1   2   1   2   4   3
  1   4   4   3   1   2 0.06 0.08 0.08 0.12   0   0   0   0   2   2   1   3   4
  1   4   1  -6   1   1 0.04 0.06 0.06 0.04   0   0   0   0   2   4   2   3   1
  0   4   9   6   1   1 0.00 0.00 0.00 0.00   0   0   0   0   2   2   4   1   3
  0   4   2  -6   1   1 0.00 0.00 0.00 0.00   0   0   0   0   3   4   1   2   3
  1   4   5  -8   1   1 0.06 0.06 0.06 0.06   0   0   0   0   3   3   1   4   2
  1   4   6   0   0   2 0.08 0.10 0.08 0.12   1   0   1   0   3   4   1   2   3
  1   4   5   0   0   1 0.06 0.08 0.08 0.06   0   0   1   1   3   2   1   4   3
  1   4   3   0   0   1 0.08 0.08 0.04 0.02   1   1   0   0   3   4   2   3   1
  1   4   5  -8   1   1 0.04 0.04 0.04 0.02   0   0   0   0   3   3   4   1   2
  1   4   4   3   1   2 0.04 0.10 0.04 0.14   0   0   0   0   3   1   4   2   3
  1   4   6   7   1   2 0.04 0.12 0.04 0.14   0   0   0   0   4   3   4   2   1
  1   4   5  -5   1   1 0.04 0.04 0.06 0.04   0   0   0   0   4   4   2   1   3
  1   4   3   7   1   1 0.06 0.06 0.06 0.04   0   0   0   0   4   4   1   2   3
