  0   4   1  -3   1   1 0.00 0.00 0.00 0.00   0   0   0   0   1   3   2   4   1
  1   4   4  -1   1   2 0.05 0.50 0.05 0.05   0   0   0   0   1   1   4   3   2
  1   4   5   0   0   1 0.50 1.00 0.50 0.50   0   0   1   1   1   1   2   4   3
  0   4   8  -5   1   1 0.00 0.00 0.00 0.00   0   0   0   0   1   2   3   4   1
  1   4   1   0   0   1 0.50 1.00 0.46 0.46   1   1   1   1   1   3   4   2   1
  1   4   1   0   0   1 0.46 0.96 0.42 0.42   0   0   0   1   1   4   2   3   1
  1   4   3   0   0   1 0.46 0.96 0.42 0.38   0   1   1   1   1   2   3   4   1
  1   4   5   0   0   1 0.48 0.92 0.38 0.34   0   0   0   1   1   4   3   2   1
  1   4   2  -2   1   2 0.05 0.50 0.05 0.05   0   0   0   0   1   4   2   3   1
  1   4   1   0   0   1 0.48 0.92 0.38 0.30   0   0   1   1   1   2   1   3   4
  0   4   9   8   1   1 0.00 0.00 0.00 0.00   0   0   0   0   1   2   3   4   1
  1   4   1   0   0   1 0.50 0.94 0.34 0.26   1   0   1   0   1   1   2   3   4
  0   4   3   0   1   1 0.00 0.00 0.00 0.00   0   0   0   0   1   1   3   2   4
  0   4   5   8   1   1 0.00 0.00 0.00 0.00   0   0   0   0   1   3   2   4   1
  1   4   2   0   1   2 0.07 0.52 0.07 0.07   0   0   0   0   1   4   1   3   2
  1   4   3   4   1   1 0.46 0.94 0.30 0.26   0   0   0   0   1   3   2   1   4
  1   4   6   0   0   2 0.07 0.52 0.07 0.07   0   0   0   0   1   2   3   1   4
  0   4   7   5   1   1 0.00 0.00 0.00 0.00   0   0   0   0   1   2   3   1   4
  1   4   1   0   0   1 0.46 0.96 0.30 0.28   0   1   0   1   1   3   4   2   1
  1   4   5   0   0   1 0.48 0.92 0.32 0.24   0   1   1   1   1   3   1   4   2
  0   4   4   8   1   1 0.00 0.00 0.00 0.00   0   0   0   0   1   4   2   1   3
  1   4   2   0   0   2 0.09 0.54 0.09 0.09   0   1   0   1   1   2   4   3   1
  1   4   2  -3   1   2 0.09 0.50 0.09 0.05   0   0   0   0   1   4   1   2   3
  1   4   3   0   0   1 0.48 0.88 0.28 0.20   1   1   1   0   1   2   4   1   3
  1   4   5   0   0   1 0.44 0.84 0.24 0.20   1   1   0   0   1   3   2   1   4
  1   4   3   0   0   1 0.40 0.80 0.24 0.22   0   1   0   0   1   1   4   3   2
  1   4   4   4   1   2 0.11 0.50 0.11 0.05   0   0   0   0   1   4   2   3   1
  1   4   3   0   0   1 0.40 0.76 0.26 0.22   0   0   1   1   1   4   2   3   1
  1   4   4   0   0   2 0.11 0.52 0.11 0.07   0   1   0   0   1   2   4   3   1
  0   4   6   0   0   1 0.00 0.00 0.00 0.00   0   0   0   1   1   2   3   1   4
  1   4   4   0   0   2 0.13 0.48 0.13 0.07   0   1   0   0   1   1   4   3   2
  1   4   4   1   1   2 0.13 0.44 0.13 0.09   0   0   0   0   1   1   4   3   2
  1   4   6   0   0   2 0.15 0.44 0.15 0.09   0   1   0   0   1   3   2   4   1
  1   4   5   0   0   1 0.42 0.76 0.22 0.18   1   0   1   0   1   1   3   4   2
  0   4  10   9   1   1 0.00 0.00 0.00 0.00   0   0   0   0   1   2   3   1   4
  1   4   6   0   0   2 0.15 0.40 0.15 0.11   1   1   1   0   1   4   1   3   2
  1   4   2   0   0   2 0.11 0.36 0.11 0.11   0   1   0   0   1   3   4   1   2
  1   4   1   0   1   1 0.38 0.78 0.18 0.18   0   0   0   0   1   4   3   2   1
  1   4   3   7   1   1 0.38 0.78 0.18 0.20   0   0   0   0   1   1   4   3   2
  1   4   4   0   0   2 0.11 0.32 0.11 0.13   0   1   0   0   1   3   2   1   4
  1   4   5   0   0   1 0.40 0.80 0.20 0.20   1   1   1   0   1   1   2   4   3
  1   4   6   7   1   2 0.13 0.28 0.13 0.13   0   0   0   0   1   4   2   3   1
  1   4   6   0   0   2 0.13 0.28 0.13 0.15   0   1   0   0   1   1   2   3   4
  1   4   2   0   0   2 0.15 0.24 0.15 0.15   0   1   0   1   1   2   1   3   4
  1   4   6   9   1   2 0.15 0.20 0.15 0.11   0   0   0   0   1   3   4   2   1
  0   4   2   0   0   1 0.00 0.00 0.00 0.00   0   1   0   1   1   3   4   1   2
  1   4   5   0   0   1 0.36 0.76 0.16 0.22   1   0   0   0   2   2   4   1   3
  1   4   1   0   0   1 0.32 0.76 0.16 0.22   1   1   1   1   2   2   1   3   4
  1   4   1   0   0   1 0.28 0.72 0.12 0.18   1   0   1   1   2   4   2   1   3
  1   4   3   0   0   1 0.24 0.72 0.08 0.14   1   0   1   1   2   3   2   1   4
  1   4   5   0   0   1 0.20 0.74 0.04 0.10   1   0   0   0   2   2   3   1   4
  1   4   1   1   1   1 0.16 0.74 0.04 0.10   0   0   0   0   2   1   2   4   3
  1   4   1   0   0   1 0.16 0.76 0.06 0.12   0   1   0   1   2   4   1   3   2
  1   4   6   0   0   2 0.17 0.20 0.17 0.11   1   1   1   1   2   1   4   3   2
  1   4   1   0   0   1 0.18 0.72 0.06 0.08   0   1   0   1   2   2   1   4   3
  1   4   5   0   0   1 0.18 0.68 0.08 0.04   1   1   1   0   2   1   3   2   4
  1   4   2  -2   1   2 0.13 0.16 0.13 0.07   0   0   0   0   2   4   2   3   1
  1   4   3   0   0   1 0.14 0.64 0.04 0.04   1   1   0   1   2   2   3   1   4
  1   4   5  -1   1   1 0.10 0.60 0.04 0.02   0   0   0   0   2   3   4   1   2
  1   4   3   7   1   1 0.10 0.60 0.06 0.02   0   0   0   0   2   4   1   2   3
  1   4   3   0   0   1 0.12 0.62 0.06 0.04   1   1   0   1   2   3   1   4   2
  1   4   4   0   0   2 0.13 0.16 0.13 0.07   0   1   0   1   2   2   4   3   1
  0   4   6  -6   1   1 0.00 0.00 0.00 0.00   0   0   0   0   2   4   1   2   3
  1   4   4  -2   1   2 0.15 0.12 0.15 0.03   0   0   0   0   2   4   1   3   2
  1   4   6   9   1   2 0.15 0.12 0.15 0.03   0   0   0   0   2   3   4   1   2
  1   4   5  -2   1   1 0.08 0.58 0.08 0.02   0   0   0   0   2   2   4   1   3
  1   4   6   8   1   2 0.17 0.14 0.17 0.05   0   0   0   0   2   3   1   2   4
  1   4   2   0   1   2 0.17 0.14 0.17 0.05   0   0   0   0   2   3   2   1   4
  1   4   4   9   1   2 0.19 0.16 0.19 0.07   0   0   0   0   2   3   1   4   2
  1   4   5  -4   1   1 0.08 0.58 0.08 0.02   0   0   0   0   2   2   4   1   3
  1   4   6   0   0   2 0.19 0.16 0.19 0.07   1   0   1   0   2   4   1   2   3
  1   4   2   0   0   2 0.15 0.18 0.15 0.09   1   1   1   0   2   3   4   1   2
  0   4   2  -5   1   1 0.00 0.00 0.00 0.00   0   0   0   0   2   4   3   2   1
  1   4   5   0   0   1 0.10 0.60 0.10 0.04   0   1   0   0   3   3   1   4   2
  1   4   1   0   1   1 0.10 0.56 0.10 0.04   0   0   0   0   3   3   2   1   4
  1   4   1   0   0   1 0.12 0.56 0.12 0.06   0   1   0   0   3   1   4   3   2
  1   4   3   0   0   1 0.12 0.52 0.12 0.06   0   1   0   0   3   3   1   2   4
  1   4   5   0   0   1 0.14 0.48 0.14 0.08   0   1   0   0   3   1   4   3   2
  1   4   1  -2   1   1 0.14 0.44 0.14 0.08   0   0   0   0   3   2   1   3   4
  1   4   6   9   1   2 0.11 0.14 0.11 0.09   0   0   0   0   3   3   4   2   1
  1   4   1   0   0   1 0.16 0.44 0.16 0.10   0   1   0   0   3   4   1   3   2
  1   4   5  -4   1   1 0.16 0.40 0.16 0.10   0   0   0   0   3   1   2   4   3
  1   4   3   0   0   1 0.18 0.40 0.18 0.12   0   1   0   0   3   2   4   3   1
  1   4   3   1   0   1 0.18 0.36 0.18 0.12   0   1   0   0   3   2   1   4   3
  1   4   4   8   1   2 0.11 0.14 0.11 0.11   0   0   0   0   3   2   1   3   4
  1   4   6   8   1   2 0.13 0.16 0.13 0.11   0   0   0   0   3   3   2   1   4
  1   4   2  -2   1   2 0.13 0.16 0.13 0.13   0   0   0   0   3   3   1   2   4
  1   4   5  -3   1   1 0.20 0.32 0.20 0.14   0   0   0   0   4   1   3   4   2
  1   4   1  -2   1   1 0.20 0.32 0.20 0.14   0   0   0   0   4   4   2   1   3
  1   4   3  -2   1   1 0.22 0.34 0.22 0.16   0   0   0   0   4   3   1   4   2
  1   4   5   0   0   1 0.22 0.34 0.22 0.16   0   1   0   0   4   2   1   3   4
  1   4   1   0   0   1 0.24 0.30 0.24 0.18   0   1   0   0   4   1   4   2   3
  1   4   3   2   1   1 0.24 0.26 0.24 0.18   0   0   0   0   4   1   4   2   3
  1   4   3   7   1   1 0.26 0.26 0.26 0.20   0   0   0   0   4   4   2   3   1
  1   4   5   0   0   1 0.26 0.28 0.26 0.20   0   1   0   1   5   4   2   1   3
  1   4   1  -2   1   1 0.28 0.24 0.28 0.16   0   0   0   0   5   1   3   4   2
  1   4   5   0   0   1 0.28 0.24 0.28 0.16   0   1   0   1   6   1   3   4   2
  1   4   5   0   0   1 0.30 0.20 0.30 0.12   1   1   1   1   7   4   1   3   2
  1   4   5   0   0   1 0.26 0.16 0.26 0.08   1   0   1   0   8   1   4   2   3
  1   4   5   0   0   1 0.22 0.16 0.22 0.08   1   0   1   0   9   1   3   4   2
  1   4   5  -5   1   1 0.18 0.18 0.18 0.10   0   0   0   0  10   2   3   1   4
  1   3   5   0   0   1 0.18 0.18 0.18 0.10   0   1   0   1   1   4   1   2   3
  1   3   6   0   0   2 0.15 0.18 0.15 0.13   0   1   0   1   1   3   1   4   2
  1   3   2  -4   1   2 0.15 0.14 0.15 0.09   0   0   0   0   1   3   1   2   4
  0   3   4   4   1   1 0.00 0.00 0.00 0.00   0   0   0   0   1   1   2   4   3
  1   3   5   0   0   1 0.20 0.14 0.20 0.06   0   0   1   0   1   2   3   1   4
  1   3   3   5   1   1 0.20 0.14 0.16 0.06   0   0   0   0   1   4   3   2   1
  0   3   5   8   1   1 0.00 0.00 0.00 0.00   0   0   0   0   1   3   4   2   1
  0   3   1  -8   1   1 0.00 0.00 0.00 0.00   0   0   0   0   1   4   1   3   2
  1   3   4  -6   1   2 0.17 0.14 0.17 0.09   0   0   0   0   1   4   1   2   3
  1   3   4   3   1   2 0.17 0.16 0.17 0.11   0   0   0   0   1   4   3   2   1
  1   3   3   7   1   1 0.22 0.16 0.16 0.08   0   0   0   0   1   3   4   2   1
  1   3   4   0   0   2 0.19 0.16 0.19 0.11   0   0   1   0   1   1   4   2   3
  0   3   8  -6   1   1 0.00 0.00 0.00 0.00   0   0   0   0   1   2   4   3   1
  1   3   6   8   1   2 0.19 0.18 0.15 0.13   0   0   0   0   1   2   1   4   3
  1   3   6   0   0   2 0.21 0.18 0.15 0.13   0   1   0   1   1   4   3   1   2
  1   3   5   0   0   1 0.22 0.16 0.18 0.08   1   1   1   0   1   4   1   2   3
  1   3   4   0   0   2 0.21 0.14 0.17 0.09   0   1   0   1   1   4   2   3   1
  1   3   6  10   1   2 0.23 0.10 0.17 0.05   0   0   0   0   1   3   1   2   4
  1   3   6   0   0   2 0.23 0.10 0.19 0.05   1   0   1   0   1   3   1   4   2
  1   3   3   0   0   1 0.18 0.12 0.14 0.10   1   0   1   1   1   1   4   3   2
  1   3   2   0   0   2 0.19 0.12 0.15 0.07   0   1   0   1   1   4   2   1   3
  1   3   5  -2   1   1 0.14 0.12 0.10 0.06   0   0   0   0   1   2   1   3   4
  0   3   2  -6   1   1 0.00 0.00 0.00 0.00   0   0   0   0   1   1   3   4   2
  1   3   2   0   0   2 0.19 0.08 0.15 0.03   1   0   0   0   1   1   3   4   2
  1   3   4  -7   1   2 0.15 0.08 0.17 0.03   0   0   0   0   1   1   4   2   3
  1   3   1  -2   1   1 0.14 0.14 0.10 0.06   0   0   0   0   1   1   4   3   2
  1   3   5  -4   1   1 0.16 0.14 0.12 0.08   0   0   0   0   1   1   3   2   4
  1   3   1  -2   1   1 0.16 0.16 0.12 0.08   0   0   0   0   1   1   4   2   3
  1   3   1  -2   1   1 0.18 0.16 0.14 0.10   0   0   0   0   1   3   2   4   1
  1   3   1  -2   1   1 0.18 0.18 0.14 0.10   0   0   0   0   1   2   4   3   1
  1   3   2  -4   1   2 0.15 0.10 0.17 0.05   0   0   0   0   1   1   3   4   2
  0   3   3  -6   1   1 0.00 0.00 0.00 0.00   0   0   0   0   1   1   3   2   4
  1   3   2  -6   1   2 0.17 0.10 0.19 0.05   0   0   0   0   1   4   3   1   2
  1   3   3   0   0   1 0.20 0.18 0.16 0.12   0   1   0   1   1   1   4   3   2
  0   3   9  10   1   1 0.00 0.00 0.00 0.00   0   0   0   0   1   4   3   2   1
  0   3  10  10   1   1 0.00 0.00 0.00 0.00   0   0   0   0   1   1   3   2   4
  1   3   4  -8   1   2 0.17 0.12 0.19 0.07   0   0   0   0   1   2   1   3   4
  1   3   6  10   1   2 0.19 0.12 0.21 0.07   0   0   0   0   1   2   1   4   3
  1   3   3   3   1   1 0.20 0.14 0.16 0.08   0   0   0   0   1   2   4   3   1
  1   3   5  -6   1   1 0.22 0.14 0.18 0.08   0   0   0   0   1   1   4   2   3
  1   3   3   7   1   1 0.22 0.16 0.18 0.10   0   0   0   0   1   1   3   4   2
  1   3   1   0   0   1 0.24 0.16 0.20 0.10   1   0   1   1   1   3   4   2   1
  1   3   1   0   0   1 0.20 0.18 0.16 0.06   1   0   0   0   1   1   4   2   3
  0   3   6  -9   1   1 0.00 0.00 0.00 0.00   0   0   0   0   1   1   3   4   2
  1   3   2   0   0   2 0.19 0.14 0.21 0.09   0   0   1   0   1   2   4   1   3
  0   3   7  -9   1   1 0.00 0.00 0.00 0.00   0   0   0   0   1   4   2   3   1
  1   3   5  -3   1   1 0.16 0.18 0.16 0.06   0   0   0   0   2   2   3   4   1
  1   3   6  10   1   2 0.21 0.14 0.17 0.09   0   0   0   0   2   4   1   2   3
  1   3   5   0   0   1 0.16 0.20 0.18 0.08   1   0   1   1   2   3   4   1   2
  1   3   4   0   0   2 0.21 0.16 0.17 0.11   1   0   0   0   2   4   2   1   3
  1   3   6   0   0   2 0.17 0.16 0.19 0.11   1   0   1   0   2   3   2   4   1
  1   3   5   0   0   1 0.12 0.20 0.14 0.04   0   1   0   0   2   1   4   3   2
  1   3   4   0   0   2 0.13 0.18 0.15 0.13   1   0   1   0   2   4   3   1   2
  1   3   6   9   1   2 0.09 0.18 0.11 0.13   0   0   0   0   2   4   2   3   1
  1   3   3   0   0   1 0.12 0.16 0.14 0.04   0   1   1   0   2   4   2   3   1
  1   3   2   0   0   2 0.09 0.20 0.11 0.15   0   1   0   1   2   4   3   1   2
  1   3   2   0   0   2 0.11 0.16 0.13 0.11   0   1   0   1   2   1   2   3   4
  1   3   3   6   1   1 0.14 0.12 0.10 0.06   0   0   0   0   2   1   2   4   3
  1   3   1   0   0   1 0.14 0.12 0.10 0.06   1   0   1   0   2   2   4   1   3
  1   3   1  -2   1   1 0.10 0.14 0.06 0.08   0   0   0   0   2   1   3   2   4
  1   3   2   0   0   2 0.11 0.12 0.13 0.07   0   1   1   0   2   1   4   3   2
  1   3   5   0   0   1 0.10 0.14 0.06 0.08   0   1   0   1   3   4   3   2   1
  1   3   4   0   0   2 0.13 0.08 0.09 0.07   0   0   1   0   3   3   1   4   2
  1   3   6   9   1   2 0.13 0.08 0.05 0.09   0   0   0   0   3   2   4   3   1
  1   3   5  -4   1   1 0.12 0.10 0.08 0.04   0   0   0   0   3   4   1   2   3
  1   3   4  -6   1   2 0.15 0.10 0.05 0.09   0   0   0   0   3   4   2   3   1
  1   3   3   5   1   1 0.12 0.10 0.08 0.04   0   0   0   0   3   4   3   1   2
  1   3   2  -1   1   2 0.15 0.10 0.07 0.11   0   0   0   0   3   2   3   1   4
  1   3   2  -1   1   2 0.17 0.12 0.07 0.11   0   0   0   0   3   4   2   3   1
  1   3   1  -4   1   1 0.14 0.12 0.10 0.06   0   0   0   0   3   1   4   3   2
  1   3   2   0   0   2 0.17 0.12 0.09 0.13   0   1   0   1   3   3   4   2   1
  1   3   5   0   0   1 0.14 0.12 0.10 0.06   0   1   0   1   4   2   3   1   4
  1   3   4   0   0   2 0.19 0.08 0.09 0.09   1   0   0   0   4   3   4   1   2
  1   3   2   0   1   2 0.15 0.08 0.11 0.09   0   0   0   0   4   2   4   3   1
  1   3   5  -4   1   1 0.16 0.08 0.12 0.02   0   0   0   0   5   2   1   3   4
  1   3   4  -6   1   2 0.15 0.10 0.11 0.11   0   0   0   0   5   2   4   1   3
  1   1   1  -2   1   1 0.16 0.08 0.12 0.02   0   0   0   0   1   1   3   2   4
  1   1   1  -3   1   1 0.18 0.10 0.14 0.04   0   0   0   0   1   2   4   3   1
  1   1   2  -5   1   2 0.17 0.10 0.13 0.11   0   0   0   0   1   2   4   1   3
  0   1   9   9   1   1 0.00 0.00 0.00 0.00   0   0   0   0   1   4   2   3   1
  1   1   5   0   0   1 0.18 0.10 0.14 0.04   1   0   1   0   1   2   4   3   1
  1   1   6   0   0   2 0.17 0.12 0.13 0.13   1   0   0   0   1   4   1   3   2
  1   1   5  -3   1   1 0.14 0.12 0.10 0.06   0   0   0   0   1   2   3   1   4
  1   1   2  -3   1   2 0.13 0.12 0.15 0.13   0   0   0   0   1   1   2   4   3
  0   1   1  -6   1   1 0.00 0.00 0.00 0.00   0   0   0   0   1   4   3   1   2
  0   1   3  -4   1   1 0.00 0.00 0.00 0.00   0   0   0   0   1   1   3   4   2
  1   1   3   4   1   1 0.14 0.12 0.10 0.06   0   0   0   0   1   1   4   3   2
  1   1   6   9   1   2 0.13 0.14 0.15 0.15   0   0   0   0   1   4   1   3   2
  1   1   1   0   0   1 0.16 0.14 0.12 0.08   0   1   0   0   1   4   2   1   3
  1   1   6  10   1   2 0.15 0.14 0.17 0.15   0   0   0   0   1   1   4   2   3
  1   1   4   0   0   2 0.15 0.16 0.17 0.17   1   1   1   1   1   4   1   3   2
  0   1   4   8   1   1 0.00 0.00 0.00 0.00   0   0   0   0   1   4   1   3   2
  1   1   6   9   1   2 0.11 0.12 0.13 0.13   0   0   0   0   1   2   4   1   3
  1   1   5  -6   1   1 0.16 0.10 0.12 0.08   0   0   0   0   1   4   3   1   2
  0   1   7  -5   1   1 0.00 0.00 0.00 0.00   0   0   0   0   1   2   3   1   4
  0   1   6  -9   1   1 0.00 0.00 0.00 0.00   0   0   0   0   1   2   4   1   3
  1   1   4  -9   1   2 0.11 0.12 0.13 0.13   0   0   0   0   1   3   4   2   1
  1   1   5  -3   1   1 0.18 0.10 0.14 0.10   0   0   0   0   1   2   1   3   4
  1   1   3   0   0   1 0.18 0.12 0.14 0.10   1   0   1   0   1   4   3   1   2
  1   1   5  -4   1   1 0.14 0.12 0.10 0.12   0   0   0   0   1   4   2   3   1
  1   1   6   0   0   2 0.13 0.14 0.15 0.15   0   1   1   1   1   2   4   3   1
  1   1   5  -3   1   1 0.14 0.14 0.10 0.12   0   0   0   0   1   3   4   1   2
  1   1   4  -7   1   2 0.13 0.10 0.11 0.11   0   0   0   0   1   1   2   4   3
  0   1   5   8   1   1 0.00 0.00 0.00 0.00   0   0   0   0   1   3   4   2   1
  1   1   6   0   0   2 0.15 0.10 0.11 0.11   1   0   1   1   1   1   2   4   3
  1   1   1  -2   1   1 0.16 0.14 0.12 0.14   0   0   0   0   1   1   2   3   4
  1   1   3   5   1   1 0.16 0.16 0.12 0.14   0   0   0   0   1   3   4   1   2
  1   1   1  -1   1   1 0.18 0.16 0.14 0.16   0   0   0   0   1   2   3   1   4
  1   1   4   9   1   2 0.11 0.12 0.07 0.07   0   0   0   0   1   3   1   2   4
  0   1   8  -7   1   1 0.00 0.00 0.00 0.00   0   0   0   0   1   1   2   4   3
  1   1   3   8   1   1 0.18 0.18 0.14 0.16   0   0   0   0   1   2   4   1   3
  1   1   2  -2   1   2 0.11 0.12 0.07 0.07   0   0   0   0   1   3   4   2   1
  1   1   2  -3   1   2 0.13 0.14 0.09 0.09   0   0   0   0   1   4   1   2   3
  1   1   4  -7   1   2 0.13 0.14 0.09 0.09   0   0   0   0   1   3   1   4   2
  0   1  10  10   1   1 0.00 0.00 0.00 0.00   0   0   0   0   1   1   4   2   3
  1   1   3   0   0   1 0.20 0.18 0.16 0.18   0   1   1   1   1   3   1   4   2
  1   1   2  -4   1   2 0.15 0.16 0.11 0.11   0   0   0   0   1   2   3   4   1
  1   1   2  -4   1   2 0.15 0.16 0.11 0.11   0   0   0   0   1   4   1   2   3
  1   1   4   0   0   2 0.17 0.18 0.13 0.13   1   0   1   0   1   1   3   2   4
  0   1   2  -3   1   1 0.00 0.00 0.00 0.00   0   0   0   0   1   3   1   4   2
  1   1   3   0   0   1 0.20 0.14 0.12 0.14   1   1   1   0   1   1   3   4   2
  1   1   1   0   0   1 0.16 0.10 0.08 0.14   0   0   0   1   1   3   4   2   1
  1   1   5   0   0   1 0.16 0.10 0.08 0.10   1   0   0   0   2   2   3   4   1
  1   1   6   0   0   2 0.13 0.18 0.09 0.13   0   1   0   1   2   2   4   3   1
  1   1   1  -2   1   1 0.12 0.12 0.10 0.10   0   0   0   0   2   4   3   1   2
  1   1   4  -3   1   2 0.13 0.14 0.09 0.09   0   0   0   0   2   4   2   3   1
  1   1   3   4   1   1 0.12 0.12 0.10 0.12   0   0   0   0   2   2   1   4   3
  1   1   6   0   0   2 0.15 0.14 0.11 0.09   1   1   0   0   2   4   1   3   2
  1   1   6   4   1   2 0.11 0.10 0.11 0.11   0   0   0   0   2   3   4   2   1
  1   1   3   5   1   1 0.14 0.14 0.12 0.12   0   0   0   0   2   4   3   1   2
  1   1   4  -7   1   2 0.11 0.10 0.13 0.11   0   0   0   0   2   1   4   3   2
  1   1   3   7   1   1 0.14 0.14 0.12 0.14   0   0   0   0   2   4   1   3   2
  1   1   1   0   0   1 0.16 0.16 0.14 0.14   1   1   1   1   2   3   1   2   4
  1   1   5  -3   1   1 0.12 0.12 0.10 0.10   0   0   0   0   3   4   1   2   3
  1   1   6   8   1   2 0.13 0.12 0.13 0.13   0   0   0   0   3   2   3   4   1
  1   1   6   0   0   2 0.13 0.12 0.15 0.13   1   0   1   0   3   3   2   1   4
  1   1   1  -1   1   1 0.12 0.12 0.10 0.10   0   0   0   0   3   3   4   1   2
  1   1   6   0   0   2 0.09 0.14 0.11 0.15   0   1   0   1   4   1   3   2   4
  1   1   6   0   0   2 0.09 0.10 0.11 0.11   0   0   1   1   5   3   2   1   4
  1   1   6   9   1   2 0.11 0.10 0.07 0.07   0   0   0   0   6   1   4   3   2
  1   2   4  -3   1   2 0.11 0.12 0.07 0.07   0   0   0   0   1   4   3   2   1
  1   2   5  -4   1   1 0.14 0.14 0.12 0.12   0   0   0   0   1   4   1   2   3
  1   2   5   0   0   1 0.14 0.14 0.12 0.12   0   1   1   1   1   2   3   4   1
  1   2   3   0   0   1 0.16 0.10 0.08 0.08   0   0   0   1   1   1   2   3   4
  1   2   4  -6   1   2 0.13 0.12 0.09 0.09   0   0   0   0   1   1   4   3   2
  1   2   3   0   0   1 0.16 0.10 0.08 0.04   1   0   0   0   1   2   4   1   3
  1   2   3   5   1   1 0.12 0.12 0.10 0.04   0   0   0   0   1   2   1   4   3
  1   2   2   0   0   2 0.13 0.14 0.09 0.09   1   1   1   0   1   2   3   4   1
  1   2   2   0   0   2 0.09 0.10 0.05 0.11   0   1   0   1   1   4   1   3   2
  1   2   5   0   0   1 0.12 0.12 0.10 0.06   0   0   0   1   1   4   3   1   2
  1   2   3   0   0   1 0.14 0.14 0.12 0.02   0   1   1   0   1   2   1   3   4
  1   2   5  -4   1   1 0.14 0.10 0.08 0.02   0   0   0   0   1   1   3   2   4
  0   2   6  -8   1   1 0.00 0.00 0.00 0.00   0   0   0   0   1   4   1   3   2
  1   2   2  -2   1   2 0.09 0.06 0.05 0.07   0   0   0   0   1   4   1   2   3
  1   2   1   0   0   1 0.16 0.10 0.08 0.04   1   0   0   0   1   1   4   3   2
  0   2   5  -4   1   1 0.00 0.00 0.00 0.00   0   0   0   0   1   3   1   4   2
  1   2   1  -2   1   1 0.12 0.12 0.10 0.04   0   0   0   0   1   2   3   4   1
  1   2   4   0   1   2 0.11 0.06 0.07 0.07   0   0   0   0   1   2   4   3   1
  1   2   1   0   0   1 0.12 0.12 0.10 0.06   0   1   0   0   1   3   4   1   2
  0   2   9   7   1   1 0.00 0.00 0.00 0.00   0   0   0   0   1   1   3   2   4
  0   2   3   0   0   1 0.00 0.00 0.00 0.00   0   0   0   0   1   3   4   2   1
  1   2   6   8   1   2 0.11 0.08 0.07 0.09   0   0   0   0   1   4   1   2   3
  1   2   5  -8   1   1 0.14 0.08 0.12 0.06   0   0   0   0   1   1   3   4   2
  0   2  10  10   1   1 0.00 0.00 0.00 0.00   0   0   0   0   1   3   2   1   4
  1   2   1  -2   1   1 0.14 0.08 0.12 0.08   0   0   0   0   1   2   1   3   4
  1   2   2   0   0   2 0.13 0.08 0.09 0.09   1   0   0   1   1   1   4   3   2
  1   2   6   9   1   2 0.09 0.10 0.09 0.05   0   0   0   0   1   1   4   2   3
  1   2   4   0   0   2 0.09 0.10 0.11 0.05   0   0   1   0   1   3   1   2   4
  1   2   1   0   1   1 0.16 0.10 0.14 0.08   0   0   0   0   1   4   1   2   3
  1   2   6   0   0   2 0.11 0.12 0.07 0.07   1   1   0   0   1   4   2   3   1
  0   2   8  -7   1   1 0.00 0.00 0.00 0.00   0   0   0   0   1   2   3   1   4
  0   2   4   6   1   1 0.00 0.00 0.00 0.00   0   0   0   0   1   4   2   3   1
  1   2   4  -5   1   2 0.07 0.08 0.07 0.07   0   0   0   0   1   4   3   2   1
  0   2   7  -8   1   1 0.00 0.00 0.00 0.00   0   0   0   0   1   3   1   2   4
  1   2   6   0   0   2 0.07 0.08 0.09 0.09   0   0   1   1   1   4   2   3   1
  1   2   4  -8   1   2 0.09 0.10 0.05 0.05   0   0   0   0   1   2   1   3   4
  1   2   6   9   1   2 0.09 0.10 0.05 0.05   0   0   0   0   1   3   4   2   1
  1   2   2  -3   1   2 0.11 0.12 0.07 0.07   0   0   0   0   1   2   4   1   3
  1   2   1   0   0   1 0.16 0.10 0.14 0.10   1   0   1   0   1   4   2   3   1
  0   2   2  -4   1   1 0.00 0.00 0.00 0.00   0   0   0   0   1   4   2   3   1
  1   2   3   7   1   1 0.12 0.12 0.10 0.10   0   0   0   0   1   1   4   3   2
  1   2   3   3   1   1 0.12 0.12 0.10 0.12   0   0   0   0   1   2   1   3   4
  0   2   1  -6   1   1 0.00 0.00 0.00 0.00   0   0   0   0   1   4   3   2   1
  1   2   6   9   1   2 0.11 0.12 0.07 0.07   0   0   0   0   1   3   4   1   2
  1   2   2   0   0   2 0.13 0.14 0.09 0.09   1   1   0   1   1   4   3   2   1
  1   2   5  -4   1   1 0.14 0.14 0.12 0.12   0   0   0   0   1   3   2   4   1
  1   2   5   0   0   1 0.14 0.14 0.12 0.14   0   1   0   1   2   4   2   1   3
  1   2   3   0   0   1 0.16 0.10 0.14 0.10   0   1   1   1   2   4   3   2   1
  1   2   3   0   0   1 0.16 0.06 0.10 0.06   1   0   0   0   2   4   3   2   1
  1   2   2  -3   1   2 0.09 0.10 0.09 0.05   0   0   0   0   2   2   1   3   4
  1   2   2  -3   1   2 0.09 0.10 0.11 0.05   0   0   0   0   2   2   1   4   3
  1   2   5  -6   1   1 0.12 0.06 0.10 0.06   0   0   0   0   2   3   1   4   2
  1   2   3   0   0   1 0.12 0.08 0.12 0.08   1   0   1   0   2   3   2   4   1
  1   2   1  -5   1   1 0.08 0.08 0.08 0.08   0   0   0   0   2   2   4   1   3
  1   2   1   0   0   1 0.08 0.10 0.08 0.10   0   0   0   1   2   1   4   2   3
  0   2   3  -3   1   1 0.00 0.00 0.00 0.00   0   0   0   0   2   4   1   3   2
  1   2   2  -3   1   2 0.11 0.12 0.11 0.07   0   0   0   0   2   3   4   2   1
  1   2   4  -8   1   2 0.11 0.12 0.13 0.07   0   0   0   0   2   1   3   4   2
  1   2   6   9   1   2 0.13 0.14 0.13 0.09   0   0   0   0   2   4   2   3   1
  1   2   6   0   0   2 0.13 0.14 0.15 0.09   1   1   1   1   2   2   3   1   4
  1   2   1   1   1   1 0.10 0.10 0.10 0.06   0   0   0   0   2   4   2   3   1
  1   2   2  -3   1   2 0.09 0.10 0.11 0.05   0   0   0   0   2   4   1   3   2
  1   2   5  -5   1   1 0.10 0.12 0.10 0.06   0   0   0   0   3   2   4   3   1
  1   2   3   0   0   1 0.12 0.12 0.12 0.08   1   1   1   0   3   1   2   4   3
  1   2   3   6   1   1 0.08 0.08 0.08 0.08   0   0   0   0   3   2   1   4   3
  1   2   3   0   0   1 0.08 0.08 0.08 0.10   0   0   0   1   3   2   4   1   3
  1   2   1   2   1   1 0.10 0.10 0.10 0.06   0   0   0   0   3   1   3   2   4
  1   2   6   9   1   2 0.09 0.10 0.11 0.05   0   0   0   0   3   4   3   1   2
  1   2   3   6   1   1 0.10 0.10 0.10 0.06   0   0   0   0   4   1   3   2   4
  1   2   3   8   1   1 0.12 0.12 0.12 0.08   0   0   0   0   4   4   1   2   3
  1   5   5  -3   1   1 0.12 0.12 0.12 0.08   0   0   0   0   1   4   3   2   1
  1   5   1  -3   1   1 0.14 0.14 0.14 0.10   0   0   0   0   1   3   4   1   2
  1   5   3   7   1   1 0.14 0.14 0.14 0.10   0   0   0   0   1   2   4   3   1
  0   5   7  -8   1   1 0.00 0.00 0.00 0.00   0   0   0   0   1   1   4   2   3
  1   5   5   0   0   1 0.16 0.16 0.16 0.12   0   1   0   1   1   1   3   2   4
  1   5   4  -9   1   2 0.11 0.12 0.13 0.07   0   0   0   0   1   3   4   2   1
  0   5   6 -10   1   1 0.00 0.00 0.00 0.00   0   0   0   0   1   1   4   3   2
  1   5   3   0   0   1 0.16 0.12 0.16 0.08   0   0   0   1   1   3   1   2   4
  1   5   5   0   0   1 0.18 0.12 0.18 0.04   1   1   1   0   1   4   3   1   2
  1   5   2  -2   1   2 0.11 0.12 0.13 0.07   0   0   0   0   1   4   3   2   1
  0   5   2  -5   1   1 0.00 0.00 0.00 0.00   0   0   0   0   1   1   2   4   3
  1   5   2   0   0   2 0.13 0.14 0.15 0.09   0   1   1   0   1   4   1   3   2
  1   5   4   0   0   2 0.13 0.10 0.11 0.09   1   1   1   1   1   4   2   3   1
  0   5   5   7   1   1 0.00 0.00 0.00 0.00   0   0   0   0   1   3   4   2   1
  0   5   9   9   1   1 0.00 0.00 0.00 0.00   0   0   0   0   1   2   4   3   1
  1   5   3   6   1   1 0.14 0.08 0.14 0.04   0   0   0   0   1   1   2   4   3
  0   5   1  -7   1   1 0.00 0.00 0.00 0.00   0   0   0   0   1   3   2   1   4
  1   5   2  -1   1   2 0.09 0.06 0.07 0.05   0   0   0   0   1   2   1   3   4
  1   5   1   0   0   1 0.14 0.08 0.14 0.06   1   0   1   1   1   1   2   4   3
  1   5   1  -2   1   1 0.10 0.10 0.10 0.02   0   0   0   0   1   4   2   3   1
  1   5   1  -2   1   1 0.10 0.10 0.10 0.02   0   0   0   0   1   1   4   2   3
  0   5   8  -1   1   1 0.00 0.00 0.00 0.00   0   0   0   0   1   2   3   4   1
  0   5   3  -3   1   1 0.00 0.00 0.00 0.00   0   0   0   0   1   4   3   1   2
  1   5   6   7   1   2 0.09 0.06 0.07 0.05   0   0   0   0   1   4   2   3   1
  1   5   5   0   0   1 0.12 0.12 0.12 0.04   1   1   1   0   1   2   4   3   1
  1   5   6  10   1   2 0.11 0.08 0.09 0.07   0   0   0   0   1   4   2   3   1
  1   5   2  -2   1   2 0.11 0.08 0.09 0.07   0   0   0   0   1   2   4   3   1
  1   5   5  -7   1   1 0.08 0.08 0.08 0.04   0   0   0   0   1   3   1   4   2
  1   5   4   0   0   2 0.13 0.10 0.11 0.09   1   0   1   0   1   3   1   4   2
  1   5   6   9   1   2 0.09 0.10 0.07 0.09   0   0   0   0   1   1   4   3   2
  1   5   3   8   1   1 0.08 0.08 0.08 0.06   0   0   0   0   1   1   4   2   3
  0   5  10  10   1   1 0.00 0.00 0.00 0.00   0   0   0   0   1   3   1   4   2
  1   5   5  -3   1   1 0.10 0.10 0.10 0.06   0   0   0   0   1   1   4   3   2
  1   5   3   3   1   1 0.10 0.10 0.10 0.08   0   0   0   0   1   4   2   1   3
  1   5   4   0   0   2 0.09 0.12 0.07 0.11   0   0   0   1   1   3   4   2   1
  1   5   1   0   0   1 0.12 0.12 0.12 0.08   0   1   1   0   1   2   1   3   4
  1   5   2  -2   1   2 0.11 0.12 0.09 0.07   0   0   0   0   1   3   2   1   4
  1   5   4   0   0   2 0.11 0.14 0.09 0.07   1   1   0   0   1   1   4   2   3
  1   5   2   0   0   2 0.07 0.10 0.11 0.09   0   1   1   1   1   3   4   1   2
  1   5   1  -3   1   1 0.12 0.08 0.08 0.10   0   0   0   0   1   2   4   1   3
  0   5   4   5   1   1 0.00 0.00 0.00 0.00   0   0   0   0   1   2   3   4   1
  1   5   3   7   1   1 0.14 0.08 0.08 0.10   0   0   0   0   1   1   3   2   4
  1   5   6  10   1   2 0.07 0.06 0.07 0.05   0   0   0   0   1   2   3   1   4
  1   5   4  -7   1   2 0.09 0.06 0.07 0.05   0   0   0   0   1   2   3   1   4
  1   5   6   0   0   2 0.09 0.08 0.09 0.07   0   1   0   0   1   2   3   4   1
  1   5   6   9   1   2 0.11 0.04 0.09 0.07   0   0   0   0   1   4   3   1   2
  1   5   5   0   0   1 0.14 0.10 0.10 0.12   1   0   0   1   2   3   1   2   4
  1   5   3   8   1   1 0.10 0.10 0.10 0.08   0   0   0   0   2   3   2   4   1
  1   5   5   0   0   1 0.10 0.12 0.12 0.08   1   1   1   0   2   4   3   2   1
  1   5   2  -1   1   2 0.11 0.04 0.11 0.09   0   0   0   0   2   2   1   3   4
  1   5   4  -8   1   2 0.13 0.06 0.11 0.09   0   0   0   0   2   2   1   4   3
  1   5   1   0   0   1 0.06 0.08 0.08 0.10   0   0   0   1   2   1   4   2   3
  1   5   5   0   0   1 0.06 0.08 0.08 0.06   0   0   1   0   2   3   4   2   1
  1   5   4  -4   1   2 0.13 0.06 0.13 0.11   0   0   0   0   2   4   3   2   1
  1   5   4   0   0   2 0.15 0.08 0.13 0.11   1   0   1   1   2   2   4   1   3
  1   5   1   0   0   1 0.08 0.10 0.04 0.06   0   0   0   0   2   4   2   3   1
  1   5   4  -9   1   2 0.11 0.08 0.09 0.07   0   0   0   0   2   2   4   3   1
  1   5   2  -1   1   2 0.11 0.10 0.09 0.07   0   0   0   0   2   2   4   1   3
  1   5   6   8   1   2 0.13 0.10 0.11 0.09   0   0   0   0   2   3   1   2   4
  1   5   5  -7   1   1 0.08 0.10 0.04 0.08   0   0   0   0   3   1   4   3   2
  1   5   5  -3   1   1 0.10 0.12 0.06 0.08   0   0   0   0   3   3   4   1   2
  1   5   1  -1   1   1 0.10 0.12 0.06 0.10   0   0   0   0   3   1   2   4   3
  1   5   5  -2   1   1 0.12 0.14 0.08 0.10   0   0   0   0   3   4   2   3   1
  1   5   4  -5   1   2 0.13 0.12 0.11 0.09   0   0   0   0   3   1   4   3   2
  1   5   1   0   0   1 0.12 0.14 0.08 0.12   0   1   0   1   3   1   3   2   4
  1   5   1   0   0   1 0.14 0.10 0.10 0.08   1   0   0   0   4   3   1   4   2
  1   5   1   0   0   1 0.10 0.10 0.10 0.08   1   1   1   1   5   1   2   4   3
  1   5   1  -4   1   1 0.06 0.06 0.06 0.04   0   0   0   0   6   1   3   4   2
