  1   5   1  14   -4   0
  2   5   1  13    0   1
  3   5   1  11    4   0
  4   4   2   7    4   0
  5   5   1   3    5   0
  6   3   2  13    0   1
  7   4   2  14   -4   0
  8   3   1   3    5   0
  9   1   2  16    5   0
 10   4   1  11    0   1
 11   2   2   7    5   0
 12   2   1   5   -4   0
 13   5   2  14    0   1
 14   1   2  10    4   0
 15   5   2   8    0   1
 16   1   2   7    5   0
 17   1   1   8    5   0
 18   2   2  10   -5   0
 19   2   2   1   -2   0
 20   1   1   3    5   0
 21   5   1   1    5   0
 22   4   2  11    0   1
 23   1   2   4    0   1
 24   2   2   8    5   0
 25   4   1   8    5   0
 26   4   1   9    0   1
 27   3   2   8    5   0
 28   3   1  13    0   1
 29   5   2  11    0   1
 30   2   2  16    0   1
 31   3   1  11    0   1
 32   2   2   4    5   0
 33   5   1   9   -5   0
 34   4   2  16    5   0
 35   4   1   2    0   1
 36   2   1   1   -5   0
 37   3   2   9   -5   0
 38   4   2  15    5   0
 39   5   2  14   -5   0
 40   2   1  14    0   1
 41   3   2  15   -4   0
 42   4   2   1    0   1
 43   1   1   7    0   1
 44   1   1   3    0   1
 45   4   2  14   -5   0
 46   1   2   2   -5   0
 47   1   1   1    0   1
 48   4   2   3    0   1
 49   4   2   7    5   0
 50   4   2   5   -5   0
 51   3   1   7    5   0
 52   5   1   4    0   1
 53   2   1  12    0   1
 54   2   1   6   -6   0
 55   4   1   5   -5   0
 56   3   2   1   -5   0
 57   5   2  11    6   0
 58   1   1   3    0   1
 59   2   2   6    0   1
 60   3   2   7    5   0
 61   1   2  11    5   0
 62   1   1  11    0   1
 63   1   1  13  -10   0
 64   5   2   2   -6   0
 65   2   1  16    0   1
 66   4   2  13   -5   0
 67   5   1  15    5   0
 68   4   2   5   -5   0
 69   3   2  16   10   0
 70   5   2  15    5   0
 71   3   1   7    5   0
 72   2   1  10    0   1
 73   4   1  10   -8   0
 74   5   1   6   -5   0
 75   4   1   7    1   1
 76   3   2  10    0   1
 77   4   1   5   -8   0
 78   5   2  13   -7   0
 79   5   2   1   -5   0
 80   5   1  11    0   1
 81   1   1  12    0   1
 82   5   2  11    0   1
 83   1   1   2    0   1
 84   5   2  13   -5   0
 85   5   1  13    0   1
 86   5   1  14   -5   0
 87   1   2   9    5   0
 88   3   2   5   -5   0
 89   1   1   5    0   1
 90   2   2  11    5   0
 91   5   2  16    5   0
 92   3   2  13    5   0
 93   3   1  10   -5   0
 94   2   2   2    0   1
 95   1   1  14    0   1
 96   4   1   3    0   1
 97   5   1   8    5   0
 98   5   1  12    5   0
 99   5   2   6   -5   0
100   5   1  10    0   1
101   4   2  12    5   0
102   1   2  14   -5   0
103   2   1   4   10   0
104   4   2   1   -5   0
105   1   1   6  -10   0
106   5   1   4   10   0
107   5   1   5   -5   0
108   5   1   7    0   1
109   3   1  10    0   1
110   3   1   1   -5   0
111   5   1   1   -5   0
112   2   1   8    0   1
113   3   2   6   -5   0
114   4   2  14   -5   0
115   5   2  10  -10   0
116   5   1  16    0   1
117   2   1   7    0   0
118   2   1  11    0   1
119   4   2  13   -5   0
120   5   1   3    5   0
121   3   2   3    5   0
122   1   2  13   -5   0
123   1   1   9    0   1
124   3   2   5   -5   0
125   3   1  14   -5   0
126   2   1   3    5   0
127   2   2  12   10   0
128   5   2   4   10   0
129   5   1   2    0   1
130   4   2   7   10   0
131   2   2   9   -5   0
132   3   2  12   10   0
133   2   2   9    5   0
134   2   1  15    0   1
135   1   1  11    0   1
136   5   1  15    0   1
137   5   1  15    0   1
138   5   2  14   -5   0
139   1   1  10   -5   0
140   3   2  11    0   1
141   3   1   9    0   1
142   3   2  14  -10   0
143   1   2   6   -5   0
144   1   1  14   -5   0
145   3   1   8   10   0
146   2   1   9    5   0
147   5   2   4   10   0
148   5   2  12   10   0
149   1   1  13    0   1
150   2   2   2    0   1
151   3   1  11    5   0
152   1   1   1   -5   0
153   4   1   4    5   0
154   5   2  13    5   0
155   2   1  11    5   0
156   1   1   4   10   0
157   1   2   4   10   0
158   1   2  11    5   0
159   4   1  13    0   1
160   5   1  12    0   1
161   4   2  12   10   0
162   1   1  16    4   0
163   1   2  13    0   1
164   2   2   2    0   1
165   1   1  15   -2   0
166   4   1  16    4   0
167   5   1  11    4   0
168   2   1   9    6   0
169   2   1  13   -2   0
170   3   1  12    8   0
171   5   2   8    7   0
172   4   1  15   -3   0
173   2   2  15    2   0
174   4   2   8    0   1
175   1   2  12    8   0
176   3   2   8    7   0
177   4   2  11    6   0
178   1   2   3    5   0
179   5   1  10   -6   0
180   3   1  16    0   1
181   3   1  15    0   1
182   3   1  16    0   1
183   1   1   7    0   1
184   2   1  16    0   1
185   3   2   5   -7   0
186   4   2   8    6   0
187   5   1  14   -4   0
188   2   1   5   -3   0
189   4   2  10   -4   0
190   5   2  15   -2   0
191   2   2   5   -4   0
192   4   2   4    7   0
193   3   2   2   -2   0
194   1   2   2    0   1
195   2   2  11    0   1
196   5   1   3    0   1
197   4   1  10    0   1
198   3   2  15   -2   0
199   4   2  16    7   0
200   3   1   9   -4   0
201   4   2   2   -6   0
202   5   2  16    6   0
203   1   2   6   -7   0
204   2   1   8    6   0
205   4   1  12    7   0
206   3   1  14    0   1
207   5   2  12    0   1
208   3   1   6    0   1
209   3   1   5    0   1
210   5   2   3    4   0
211   4   1   8    6   0
212   5   2   6   -2   0
213   4   2   6   -4   0
214   2   1   6    0   1
215   1   2   5    0   1
216   3   1   9   -3   0
217   1   1   5   -2   0
218   4   1  11    0   1
219   3   2  14   -4   0
220   4   1  14   -6   0
221   2   2  16    6   0
222   3   2  15   -2   0
223   4   2  10   -7   0
224   2   1   9   -3   0
225   2   2   1   -4   0
226   5   2   7    5   0
227   2   2   9    0   1
228   1   2   9   -4   0
229   1   2   2  -10   0
230   1   1   4    0   1
231   3   1  10    0   1
232   1   2   3    4   0
233   5   1   5   -4   0
234   3   2   9   -6   0
235   4   1   2   -8   0
236   1   2   5   -4   0
237   5   2   5    0   1
238   1   2   1    0   1
239   3   2   9   -4   0
240   2   1  13    0   1
241   5   2  12    7   0
242   4   2  12    9   0
243   4   2  15    3   0
244   1   1  15    0   1
245   3   2   1    0   1
246   3   1   7    4   0
247   4   1   4    6   0
248   4   1   5   -5   0
249   4   2   4    6   0
250   4   1  15    0   1
251   2   1   8    0   1
252   5   2   9   -6   0
253   3   2  12    9   0
254   5   2   9    4   0
255   4   1  13   -4   0
256   3   2  14    0   1
257   5   2   2    0   1
258   2   1   4    0   1
259   2   2   5   -6   0
260   3   1  13   -4   0
261   5   2  16    0   1
262   2   1   2    0   1
263   1   1  13   -3   0
264   1   1  11    6   0
265   5   1   7    4   0
266   5   1   2   -8   0
267   3   1   6    0   1
268   4   1  14   -4   0
269   4   1   6   -6   0
270   1   1   9   -4   0
271   3   1   5   -6   0
272   4   2   6   -8   0
273   2   2   8    6   0
274   2   1  10    0   1
275   3   1  14    0   1
276   4   1   8    0   1
277   3   1   4    6   0
278   4   1   4    7   0
279   3   2  13    0   1
280   5   2   8    7   0
281   2   1   4    0   1
282   4   2   2   -6   0
283   2   2  15    2   0
284   4   2  16    0   1
285   1   2  11    6   0
286   1   1  14   -4   0
287   4   1   7    6   0
288   1   1   1    0   1
289   4   2   9   -3   0
290   5   2   3    4   0
291   2   1  14    0   1
292   3   2   8    7   0
293   2   2  15    4   0
294   3   1   6    0   1
295   5   2   3    5   0
296   4   1   7    6   0
297   5   1  16    6   0
298   3   2  12    6   0
299   3   2  10   -4   0
300   3   2   1   -5   0
301   4   1  14    0   1
302   1   2  16    5   0
303   1   1  15    0   1
304   4   1   1    6   0
305   1   2  14   -3   0
306   1   2  16    0   1
307   5   2   1    2   0
308   1   2   1    2   0
309   3   1   1    0   1
310   5   1   6    0   1
311   5   2  10   -5   0
312   2   1   7    6   0
313   1   1   5    0   1
314   2   1  14   -7   0
315   2   1   3    5   0
316   2   2   3    0   1
317   4   1  10   -4   0
318   3   2   2   -8   0
319   1   1   2    0   1
320   4   1   3    0   1
321   1   2  12    6   0
322   3   1  16    4   0
323   2   2   6    0   1
324   1   2  10    3   0
325   2   2   1    0   1
326   2   2   5    2   0
327   4   1   1    0   1
328   4   1   6   -5   0
329   3   1  15    0   1
330   3   1   4    6   0
331   1   2  12    8   0
332   5   1   4    7   0
333   4   1  15   -2   0
334   2   2   6   -6   0
335   4   2   3    3   0
336   1   2   4    0   1
337   4   1   9    0   1
338   3   2  10   -4   0
339   4   1   2   -8   0
340   5   1  16    4   0
341   4   2   6   -6   0
342   5   1   5   -7   0
343   5   1   6    0   1
344   1   2  15   -4   0
345   1   2  15   -4   0
346   3   2  16    0   1
347   1   1   7    0   1
348   2   1   6    0   0
349   5   2  10   -6   0
350   3   2   4    6   0
351   4   1   3    4   0
352   2   2  12    9   0
353   3   1   2    0   1
354   2   2  13   -3   0
355   3   2   4    0   1
356   5   1  10    0   1
357   2   1   3    0   1
358   1   1   4    4   0
359   1   1  10    0   1
360   4   1  12    9   0
361   4   2   1    0   1
362   2   2   3    6   0
363   1   2   8    8   0
364   5   2   9   -4   0
365   2   1  12    9   0
366   1   1   8    0   1
367   1   2   1   -4   0
368   2   2  10  -10   0
369   5   2   6   -8   0
370   5   2   7    7   0
371   5   1   2    0   1
372   3   1  12    0   1
373   4   1   1    0   1
374   4   2   8    7   0
375   5   1   9   -4   0
376   1   1  10   -4   0
377   4   1  16    3   0
378   2   2   4    7   0
379   4   2   5   -4   0
380   3   1   2    0   1
381   5   1   8    0   1
382   2   2   3    8   0
383   2   2   4    8   0
384   2   1   2    0   1
385   2   2  13    0   1
386   1   1  16    4   0
387   2   2   8    7   0
388   1   2  15    2   0
389   1   2   8    7   0
390   3   1   8    0   1
391   3   2   2   -7   0
392   5   1   9    0   1
393   3   2  11    4   0
394   3   2   7    6   0
395   3   1  15   -3   0
396   2   1  11    4   0
397   3   2   6   -6   0
398   4   1  13    0   1
399   1   1   6   -6   0
400   4   2   9    0   1
401   4   2  13   -6   0
402   3   2  11    5   0
403   1   1   9    0   1
404   4   1  11    0   1
405   1   1  12    0   1
406   1   2   7    3   0
407   2   1   7    4   0
408   4   1  12   10   0
409   4   2   9   -4   0
410   2   1  12    0   1
411   5   2   5    0   1
412   1   1   8    6   0
413   5   1  13   -2   0
414   3   1   2  -10   0
415   4   2  15   -2   0
416   4   1  16    3   0
417   2   2  14   -4   0
418   4   2   3    6   0
419   2   1  15   -2   0
420   1   2   3    6   0
421   2   2  14   -4   0
422   3   1  13    0   1
423   3   1   3    0   1
424   2   2  16    4   0
425   2   1  13   -4   0
426   3   1   1   -6   0
427   3   2   3    6   0
428   3   1  12   10   0
429   5   1  12    8   0
430   2   2   7    7   0
431   1   2  10   -6   0
432   1   1   6   -7   0
433   2   2  14   -6   0
434   3   2   6    0   1
435   3   2   7    0   1
436   3   1  11    0   1
437   3   1   8    0   1
438   5   2   4    0   1
439   5   2   7    0   1
440   1   1  16    6   0
441   4   2   2   -8   0
442   5   2   2   -8   0
443   5   2   1    0   1
444   3   1   4    8   0
445   4   2  10   -7   0
446   1   2  14   -4   0
447   2   1   1    0   1
448   1   2  13   -4   0
449   2   1  15    0   1
450   3   2   4    8   0
451   2   1  16    0   1
452   2   2   7    6   0
453   5   1   8    7   0
454   1   1   2   -6   0
455   2   1  10   -7   0
456   4   1   6    0   1
457   5   2   5    0   1
458   2   2  10    0   1
459   4   1   9    3   0
460   2   1   1    0   1
461   4   2   4    7   0
462   3   2   3    7   0
463   1   2   9   -4   0
464   5   2  15    2   0
465   5   1   7    6   0
466   5   1   1   -4   0
467   1   2   6   -6   0
468   3   2  16    4   0
469   2   2  12    9   0
470   1   2   5   -6   0
471   1   2   8    8   0
472   3   1   3    0   1
473   2   1   2   -8   0
474   1   1  12    0   1
475   2   2  11    5   0
476   2   1   5    0   1
477   4   2  11    7   0
478   2   2  13    0   1
479   3   1   5    0   1
480   1   2   7    7   0
