  1   2   2  13   -2   0
  2   3   2  10   -5   0
  3   3   1  10   -4   0
  4   3   1  16    6   0
  5   4   2   2   -6   0
  6   4   1  12   10   0
  7   4   2   5   -6   0
  8   2   1   4    0   1
  9   4   1  14   -5   0
 10   4   1  12    7   0
 11   1   1  15   -4   0
 12   5   2   5   -6   0
 13   4   1  10   -8   0
 14   2   2  14   -4   0
 15   3   1  15    0   0
 16   3   1  10   -4   0
 17   5   1  12    7   0
 18   2   2  10   -6   0
 19   4   1  10   -6   0
 20   1   1   7    5   0
 21   5   2   8    5   0
 22   5   1  11    3   0
 23   5   1   6   -7   0
 24   1   2   6    0   1
 25   1   1  12    6   0
 26   5   1  16    7   0
 27   3   1  12    9   0
 28   4   1   7    4   0
 29   1   1  10   -8   0
 30   1   2   4    0   1
 31   2   2   4    9   0
 32   1   2  15    2   0
 33   4   2  16    6   0
 34   2   1  12    0   1
 35   5   1  10   -7   0
 36   2   1  12    0   1
 37   4   1   6   -8   0
 38   1   2  11    0   0
 39   3   2  14   -6   0
 40   3   1  16    6   0
 41   2   1   8    0   1
 42   3   1  10   -8   0
 43   3   1  11    3   0
 44   3   2   6   -7   0
 45   1   2  16    4   0
 46   5   1  13    0   1
 47   3   2  11    3   0
 48   5   1   2   -9   0
 49   4   1   8    6   0
 50   2   1   8    0   1
 51   1   1  14   -4   0
 52   4   2   3    1   0
 53   4   1  16    0   1
 54   1   1   6    0   1
 55   2   1  15    0   1
 56   2   1  13    0   1
 57   4   2  12    0   1
 58   1   2   2   -7   0
 59   3   2  16    6   0
 60   4   2   2   -9   0
 61   5   1   2   -9   0
 62   4   2  14   -6   0
 63   1   2   9   -3   0
 64   2   1   5    0   1
 65   4   1  11    0   1
 66   2   2  14   -5   0
 67   1   1  15    0   1
 68   1   2   1   -4   0
 69   5   1   3    3   0
 70   3   1   9    0   1
 71   2   2   1   -2   0
 72   5   2  13    0   0
 73   3   2  12   10   0
 74   1   1   1   -3   0
 75   2   2   7    4   0
 76   2   1  15    0   1
 77   1   2   3    4   0
 78   1   1  13   -2   0
 79   4   1   1    0   1
 80   2   2   9   -6   0
 81   2   2  14   -6   0
 82   3   2   6   -9   0
 83   3   2   3    3   0
 84   3   2   5   -1   0
 85   5   2   5   -2   0
 86   3   1  11    0   1
 87   4   2   4    8   0
 88   3   1   6    0   1
 89   1   2  13   -1   0
 90   3   1  12    0   1
 91   5   1  13   -3   0
 92   5   2   1   -4   0
 93   4   1  10   -7   0
 94   5   1   8    0   1
 95   5   1   2  -10   0
 96   1   1  11    0   1
 97   1   1  16    0   1
 98   2   2   2   -9   0
 99   1   1   5    0   1
100   3   1   8    0   1
101   1   1   8    0   1
102   4   2   2   -8   0
103   2   2   9   -4   0
104   5   1  10    0   1
105   1   2   7    5   0
106   5   2  12    8   0
107   1   1  11    0   1
108   5   1   1    0   1
109   5   1   5   -3   0
110   4   1  13   -1   0
111   2   2  12    0   1
112   4   1   8    0   1
113   4   1   7    0   1
114   1   2   8    6   0
115   1   2  14   -4   0
116   3   2  12    9   0
117   4   1   9    0   1
118   3   2   4   10   0
119   3   2  13   -3   0
120   4   2   1   -5   0
121   5   2   1   -5   0
122   4   1  15    0   1
123   3   1   3    4   0
124   1   2   4    8   0
125   5   1  15    3   0
126   1   1   3    4   0
127   5   1   9   -5   0
128   4   2  11    5   0
129   2   1  13   -4   0
130   3   2  15    0   1
131   5   1   6    0   1
132   2   2  15    0   1
133   5   1   3    0   1
134   1   2   7    4   0
135   4   1   6    0   1
136   3   1   3    5   0
137   5   1  12    9   0
138   1   1   5    0   1
139   5   2  10   -8   0
140   1   1   1    0   1
141   2   2   6   -9   0
142   1   2   3    0   1
143   2   2  13    0   1
144   3   1   8    7   0
145   2   2   5   -4   0
146   4   1   5   -2   0
147   4   2   8    9   0
148   3   1  15    3   0
149   3   2   7    0   1
150   5   2   7    5   0
151   4   2   1   -5   0
152   1   1   1    0   1
153   4   2   7    0   1
154   4   2  13    0   1
155   3   1   2    0   1
156   3   1   7    4   0
157   5   2  12    7   0
158   5   1   5   -5   0
159   5   2   3    4   0
160   1   2   9   -4   0
161   5   1   8    0   1
162   3   2   8    6   0
163   2   2   6   -7   0
164   4   2  14   -6   0
165   2   1   9    0   1
166   2   2  15    3   0
167   2   1   8    8   0
168   2   1   1   -6   0
169   5   2   9   -2   0
170   1   2   6   -9   0
171   3   2   7    3   0
172   1   1  10    0   1
173   2   1   7    0   1
174   5   1  11    4   0
175   3   2   4    7   0
176   2   2   2   -7   0
177   3   2   3    3   0
178   4   2   4    7   0
179   2   1   2    0   1
180   1   2  12    9   0
181   2   2  15    1   0
182   2   2   4    8   0
183   1   1  10   -7   0
184   5   1   5   -2   0
185   4   1   3    3   0
186   2   2   4    7   0
187   1   2  13   -2   0
188   1   1   3    4   0
189   2   2   1   -3   0
190   3   1  14    0   1
191   5   2  14   -5   0
192   5   2   7    5   0
193   2   1   6   -8   0
194   5   1  16    8   0
195   4   1   3    4   0
196   5   2  16    6   0
197   5   2   6   -7   0
198   3   2  14   -4   0
199   5   2   9   -2   0
200   5   2   5   -1   0
201   4   1  14   -3   0
202   1   1  16    0   1
203   5   2   3    0   1
204   4   1   2    0   1
205   2   2  12   10   0
206   4   1   5    0   1
207   3   1  13    0   1
208   1   2  15    0   1
209   5   2   2   -8   0
210   4   1   2   -8   0
211   3   1   4    0   1
212   5   1   7    0   1
213   2   2   8    0   1
214   2   2   9    0   1
215   5   1  14   -4   0
216   4   2  13   -2   0
217   3   2   3    3   0
218   2   1   3    4   0
219   1   2  10   -7   0
220   2   2  10    0   1
221   2   2   8    6   0
222   2   1  11    0   1
223   2   1  16    0   1
224   3   2  11    2   0
225   3   2  15    3   0
226   3   2   8    6   0
227   3   1  14   -4   0
228   4   1   8    8   0
229   1   1   9    0   1
230   1   1  11    0   1
231   4   2   6  -10   0
232   4   2   7    7   0
233   4   1  14   -5   0
234   2   1   7    4   0
235   4   1   1   -2   0
236   1   2   1   -2   0
237   3   2  10   -5   0
238   1   2   7    0   1
239   1   1  14    0   1
240   5   2  10   -6   0
241   2   1   9   -2   0
242   3   1   5   -1   0
243   2   1  10    0   1
244   3   1   6    0   1
245   1   2  13    0   1
246   2   2   7    5   0
247   4   1   1   -3   0
248   5   1  13   -2   0
249   1   2   5   -3   0
250   3   1   7    5   0
251   1   2  12    9   0
252   3   1  13    0   1
253   4   2  13   -2   0
254   4   2   3    2   0
255   2   1  13   -4   0
256   4   2  12    8   0
257   4   1  16    8   0
258   5   2  14   -5   0
259   5   2   1   -7   0
260   3   2   5   -7   0
261   4   2  14   -8   0
262   4   1  13   -3   0
263   3   2   2   -9   0
264   3   1  12    9   0
265   1   1   7    0   1
266   4   2   3    0   1
267   4   1   9   -3   0
268   4   2  15    3   0
269   2   1  10    0   1
270   5   2  13    0   1
271   5   1   7    5   0
272   3   1   9   -2   0
273   1   1   2   -7   0
274   4   2   5   -3   0
275   1   1   9    0   1
276   1   2  14    0   1
277   5   1  10   -7   0
278   1   2   2  -10   0
279   3   1   3    5   0
280   3   1  11    0   1
281   2   2   5    0   1
282   5   1   4    0   1
283   4   1   6    0   1
284   2   2   1   -4   0
285   1   1  16    0   1
286   1   2  12    0   1
287   2   1   5    0   1
288   3   1   1    0   1
289   2   1   6   -8   0
290   4   2   8    6   0
291   4   2   6   -9   0
292   1   1   8    6   0
293   5   1   4    7   0
294   4   1  13    0   1
295   2   2   3    0   1
296   1   1   2    0   1
297   2   1   2   -9   0
298   2   1   5   -3   0
299   1   2  10   -8   0
300   3   1   4    8   0
301   5   1   1   -4   0
302   5   2   2   -9   0
303   3   1   8    7   0
304   1   2  16    4   0
305   4   1   4    7   0
306   4   2  10   -7   0
307   5   1  15    1   0
308   1   1   3    0   1
309   4   1  11    3   0
310   3   2   2   -6   0
311   1   2  11    0   1
312   2   1  16    0   1
313   3   2  11    0   1
314   1   1   8    0   1
315   4   1  15    0   1
316   2   1  12    0   1
317   2   1   6   -9   0
318   2   1   7    4   0
319   2   1  14    0   1
320   2   1  14    0   1
321   4   1  16    5   0
322   2   2   3    3   0
323   3   2  16    5   0
324   5   2   4    6   0
325   5   2   2   -6   0
326   1   1   7    0   1
327   5   1   6   -6   1
328   2   1   2   -6   0
329   1   2   8    8   0
330   4   2   6   -8   0
331   1   1  12    0   1
332   2   2   8    0   1
333   3   2  14   -4   0
334   5   2  16    6   0
335   2   2   3    5   0
336   4   2   4    6   0
337   5   1   9   -3   0
338   5   2   3    4   0
339   4   2  10   -5   0
340   4   2  12    0   1
341   4   2  16    5   0
342   1   1   9   -4   0
343   1   2   5   -5   0
344   5   1   9   -4   0
345   5   2   8    7   0
346   2   1  10   -6   0
347   4   1  11    3   0
348   1   1   6    0   1
349   4   2  11    2   0
350   3   1  15    3   0
351   5   1  12    9   0
352   5   2  10   -8   0
353   5   2   6   -8   0
354   3   1   9   -3   0
355   3   1   5   -2   0
356   5   2   4    7   0
357   1   2   4    6   0
358   1   2  11    5   0
359   1   2  10   -6   0
360   4   2   9   -3   0
361   2   2  11    3   0
362   2   1   4    7   0
363   2   2  11    4   0
364   1   1   6   -8   0
365   4   2   8    9   0
366   2   1  15    2   0
367   3   1   2  -10   0
368   2   2   2  -10   0
369   2   2  16    5   0
370   5   1   4    6   0
371   1   2   6   -8   0
372   2   1  11    0   1
373   4   1   2    0   1
374   3   2   9   -2   0
375   1   1  12    0   1
376   5   1   7    0   1
377   2   1   1    0   1
378   4   1  15    0   1
379   2   2  12    8   0
380   1   1  15    0   1
381   5   2  16    4   0
382   3   2  12    9   0
383   3   2   5   -5   0
384   5   2  11    0   1
385   4   2   9   -3   0
386   3   1  14    0   1
387   2   1  14    0   1
388   3   2   1   -5   0
389   3   2  13   -3   0
390   3   2   6   -8   0
391   5   1  14    0   1
392   5   1   1   -2   0
393   2   2  16    6   0
394   2   1   3    4   0
395   3   2   9   -4   0
396   3   2  15    0   0
397   1   2   2   -6   0
398   4   2  15    4   0
399   4   2  10   -8   0
400   1   1  14   -5   0
401   4   1   7    4   0
402   3   2  10   -7   0
403   2   1   1   -2   0
404   2   2   6   -7   0
405   5   1  15    0   0
406   4   2   7    0   1
407   3   1   7    4   0
408   3   2   7    3   0
409   1   1   2   -8   0
410   2   2   5   -3   0
411   5   2  15    0   0
412   2   2  10   -6   0
413   2   2  16    6   0
414   4   2  15    2   0
415   1   1   4    0   1
416   4   2   1    0   1
417   2   2  13   -4   0
418   4   2   5   -6   0
419   1   1  13   -3   0
420   3   2  13   -3   0
421   5   2  11    6   0
422   4   1   4    9   0
423   2   1  11    0   1
424   5   2   9   -6   0
425   3   2   8    8   0
426   5   2  14   -4   0
427   5   2  15    2   0
428   2   1   9   -2   0
429   4   1   4    6   0
430   5   1  14   -4   0
431   1   2  16    7   0
432   3   1   5   -2   0
433   4   1   3    0   1
434   5   2  15    0   0
435   1   2  14   -4   0
436   5   2   7    3   0
437   1   2   1   -3   0
438   4   2   9   -2   0
439   3   1   4    6   0
440   2   2   7    7   0
441   5   2  11    5   0
442   5   2   4    8   0
443   3   2   1   -7   0
444   3   1   6    0   1
445   5   1  16    0   1
446   1   1   4    0   1
447   5   1   3    0   1
448   5   1   8    0   1
449   2   1   4    0   1
450   2   2  11    0   1
451   4   2  11    3   0
452   3   1  13   -2   0
453   1   2   3    5   0
454   4   1   9    0   1
455   5   2   8    7   0
456   3   2  16    7   0
457   5   2   6   -7   0
458   3   2   4    9   0
459   5   1  11    4   0
460   1   1  13    0   1
461   2   1   3    0   1
462   4   1  12    9   0
463   3   1   1   -3   0
464   1   2  15    0   0
465   3   1  16    7   0
466   3   2   9   -8   0
467   1   2   8    7   0
468   1   2   9   -3   0
469   1   1   5   -2   0
470   3   1   2   -8   0
471   4   2  16    6   0
472   4   1   5    0   1
473   5   2  13    0   1
474   3   1   1   -6   0
475   5   2  12    9   0
476   3   2   2  -10   0
477   2   1  16    6   0
478   1   2   5   -2   0
479   1   1   4    0   1
480   3   2   1   -3   0
