  1   1   2  11    7   0
  2   3   1  15   -6   0
  3   2   2  16    7   0
  4   4   2   2   -5   0
  5   4   1  15    1   0
  6   2   2  10   -5   0
  7   3   2  13    0   1
  8   4   1  16    6   0
  9   1   1   1   -6   0
 10   4   2  13    0   1
 11   5   2   6   -6   0
 12   1   1   1    0   1
 13   5   1   9    0   1
 14   5   1   7    0   1
 15   4   2   1    5   0
 16   1   1  12    0   1
 17   2   2  15    0   0
 18   5   2  15    0   1
 19   2   1  13    0   1
 20   5   2  10    0   1
 21   3   2  14    0   1
 22   5   2  10    4   0
 23   2   1  12    0   1
 24   4   2  16    5   0
 25   5   2   8    0   1
 26   4   2  16    2   1
 27   1   1   3    0   1
 28   5   2   9    0   1
 29   4   2  12    0   1
 30   3   1  12    0   1
 31   5   2  13    0   1
 32   5   1  16    0   1
 33   5   2  14    0   1
 34   5   1  14    0   1
 35   4   2  11    6   0
 36   2   1   9    0   1
 37   3   2   9    0   1
 38   4   2   1    0   1
 39   2   2   7    5   0
 40   3   2   9    0   1
 41   3   2  12    0   1
 42   4   2  15    1   0
 43   3   2   5    2   0
 44   2   1  11    0   1
 45   1   1   8    0   1
 46   4   1   4    1   1
 47   4   1   9    0   1
 48   1   2   7    0   1
 49   1   1  15    2   0
 50   5   1  10    0   1
 51   3   1   3    0   1
 52   4   2  11    0   1
 53   3   1   4    0   1
 54   2   2   6   -5   0
 55   4   1   3    0   1
 56   4   1  12    7   0
 57   4   2   7    7   0
 58   5   2   6    1   1
 59   2   2   2    0   1
 60   2   1  16    0   1
 61   3   2   3   -1   1
 62   3   1   6    0   1
 63   5   2  12    6   0
 64   2   2   1    0   1
 65   3   2   3   -1   1
 66   1   1  13   -1   1
 67   5   1   8    0   1
 68   3   2   5    0   1
 69   4   2   8    0   1
 70   4   2   5    0   1
 71   5   1  15    0   1
 72   3   1  16    7   0
 73   3   1   5    0   0
 74   1   2   4    7   0
 75   3   2  14   -6   0
 76   4   2  12    6   0
 77   2   2   5    0   1
 78   2   1   8    0   1
 79   1   2  11    0   1
 80   4   2  10   -6   0
 81   5   2   4    4   0
 82   3   1  14    0   1
 83   4   1  13    0   0
 84   1   2  15    4   0
 85   4   1   6   -5   0
 86   5   2   7    6   0
 87   4   1  16    0   0
 88   2   1   4   -1   0
 89   4   2   7    5   0
 90   1   1   5    0   1
 91   5   1  13   -3   0
 92   3   2   8    0   1
 93   2   2  11    0   1
 94   2   2  13   -6   0
 95   3   1  11    0   1
 96   1   2  13   -6   0
 97   2   1   7    6   0
 98   3   1   9    0   1
 99   2   1   1    0   0
100   2   1  11    0   1
101   2   2   5    0   0
102   5   2  14   -6   0
103   4   2  14    0   1
104   5   1  12    6   0
105   5   1   6   -4   0
106   5   1  16    0   0
107   1   2  14   -5   0
108   1   1   8    0   1
109   5   1  12    6   0
110   2   2   7    0   1
111   2   2  10   -6   0
112   4   1  10    0   1
113   1   1   1    0   1
114   3   2  15   -1   0
115   3   2  16    4   0
116   5   2  15   -5   0
117   4   1  12    0   1
118   1   2   3    5   0
119   5   2  13   -5   0
120   5   1   1   -5   0
121   2   1   7    0   1
122   3   1  13   -5   0
123   3   2  12    6   0
124   1   1   9    0   1
125   4   1   9    0   1
126   1   1  15    0   1
127   2   2   6    0   1
128   4   2   2   -4   0
129   4   2   1   -5   0
130   5   1  11    0   1
131   3   2  11    5   0
132   3   2  12    0   1
133   1   1  10    0   1
134   1   2  10    0   1
135   1   2  16    5   0
136   5   1   8    8   0
137   4   2  13    0   1
138   3   1   1    0   1
139   3   2  10   -5   0
140   2   2   8    7   0
141   2   1   9    0   1
142   4   1  11    6   0
143   3   1   8    0   1
144   3   2  11    4   0
145   1   2  12    7   0
146   5   1   3    0   1
147   4   1   2    0   1
148   3   1  11    0   1
149   4   2  15    0   0
150   3   2  13   -6   0
151   2   1   8    5   0
152   3   1   6   -5   0
153   3   2   7    5   0
154   3   1   3    5   0
155   1   1   9    0   1
156   1   1  10    0   1
157   4   1  11    8   0
158   5   1  10    0   1
159   1   2  12    8   0
160   1   1  11    0   1
161   5   1  16    0   1
162   5   2   4    9   0
163   1   2   2   -5   0
164   2   2   1   -5   0
165   2   2   7    6   0
166   2   2   8    7   0
167   3   1  10    6   0
168   1   1  10    0   1
169   4   1   1   -4   0
170   4   1  10    1   1
171   5   2   3    0   0
172   5   1   5    0   1
173   4   1  14    0   0
174   1   2  10    0   1
175   3   2  10   -5   0
176   4   2  15    0   1
177   2   1  15    0   1
178   2   1  15   -5   0
179   5   2   8    0   1
180   5   2   7    0   0
181   4   2   5    0   0
182   3   1  16    6   0
183   4   1   7    5   0
184   1   2   3    5   0
185   5   2  12    6   0
186   5   1   8    7   0
187   4   1   7    6   0
188   5   1   5   -6   0
189   5   1  13    0   1
190   1   2  16    6   0
191   5   1   6    0   0
192   4   1   9   -5   0
193   1   1  11    0   1
194   1   1   3    0   1
195   2   2  16    5   0
196   4   1  16    0   1
197   1   2   1    0   0
198   4   1  11    0   1
199   3   2   7    6   0
200   3   2   6   -2   0
201   3   1  14   -4   0
202   5   2   1   -4   0
203   1   1  13    0   1
204   3   2  16    7   0
205   3   1  10   -5   0
206   2   1  10    0   1
207   5   2  16    0   1
208   5   2  10    0   0
209   3   2   9   -5   0
210   5   1   7    0   1
211   4   2   4    8   0
212   1   2   2   -6   0
213   2   2   4    7   0
214   5   1  11    0   1
215   3   1   3    0   0
216   5   1   9   -5   0
217   2   2  12    8   0
218   1   1   4    0   1
219   1   1   7    5   0
220   4   1   3    5   0
221   1   2  15    6   0
222   4   1  12    8   0
223   5   2   2   -7   0
224   1   1  14    0   1
225   1   1  12    1   1
226   5   2   1   -5   0
227   3   2  16    6   0
228   1   1  11    0   1
229   3   1   5   -2   1
230   3   1   2    0   0
231   5   1  13    0   0
232   2   2   3   -5   0
233   2   1   6    0   1
234   1   1  14    0   1
235   3   2   1   -7   0
236   2   2   2   -8   0
237   4   1  13    0   1
238   5   2   4    0   0
239   2   2  12    7   0
240   1   1   4    7   0
241   2   1   6   -6   0
242   4   1   5    0   1
243   1   2   5    0   1
244   1   1   4   -1   1
245   4   2   6    0   1
246   2   2   3    7   0
247   3   1   2    0   1
248   2   1   2    0   1
249   2   1  14   -2   1
250   3   1   8    0   1
251   4   2  14   -6   0
252   2   1  15    0   0
253   4   2  14   -5   0
254   3   2   8    6   0
255   4   1  10    0   1
256   1   2   8    7   0
257   1   1   2    0   1
258   2   1  13    0   1
259   1   1   3    0   1
260   5   2  16    7   0
261   5   2   1   -9   0
262   3   1   7    0   1
263   3   2   6   -7   0
264   5   1   7    7   0
265   1   1  16    0   1
266   3   2   5   -2   0
267   3   1   9   -3   0
268   4   1   6   -7   0
269   1   2  16    6   0
270   5   1  14    0   1
271   5   1  15    0   0
272   1   2   9   -5   0
273   4   1   2   -7   0
274   2   2  15    4   0
275   5   1   1   -6   0
276   1   2  10   -6   0
277   2   1   3    4   0
278   5   1  14   -7   0
279   3   1  11    6   0
280   4   2  10   -6   0
281   2   2  14   -6   0
282   2   1  14   -7   0
283   1   1  16    0   1
284   5   2  12    9   0
285   2   1  10    0   1
286   2   2   4    0   1
287   3   2  14   -8   0
288   5   2  13   -4   0
289   3   1  15    0   1
290   3   1  16    7   0
291   1   2   7    0   1
292   1   2  13   -8   0
293   1   1   6    0   1
294   5   2  11    9   0
295   1   2   8    0   1
296   2   1  16    8   0
297   1   2  12   10   0
298   3   2   6   -8   0
299   5   2   2   -7   0
300   5   1  15   -1   0
301   5   2   2   -7   0
302   4   1   8    8   0
303   5   1   3    6   0
304   3   2   2   -6   0
305   4   2   7    5   0
306   4   1  15    0   1
307   2   1  12    9   0
308   4   2   3    8   0
309   2   2  14   -8   0
310   3   1   6   -8   0
311   4   1   6    0   1
312   5   2  11    0   1
313   3   2  15   -2   0
314   1   2   7    8   0
315   2   2   9   -6   0
316   2   1  14   -5   0
317   2   2   5   -6   0
318   1   2  14   -5   0
319   2   1   4    7   0
320   1   2   9   -6   0
321   2   1  11    7   0
322   3   2   4    0   1
323   2   2  10   -6   0
324   2   2   2    0   0
325   3   1   7    5   0
326   3   1  13    0   1
327   3   1   7    5   0
328   3   1   5   -5   0
329   3   1  12    0   1
330   3   1  10   -5   0
331   2   2   3    0   1
332   1   2   2   -6   0
333   3   1   1   -5   0
334   5   1  10    0   1
335   1   1  16    7   0
336   4   1   5    0   1
337   4   1   5   -5   0
338   2   1   5   -4   0
339   3   2   2   -7   0
340   1   1  15    0   1
341   4   1  13   -3   0
342   1   2   3    3   0
343   1   1   2    0   1
344   4   2   9   -4   0
345   4   2   4    5   0
346   5   2  15    5   0
347   3   1   4    0   1
348   4   2   5    0   0
349   1   1  14   -7   0
350   4   1   8    6   0
351   1   2   6   -6   0
352   1   2  11    7   0
353   2   1   8    7   0
354   5   2   5   -6   0
355   1   2   6   -6   0
356   4   2   6   -9   0
357   2   1   2    0   1
358   4   1  15    0   1
359   4   2   8    7   0
360   5   1  12    0   1
361   4   2   6    0   1
362   5   2   9    0   1
363   4   2   9    0   1
364   1   2   4    0   0
365   1   2   1   -6   0
366   1   1   8    0   1
367   1   2   4    6   0
368   5   2   3    0   1
369   4   1  14    0   1
370   5   1   4    7   0
371   2   2  14   -6   0
372   4   1   8    7   0
373   2   1   1   -7   0
374   3   2   8    6   0
375   2   1   3    0   1
376   3   1  13   -4   0
377   2   2  12    0   0
378   5   1   2   -7   0
379   4   2  16    0   1
380   3   2  10   -7   0
381   1   2   8    8   0
382   4   2   3   -5   0
383   1   2   9   -7   0
384   5   2   7    3   0
385   2   1  13    0   1
386   1   2   5   -6   0
387   4   2   3   -3   0
388   5   1   3    2   0
389   4   1   7    0   1
390   3   2   1    2   0
391   1   1   2    0   1
392   4   2   9   -5   0
393   4   2  10   -6   0
394   4   1   4    7   0
395   3   1   1   -5   0
396   5   1   1    0   1
397   1   2   1   -6   0
398   1   2  14   -6   0
399   4   2  13   -7   0
400   4   1   1   -7   0
401   4   1   2   -6   0
402   3   2   2   -7   0
403   5   2   5    1   0
404   5   1   9    2   0
405   5   1   5   -5   0
406   1   1  12    7   0
407   1   1   7    1   0
408   2   1  10    0   1
409   1   1   5    0   0
410   2   2   8    6   0
411   2   2  11    5   0
412   3   2  11    7   0
413   1   1   6    0   1
414   2   2  13    2   0
415   2   2  13   -5   0
416   5   1   4    6   0
417   3   1   8    0   1
418   5   1   6    0   1
419   2   2   1   -4   0
420   3   1   4    0   1
421   3   2   4    8   0
422   1   1   9    0   1
423   4   1  14   -6   0
424   2   2  15    0   0
425   2   1   4    0   1
426   1   1   6   -6   0
427   4   1   3    0   1
428   3   1   9    0   1
429   3   1  15    0   1
430   4   2  12   10   0
431   2   1  12    0   1
432   3   1  14   -4   0
433   5   1   2   -8   0
434   5   2   8    7   0
435   5   2  14   -7   0
436   4   1   1   -6   0
437   3   2  15   -1   0
438   1   1   5    0   1
439   5   2   6    1   0
440   3   2   1    0   1
441   1   1  13    0   1
442   2   1   7    7   0
443   5   2   9    0   0
444   3   2   3    3   0
445   3   2   7    9   0
446   2   1   9    0   1
447   4   2   4    8   0
448   3   1  12    0   1
449   4   2   2   -9   0
450   2   1   5    0   1
451   2   2   6   -8   0
452   1   2  15    8   0
453   2   1   1    0   1
454   5   1   2   -8   0
455   1   2   6   -6   0
456   2   2   4    0   1
457   4   2  11    0   1
458   2   2   9   -9   0
459   2   2  16    9   0
460   2   1  16    0   1
461   3   2  13    0   1
462   2   2   9   -8   0
463   5   1   4    0   1
464   3   1   2    0   1
465   5   2  16    0   1
466   2   1   3    0   1
467   3   2   4    8   0
468   4   2   8    7   0
469   2   1   5    0   1
470   5   1  11    7   0
471   2   2  11    6   0
472   2   1   6    0   1
473   1   2   5    0   1
474   1   2  13   -2   0
475   5   2  11    4   0
476   5   2   5   -4   0
477   5   2   3   -3   0
478   4   1   4    0   1
479   2   1   2    0   1
480   1   1   7    6   0