  1   3   1  16    5   0
  2   4   2  13    0   0
  3   5   1  16    7   0
  4   2   1   9    0   1
  5   5   2   4    0   0
  6   3   2  14    0   1
  7   4   1  16    4   0
  8   4   1  16    0   1
  9   2   1  15    0   1
 10   1   2   3    0   1
 11   4   1  10  -10   0
 12   3   1   6    0   0
 13   4   2  16    0   0
 14   4   1  12    5   0
 15   3   2   5    0   0
 16   5   2   4    6   0
 17   1   1   6    0   1
 18   2   1  13   -4   0
 19   3   2   5    0   0
 20   3   1   1    0   1
 21   1   1   1    0   1
 22   1   2  13    0   1
 23   3   2   9    0   1
 24   2   1   7    0   1
 25   3   2   8    3   0
 26   5   2   3    0   0
 27   4   1   1    0   0
 28   5   1   8    0   1
 29   5   1   3    0   0
 30   4   2   1    0   0
 31   5   2   2    0   0
 32   4   2  16    8   0
 33   3   1   8    6   0
 34   3   2   7    0   1
 35   1   2   8   10   0
 36   5   1  11    3   0
 37   4   1  10    0   1
 38   1   2  10   -9   0
 39   4   1  15    0   1
 40   5   2   9    0   0
 41   3   1  10   -9   0
 42   2   1  11    3   0
 43   4   1   1    0   0
 44   1   2   5   -3   0
 45   1   1  11    3   0
 46   3   1   4    0   1
 47   2   1  16    3   0
 48   4   1   6    0   0
 49   1   1  16    3   0
 50   1   2   5   -2   0
 51   1   2   4    1   0
 52   5   2   8    7   0
 53   1   2   8    0   1
 54   3   2   3    0   0
 55   5   1   1    0   1
 56   4   1   5    0   0
 57   1   1  10  -10   0
 58   3   1   6   -5   0
 59   3   2   8    0   1
 60   1   2  15    0   0
 61   3   2   5   -5   0
 62   1   1  12    6   0
 63   1   1   8    0   1
 64   5   2  11    3   0
 65   4   2   9    2   0
 66   1   1   9    0   0
 67   5   2   2   -4   0
 68   3   2   7    5   0
 69   4   1  11    5   0
 70   1   1  15   -3   0
 71   4   1   4    5   0
 72   4   1   3    4   0
 73   2   1  14   -4   0
 74   2   2   3    0   0
 75   5   1   4    0   1
 76   2   1  11    0   1
 77   2   2  14   -6   0
 78   4   1  16    0   1
 79   5   2  14    0   0
 80   1   2  13    0   0
 81   2   1  12   10   0
 82   1   1   6   -1   0
 83   1   1  11    0   1
 84   4   1   5    0   1
 85   5   2   8    9   0
 86   5   2   9    0   1
 87   3   1   8    8   0
 88   5   1   4    9   0
 89   3   1  15    4   0
 90   5   2  10   -9   0
 91   1   2   1    0   0
 92   3   2   1    2   0
 93   2   2   5   -2   0
 94   3   1  13    0   0
 95   2   2  15    0   1
 96   5   1  16    9   0
 97   1   2  16    0   1
 98   1   1  14    0   1
 99   3   1  10    0   1
100   4   2   2    0   1
101   2   2   9    0   1
102   3   1  15    0   1
103   4   2  15    0   1
104   4   2  13   -3   0
105   3   2   6   -3   0
106   3   1  14    0   0
107   2   1  16    7   0
108   2   2  11    6   0
109   4   2   4    7   0
110   3   1   2   -3   0
111   3   2  12    0   1
112   4   1   9    0   1
113   1   2   7    0   1
114   4   2   6    3   0
115   4   1  15    0   1
116   4   2  10    0   1
117   2   1   1    0   0
118   3   2   9   -1   0
119   3   1  11    0   1
120   3   2   3    0   0
121   4   1   2   -1   0
122   4   1  11    7   0
123   4   1  14   -3   0
124   5   2   7    0   1
125   5   2   1   -2   0
126   4   1  13    0   1
127   1   2   6    0   1
128   2   2   6    0   0
129   2   1   2    0   1
130   1   2   9    0   1
131   1   1   1    0   0
132   2   2   4    5   0
133   3   1   9    3   0
134   1   1   3    0   1
135   1   2   2   -2   0
136   2   2  11    8   0
137   5   1   8    0   1
138   5   2   7    0   1
139   3   2   8    9   0
140   4   1   8    0   1
141   3   1   3    3   0
142   2   1   9    0   1
143   1   2  15   -1   0
144   4   2   8    0   1
145   2   2   7    5   0
146   1   2   8    6   0
147   5   1   6   -2   0
148   4   1   6   -2   0
149   2   1   4    4   0
150   1   1   6    1   0
151   1   1   3    0   1
152   1   1  11    0   1
153   3   2  13   -1   0
154   5   1  12   10   0
155   5   1   2   -4   0
156   5   2   6    0   1
157   2   1   7    0   1
158   2   2  16    0   0
159   3   2   6    0   1
160   5   2  15    0   1
161   2   1   2   -2   0
162   4   1   2   -5   0
163   3   1  14    0   1
164   1   2   4    0   1
165   3   1  16   10   0
166   5   1   7   10   0
167   2   2   1    0   1
168   3   1  14   -6   0
169   4   1   4    8   0
170   1   2  15   -1   0
171   4   2  14    0   1
172   5   2  11    6   0
173   4   2  10    0   1
174   3   1   1    0   0
175   2   2  13    0   1
176   5   2  13   -1   0
177   2   2   5   -6   0
178   3   1  11    3   0
179   5   2  10  -10   0
180   3   2  16    0   1
181   3   1   7    8   0
182   5   1  15   -1   0
183   3   1   5    0   1
184   5   2   1    0   1
185   1   2   2   -1   0
186   3   1   6    0   1
187   2   1   1    0   1
188   5   2  15    0   0
189   2   2  12   10   0
190   1   1  16   10   0
191   2   1   7    8   0
192   4   1  10    0   1
193   4   2   5    0   1
194   1   2  14   -1   0
195   5   2  16    7   0
196   1   1   2   -6   0
197   4   1   7    8   0
198   4   1  12   10   0
199   3   2  14   -6   0
200   1   2  16    0   1
201   3   1   2    0   1
202   4   1  13    0   1
203   3   1   3    0   0
204   5   2   3    0   0
205   2   2   3    0   1
206   5   1   8    9   0
207   5   1  12    9   0
208   2   2  15   -2   0
209   4   2  11    0   1
210   5   2   5   -6   0
211   3   1  13    0   1
212   3   2   2   -3   0
213   4   1   3    0   1
214   1   1  15    0   1
215   2   1   3    0   1
216   3   2   2    0   1
217   2   2   4    5   0
218   3   1   3    0   0
219   4   1   9    0   1
220   4   2   6    0   1
221   4   2   9    0   0
222   5   1   3    1   0
223   4   1   8   10   0
224   3   2   4   10   0
225   2   1   2    0   1
226   2   1  10  -10   0
227   5   1  11    0   1
228   2   2  12   10   0
229   3   2  15    2   0
230   1   1   8    9   0
231   4   2  16    0   1
232   5   2  14    0   1
233   5   2   5   -1   0
234   2   1  14   -2   0
235   3   2  11    0   1
236   3   2  15    0   1
237   1   1   7    7   0
238   4   2   8    7   0
239   3   2  15    0   1
240   1   1   9    1   1
241   1   1   4    0   1
242   5   1   5   -1   0
243   4   2   7    0   1
244   3   2  14   -1   0
245   1   1   5    0   1
246   4   1   9    0   0
247   2   2   9   -1   0
248   5   2  16    7   0
249   5   1  13   -3   0
250   2   2   7    9   0
251   2   1   8   10   0
252   3   1  15    0   1
253   5   1   3    0   1
254   5   2   7   10   0
255   3   1   7    8   0
256   5   1   2    4   0
257   1   2  16    7   0
258   4   2   3   -2   0
259   2   2   3   -2   0
260   3   2  10   -9   0
261   1   2  13    0   1
262   3   1   1    0   0
263   1   1  10  -10   0
264   1   2   9    0   1
265   2   1   3    0   1
266   2   1   6    0   1
267   4   1   6    0   1
268   3   1   5    0   1
269   3   1   9    0   1
270   4   2  12   10   0
271   1   2   4   10   0
272   2   1   5    0   1
273   4   1   1    0   1
274   5   1  15    4   0
275   1   1   3    0   0
276   5   1   1    0   0
277   4   2   7    9   0
278   5   1  13    0   1
279   2   2   4   10   0
280   4   2   1   -3   0
281   1   1   5    0   1
282   4   2   6   -8   0
283   3   1   2    0   1
284   4   2   1    0   1
285   4   2   2   -2   0
286   3   2  12   10   0
287   5   1   9    0   1
288   2   1   4   10   0
289   3   2  13   -4   0
290   1   2   5   -8   0
291   5   1  10    0   1
292   3   2  11    0   1
293   2   2   2    0   1
294   2   2  10   -5   0
295   5   1  16    7   0
296   2   1  14   -6   0
297   3   2  11    9   0
298   1   1  10    0   1
299   4   2  14    0   1
300   1   1  13   -5   0
301   3   1   5    0   1
302   1   1  13   -7   0
303   2   2  14    0   1
304   5   2  12   10   0
305   1   2   1   -1   0
306   5   1   5   -2   0
307   4   2   2   -3   0
308   1   1  12    0   1
309   3   2   7   -6   0
310   4   1   8    0   1
311   1   1   4   10   0
312   5   2   6    0   1
313   4   1   5   -7   0
314   3   2   3   -3   0
315   3   2  10  -10   0
316   2   2   1    0   0
317   5   2   4    0   1
318   1   1   2   -1   0
319   5   2  13    0   1
320   3   1  16    0   1
321   3   2  16    8   0
322   3   1  12   10   0
323   5   2  10  -10   0
324   5   2   8    0   1
325   5   1   1    0   1
326   5   2   3   -1   0
327   1   1  13    0   0
328   2   1  11    0   1
329   5   2  14   -4   0
330   4   2   4    0   1
331   4   2  15    0   1
332   5   1   2    2   0
333   4   1   2   -2   0
334   3   1  13    0   0
335   1   2   7    8   0
336   4   1   4   10   0
337   5   2   6    0   0
338   2   1  10   -7   0
339   2   1   5   -8   0
340   1   1   2    0   1
341   2   2   6   -7   0
342   3   1  11    0   1
343   1   2   6    0   0
344   3   2  10   -9   0
345   2   1  15    0   0
346   5   1   9    0   0
347   1   2   2   -1   0
348   4   2  14    0   0
349   5   2   2   -4   0
350   1   2   9    0   0
351   4   1  13    0   0
352   1   1  16    0   1
353   1   1   4    0   1
354   4   1  12    0   1
355   4   2   3    1   0
356   4   2  11    7   0
357   5   1  14    0   1
358   4   1  14   -3   0
359   5   2  12   10   0
360   3   2   2    0   0
361   3   1  12    0   1
362   4   2   9    0   0
363   1   2   3    0   1
364   5   1  14    0   0
365   5   2  15    4   0
366   2   2  10  -10   0
367   2   1   9    0   0
368   4   1   3    0   1
369   2   1  16    6   0
370   5   1   7   10   0
371   3   1   9    0   0
372   2   2   1   -2   0
373   5   1   6   -1   0
374   2   2  11    8   0
375   4   2   8   10   0
376   2   2   5    0   1
377   2   2  14   -1   0
378   4   2   5   -7   0
379   3   2   6   -8   0
380   1   1   1   -5   0
381   1   2  14    0   0
382   2   1   4    7   0
383   1   2  11   10   0
384   3   1  10   -9   0
385   2   2  15    0   0
386   5   1  10    0   1
387   1   1   8   10   0
388   5   1  11    0   1
389   5   2   5    0   1
390   3   2  13    0   0
391   1   1   5    0   1
392   2   2  13    0   0
393   5   2  11    0   1
394   1   1   9    0   0
395   5   1  12   10   0
396   1   2  14   -4   0
397   3   1   4    9   0
398   2   2   2   -2   0
399   2   2   9    0   0
400   2   2  16    9   0
401   5   1   9    0   0
402   2   1   8    0   1
403   5   1  13   -1   0
404   1   2   7   10   0
405   3   2   4    9   0
406   4   1   7    0   1
407   2   1  13    0   0
408   2   1   5    0   1
409   3   2   9    0   0
410   2   2  12    0   1
411   3   2   1    0   1
412   5   1   5    0   1
413   2   1  13    0   0
414   2   1   6    0   1
415   1   2   3    6   0
416   4   1   7    5   0
417   1   2  12   10   0
418   4   2   7   10   0
419   5   1   6   -7   0
420   1   2  11   10   0
421   4   1  11   10   0
422   4   2   5    0   1
423   2   2  10    0   1
424   4   2  13    0   1
425   2   1   6   -4   0
426   1   2  12   10   0
427   2   2  13    0   0
428   3   2  16   10   0
429   2   1  15    0   0
430   5   1  14   -8   0
431   2   1   1    0   1
432   5   2   9    0   0
433   3   1   7    0   1
434   1   1  14    0   1
435   1   2  10  -10   0
436   1   1   7   10   0
437   1   2  10   -7   0
438   2   2   2    0   0
439   4   2   3    9   0
440   4   2  10   -7   0
441   5   2  12   10   0
442   2   1  10    0   1
443   2   2   6    0   1
444   2   1  12    7   0
445   5   1  15    0   0
446   5   1   7   10   0
447   4   1  15    0   1
448   1   2   1    2   0
449   3   2   1    0   0
450   2   2   8   10   0
451   4   1  14   -1   0
452   3   1   4    8   0
453   2   2   8    9   0
454   2   1  12   10   0
455   2   1   8   10   0
456   4   2  15    2   0
457   4   2  11    5   0
458   4   2   4    7   0
459   5   2  16    7   0
460   1   2   6   -4   0
461   1   1  15    4   0
462   1   1   7    8   0
463   3   2  12    0   1
464   1   2  12   10   0
465   1   1  12    8   0
466   1   2  11    6   0
467   1   1  14    0   1
468   3   2   4    8   0
469   3   1  12    8   0
470   2   2   8   10   0
471   2   1   3    0   0
472   3   1   8    0   1
473   4   2  12   10   0
474   5   2  13   -6   0
475   4   2  12   10   0
476   2   2   7    6   0
477   5   1  10    0   1
478   5   2   1    0   1
479   5   1   4    4   0
480   2   2  16    0   0
