0.60 0.30 0.60 0.30 0 0 0 0
0.60 0.30 0.60 0.30 0 0 0 0
0.62 0.32 0.62 0.32 0 0 0 0
0.62 0.32 0.62 0.32 0 0 0 0
0.64 0.34 0.64 0.34 0 0 0 0
0.64 0.34 0.64 0.34 0 0 0 0
0.66 0.36 0.66 0.36 0 1 0 0
0.66 0.34 0.66 0.36 0 0 0 0
0.68 0.34 0.68 0.38 0 0 0 0
0.68 0.36 0.68 0.38 0 1 0 1
0.70 0.34 0.70 0.36 0 0 0 0
0.70 0.34 0.70 0.36 1 0 0 0
0.68 0.36 0.72 0.38 1 0 0 0
0.66 0.36 0.72 0.38 0 1 0 0
0.66 0.34 0.74 0.40 0 0 0 0
0.68 0.34 0.74 0.40 1 0 0 0
0.66 0.36 0.76 0.42 0 0 0 0
0.66 0.36 0.76 0.42 1 1 0 0
0.64 0.34 0.78 0.44 0 0 1 0
0.64 0.34 0.76 0.44 1 0 0 0
0.62 0.36 0.76 0.46 0 1 0 0
0.62 0.34 0.78 0.46 0 0 0 0
0.64 0.34 0.78 0.48 1 1 0 0
0.62 0.32 0.80 0.48 0 0 0 0
0.62 0.32 0.80 0.50 0 0 1 0
0.64 0.34 0.78 0.50 1 1 0 0
0.62 0.32 0.78 0.52 1 1 1 1
0.60 0.30 0.76 0.50 1 1 0 0
0.58 0.28 0.76 0.50 1 1 0 0
0.56 0.26 0.78 0.52 0 1 0 1
0.56 0.24 0.78 0.50 1 1 0 0
0.54 0.22 0.80 0.50 1 1 0 0
0.52 0.20 0.80 0.52 1 1 0 1
0.50 0.18 0.82 0.50 0 1 0 0
0.50 0.16 0.82 0.50 0 0 0 0
0.52 0.16 0.84 0.52 0 0 0 1
0.52 0.18 0.84 0.50 0 0 1 0
0.54 0.18 0.82 0.50 1 1 0 0
0.52 0.16 0.82 0.52 0 0 0 0
0.52 0.16 0.84 0.52 1 1 0 0
0.50 0.14 0.84 0.54 0 0 1 0
0.50 0.14 0.82 0.54 0 0 0 0
0.52 0.16 0.82 0.56 0 0 0 0
0.52 0.16 0.84 0.56 1 1 0 0
0.50 0.14 0.84 0.58 1 1 0 0
0.48 0.12 0.86 0.58 0 1 0 0
0.48 0.10 0.86 0.60 0 0 0 1
0.50 0.10 0.88 0.58 0 1 0 0
0.50 0.08 0.88 0.58 0 0 0 0
0.52 0.08 0.90 0.60 1 0 0 0
0.50 0.10 0.90 0.60 0 0 1 0
0.50 0.10 0.88 0.62 0 0 0 1
0.52 0.12 0.88 0.60 0 1 0 1
0.52 0.10 0.90 0.58 0 0 0 0
0.54 0.10 0.90 0.58 1 0 0 0
0.52 0.12 0.92 0.60 0 0 0 0
0.52 0.12 0.92 0.60 0 0 0 0
0.54 0.14 0.94 0.62 0 1 0 0
0.54 0.12 0.94 0.62 0 0 1 0
0.56 0.12 0.92 0.64 1 1 0 0
0.54 0.10 0.92 0.64 0 0 0 0
0.54 0.10 0.94 0.66 1 1 0 0
0.52 0.08 0.94 0.66 0 0 0 0
0.52 0.08 0.96 0.68 0 0 0 1
0.54 0.10 0.96 0.66 0 0 1 0
0.54 0.10 0.94 0.66 1 1 0 0
0.52 0.08 0.94 0.68 1 1 0 1
0.50 0.06 0.96 0.66 1 1 0 1
0.48 0.05 0.96 0.64 0 1 0 1
0.48 0.05 0.98 0.62 1 1 0 1
0.46 0.05 0.98 0.60 1 1 0 0
0.44 0.05 1.00 0.60 0 0 0 0
0.44 0.05 1.00 0.62 0 0 0 0
0.46 0.07 1.00 0.62 0 0 0 0
0.46 0.07 1.00 0.64 0 0 0 0
0.48 0.09 1.00 0.64 0 0 0 0
0.48 0.09 1.00 0.66 0 0 1 0
0.50 0.11 0.98 0.66 1 1 0 0
0.48 0.09 0.98 0.68 1 1 0 0
0.46 0.07 1.00 0.68 0 0 0 0
0.46 0.07 1.00 0.70 0 0 0 0
0.48 0.09 1.00 0.70 1 1 0 0
0.46 0.07 1.00 0.72 0 0 0 0
0.46 0.07 1.00 0.72 0 0 0 0
0.48 0.09 1.00 0.74 0 0 0 0
0.48 0.09 1.00 0.74 0 0 0 0
0.50 0.11 1.00 0.76 0 0 0 0
0.50 0.11 1.00 0.76 0 0 0 0
0.52 0.13 1.00 0.78 0 0 0 0
0.52 0.13 1.00 0.78 1 1 0 0
0.50 0.11 1.00 0.80 0 0 0 0
0.50 0.11 1.00 0.80 1 0 0 0
0.48 0.13 1.00 0.82 0 0 0 0
0.48 0.13 1.00 0.82 0 0 0 0
0.50 0.15 1.00 0.84 1 1 0 0
0.48 0.13 1.00 0.84 0 0 0 0
0.48 0.13 1.00 0.86 0 0 0 0
0.50 0.15 1.00 0.86 0 1 0 1
0.50 0.13 1.00 0.84 0 0 0 0
0.52 0.13 1.00 0.84 1 1 0 0
0.50 0.11 1.00 0.86 0 0 0 0
0.50 0.11 1.00 0.86 0 0 0 0
0.52 0.13 1.00 0.88 0 1 0 0
0.52 0.11 1.00 0.88 0 0 0 0
0.54 0.11 1.00 0.90 0 0 0 0
0.54 0.13 1.00 0.90 0 0 0 0
0.56 0.13 1.00 0.92 0 0 0 0
0.56 0.15 1.00 0.92 1 1 0 0
0.54 0.13 1.00 0.94 0 0 0 0
0.54 0.13 1.00 0.94 1 0 0 0
0.52 0.15 1.00 0.96 0 0 0 0
0.52 0.15 1.00 0.96 0 0 1 0
0.54 0.17 0.98 0.98 1 1 0 0
0.52 0.15 0.98 0.98 0 0 0 0
0.52 0.15 1.00 1.00 0 0 0 0
0.54 0.17 1.00 1.00 0 0 0 0
0.54 0.17 1.00 1.00 1 1 0 0
0.52 0.15 1.00 1.00 0 0 0 0
0.52 0.15 1.00 1.00 0 0 0 0
0.54 0.17 1.00 1.00 0 0 0 0
0.54 0.17 1.00 1.00 1 0 0 0
0.52 0.19 1.00 1.00 0 0 0 0
0.52 0.19 1.00 1.00 0 0 0 0
0.54 0.21 1.00 1.00 0 0 1 0
0.54 0.21 0.98 1.00 0 1 1 0
0.56 0.19 0.96 1.00 1 0 0 0
0.54 0.19 0.96 1.00 1 0 0 0
0.52 0.21 0.98 1.00 0 0 0 0
0.52 0.21 0.98 1.00 0 0 0 0
0.54 0.23 1.00 1.00 0 0 1 0
0.54 0.23 0.98 1.00 0 0 0 0
0.56 0.25 0.98 1.00 1 0 0 0
0.54 0.25 1.00 1.00 1 0 1 0
0.52 0.27 0.98 1.00 1 0 0 0
0.50 0.27 0.98 1.00 0 0 0 0
0.50 0.29 1.00 1.00 0 0 0 0
0.52 0.29 1.00 1.00 1 0 0 0
0.50 0.31 1.00 1.00 0 0 1 0
0.50 0.31 0.98 1.00 0 0 0 0
0.52 0.33 0.98 1.00 0 0 0 0
0.52 0.33 1.00 1.00 0 0 1 0
0.54 0.35 0.98 1.00 0 0 0 0
0.54 0.35 0.98 1.00 0 1 0 0
0.56 0.33 1.00 1.00 0 0 0 0
0.56 0.33 1.00 1.00 0 0 0 0
0.58 0.35 1.00 1.00 1 0 0 0
0.56 0.35 1.00 1.00 1 0 1 0
0.54 0.37 0.98 1.00 0 0 1 0
0.54 0.37 0.96 1.00 0 0 0 0
0.56 0.39 0.96 1.00 0 0 0 0
0.56 0.39 0.98 1.00 0 0 0 0
0.58 0.41 0.98 1.00 0 0 0 0
0.58 0.41 1.00 1.00 0 0 0 0
0.60 0.43 1.00 1.00 0 0 0 0
0.60 0.43 1.00 1.00 1 1 0 0
0.58 0.41 1.00 1.00 1 1 0 0
0.56 0.39 1.00 1.00 0 0 0 0
0.56 0.39 1.00 1.00 1 0 0 0
0.54 0.41 1.00 1.00 0 0 0 0
0.54 0.41 1.00 1.00 1 0 0 0
0.52 0.43 1.00 1.00 0 0 1 0
0.52 0.43 0.98 1.00 0 0 0 0
0.54 0.45 0.98 1.00 0 0 0 0
0.54 0.45 1.00 1.00 0 0 0 0
0.56 0.47 1.00 1.00 0 0 0 0
0.56 0.47 1.00 1.00 0 0 0 0
0.58 0.49 1.00 1.00 0 0 0 0
0.58 0.49 1.00 1.00 1 0 0 0
0.56 0.51 1.00 1.00 0 0 0 0
0.56 0.51 1.00 1.00 1 0 0 0
0.54 0.53 1.00 1.00 0 0 0 0
0.54 0.53 1.00 1.00 0 0 1 0
0.56 0.55 0.98 1.00 0 0 0 0
0.56 0.55 0.98 1.00 0 1 0 1
0.58 0.53 1.00 0.98 0 0 0 0
0.58 0.53 1.00 0.98 1 0 0 0
0.56 0.55 1.00 1.00 0 1 0 1
0.56 0.53 1.00 0.98 0 0 0 0
0.58 0.53 1.00 0.98 0 0 1 0
0.58 0.55 0.98 1.00 0 0 0 0
0.60 0.55 0.98 1.00 0 0 0 0
0.60 0.57 1.00 1.00 0 0 0 0
0.62 0.57 1.00 1.00 0 0 0 0
0.62 0.59 1.00 1.00 0 0 0 0
0.64 0.59 1.00 1.00 0 0 0 0
0.64 0.61 1.00 1.00 0 0 0 0
0.66 0.61 1.00 1.00 0 0 0 0
0.66 0.63 1.00 1.00 0 0 0 0
0.68 0.63 1.00 1.00 0 0 1 0
0.68 0.65 0.98 1.00 0 0 0 0
0.70 0.65 0.98 1.00 0 0 0 0
0.70 0.67 1.00 1.00 0 0 0 0
0.72 0.67 1.00 1.00 0 0 1 0
0.72 0.69 0.98 1.00 1 1 0 0
0.70 0.67 0.98 1.00 0 0 0 0
0.70 0.67 1.00 1.00 0 0 1 0
0.72 0.69 0.98 1.00 0 0 0 0
0.72 0.69 0.98 1.00 1 0 0 0
0.70 0.71 1.00 1.00 0 0 0 0
0.70 0.71 1.00 1.00 0 0 0 0
0.72 0.73 1.00 1.00 0 0 0 0
0.72 0.73 1.00 1.00 0 0 0 0
0.74 0.75 1.00 1.00 1 1 0 0
0.72 0.73 1.00 1.00 0 0 0 0
0.72 0.73 1.00 1.00 0 0 0 0
0.74 0.75 1.00 1.00 1 0 0 0
0.72 0.75 1.00 1.00 0 0 1 0
0.72 0.77 0.98 1.00 0 0 0 0
0.74 0.77 0.98 1.00 0 0 0 0
0.74 0.79 1.00 1.00 1 0 0 0
0.72 0.79 1.00 1.00 0 0 0 0
0.72 0.81 1.00 1.00 0 0 0 0
0.74 0.81 1.00 1.00 0 0 0 0
0.74 0.83 1.00 1.00 1 0 0 0
0.72 0.83 1.00 1.00 0 0 0 0
0.72 0.85 1.00 1.00 0 0 0 0
0.74 0.85 1.00 1.00 0 0 0 0
0.74 0.87 1.00 1.00 1 0 0 0
0.72 0.87 1.00 1.00 0 0 0 0
0.72 0.89 1.00 1.00 0 0 0 0
0.74 0.89 1.00 1.00 0 0 0 0
0.74 0.91 1.00 1.00 0 0 0 0
0.76 0.91 1.00 1.00 0 0 0 0
0.76 0.93 1.00 1.00 1 1 0 0
0.74 0.91 1.00 1.00 1 1 0 0
0.72 0.89 1.00 1.00 0 0 0 0
0.72 0.89 1.00 1.00 0 0 0 0
0.74 0.91 1.00 1.00 1 0 0 0
0.72 0.91 1.00 1.00 0 1 0 0
0.72 0.89 1.00 1.00 0 0 0 0
0.74 0.89 1.00 1.00 0 0 0 0
0.74 0.91 1.00 1.00 0 0 0 0
0.76 0.91 1.00 1.00 0 1 0 0
0.76 0.89 1.00 1.00 0 1 0 0
0.78 0.87 1.00 1.00 0 0 0 0
0.78 0.87 1.00 1.00 0 0 0 0
0.80 0.89 1.00 1.00 0 1 0 0
0.80 0.87 1.00 1.00 0 0 0 0
0.82 0.87 1.00 1.00 0 0 0 0
0.82 0.89 1.00 1.00 0 0 0 0
0.84 0.89 1.00 1.00 0 0 0 0
0.84 0.91 1.00 1.00 0 0 1 0
0.86 0.91 0.98 1.00 1 0 0 0
0.84 0.93 0.98 1.00 1 1 0 0
0.82 0.91 1.00 1.00 0 0 0 0
0.82 0.91 1.00 1.00 0 0 0 0
0.84 0.93 1.00 1.00 0 0 1 0
0.84 0.93 0.98 1.00 1 0 0 0
0.82 0.95 0.98 1.00 0 0 1 0
0.82 0.95 0.96 1.00 1 0 0 0
0.80 0.97 0.96 1.00 0 0 0 0
0.80 0.97 0.98 1.00 0 0 0 0
0.82 0.99 0.98 1.00 0 0 0 0
0.82 0.99 1.00 1.00 0 0 0 0
0.84 1.00 1.00 1.00 0 0 1 0
0.84 1.00 0.98 1.00 0 0 0 0
0.86 1.00 0.98 1.00 1 0 0 0
0.84 1.00 1.00 1.00 1 0 1 0
0.82 1.00 0.98 1.00 0 0 1 0
0.82 1.00 0.96 1.00 0 0 0 0
0.84 1.00 0.96 1.00 0 0 0 0
0.84 1.00 0.98 1.00 1 1 0 0
0.82 0.98 0.98 1.00 0 0 0 0
0.82 0.98 1.00 1.00 0 0 0 0
0.84 1.00 1.00 1.00 1 1 0 0
0.82 0.98 1.00 1.00 0 0 0 0
0.82 0.98 1.00 1.00 0 0 0 0
0.84 1.00 1.00 1.00 0 0 0 0
0.84 1.00 1.00 1.00 0 0 0 0
0.86 1.00 1.00 1.00 0 0 1 0
0.86 1.00 0.98 1.00 0 0 0 0
0.88 1.00 0.98 1.00 0 0 0 0
0.88 1.00 1.00 1.00 0 0 0 0
0.90 1.00 1.00 1.00 0 0 0 0
0.90 1.00 1.00 1.00 0 0 0 0
0.92 1.00 1.00 1.00 0 0 0 0
0.92 1.00 1.00 1.00 0 0 0 0
0.94 1.00 1.00 1.00 0 0 0 0
0.94 1.00 1.00 1.00 0 0 0 0
0.96 1.00 1.00 1.00 0 0 0 0
0.96 1.00 1.00 1.00 0 0 0 0
0.98 1.00 1.00 1.00 0 0 0 0
0.98 1.00 1.00 1.00 1 0 0 0
0.96 1.00 1.00 1.00 0 0 0 0
0.96 1.00 1.00 1.00 0 0 1 0
0.98 1.00 0.98 1.00 0 0 0 0
0.98 1.00 0.98 1.00 0 0 0 0
1.00 1.00 1.00 1.00 0 0 0 0
1.00 1.00 1.00 1.00 1 0 0 0
0.98 1.00 1.00 1.00 0 0 0 0
0.98 1.00 1.00 1.00 0 1 0 0
1.00 0.98 1.00 1.00 0 0 0 0
1.00 0.98 1.00 1.00 1 0 0 0
0.98 1.00 1.00 1.00 0 0 0 0
0.98 1.00 1.00 1.00 0 1 0 0
1.00 0.98 1.00 1.00 0 0 0 0
1.00 0.98 1.00 1.00 0 0 0 0
1.00 1.00 1.00 1.00 0 0 0 0
1.00 1.00 1.00 1.00 0 0 0 0
1.00 1.00 1.00 1.00 0 0 0 0
1.00 1.00 1.00 1.00 0 0 0 0
1.00 1.00 1.00 1.00 0 0 0 0
1.00 1.00 1.00 1.00 0 0 0 0
1.00 1.00 1.00 1.00 0 0 0 0
1.00 1.00 1.00 1.00 0 0 0 0
1.00 1.00 1.00 1.00 1 0 0 0
0.98 1.00 1.00 1.00 0 0 0 0
0.98 1.00 1.00 1.00 0 0 0 0
1.00 1.00 1.00 1.00 0 0 0 0
1.00 1.00 1.00 1.00 0 0 0 0
1.00 1.00 1.00 1.00 0 0 1 0
1.00 1.00 0.98 1.00 1 0 1 0
0.98 1.00 0.96 1.00 0 0 0 0
0.98 1.00 0.96 1.00 0 0 0 0
1.00 1.00 0.98 1.00 0 0 0 0
1.00 1.00 0.98 1.00 0 0 0 0
1.00 1.00 1.00 1.00 0 0 0 0
1.00 1.00 1.00 1.00 0 0 0 0
1.00 1.00 1.00 1.00 0 0 0 0
1.00 1.00 1.00 1.00 0 0 0 0
1.00 1.00 1.00 1.00 0 0 0 0
1.00 1.00 1.00 1.00 1 0 0 0
0.98 1.00 1.00 1.00 0 0 0 0
0.98 1.00 1.00 1.00 0 0 0 0
1.00 1.00 1.00 1.00 0 0 0 0
1.00 1.00 1.00 1.00 1 1 0 0
0.98 0.98 1.00 1.00 0 0 0 0
0.98 0.98 1.00 1.00 0 0 0 0
1.00 1.00 1.00 1.00 0 1 1 0
1.00 0.98 0.98 1.00 0 0 0 0
1.00 0.98 0.98 1.00 1 0 0 0
0.98 1.00 1.00 1.00 0 0 0 0
0.98 1.00 1.00 1.00 0 0 0 0
1.00 1.00 1.00 1.00 1 0 0 0
0.98 1.00 1.00 1.00 0 0 0 0
0.98 1.00 1.00 1.00 1 0 0 0
0.96 1.00 1.00 1.00 0 0 0 0
0.96 1.00 1.00 1.00 0 0 0 0
0.98 1.00 1.00 1.00 0 0 0 0
0.98 1.00 1.00 1.00 0 1 0 1
1.00 0.98 1.00 0.98 0 0 0 0
1.00 0.98 1.00 0.98 0 0 0 0
1.00 1.00 1.00 1.00 1 1 0 0
0.98 0.98 1.00 1.00 0 0 0 0
0.98 0.98 1.00 1.00 0 0 0 0
1.00 1.00 1.00 1.00 0 0 0 0
1.00 1.00 1.00 1.00 1 0 0 0
0.98 1.00 1.00 1.00 0 0 0 0
0.98 1.00 1.00 1.00 0 0 0 0
1.00 1.00 1.00 1.00 0 0 0 0
1.00 1.00 1.00 1.00 0 0 0 0
1.00 1.00 1.00 1.00 0 0 0 0
1.00 1.00 1.00 1.00 0 0 0 0
1.00 1.00 1.00 1.00 0 0 0 0
1.00 1.00 1.00 1.00 0 0 0 0
1.00 1.00 1.00 1.00 0 0 0 0
1.00 1.00 1.00 1.00 0 1 0 1
1.00 0.98 1.00 0.98 0 1 0 1
1.00 0.96 1.00 0.96 0 0 0 0
1.00 0.96 1.00 0.96 0 1 0 1
1.00 0.94 1.00 0.94 0 0 0 0
1.00 0.94 1.00 0.94 0 0 1 0
1.00 0.96 0.98 0.96 0 0 0 1
1.00 0.96 0.98 0.94 0 0 0 0
1.00 0.98 1.00 0.94 0 0 0 0
1.00 0.98 1.00 0.96 1 0 0 0
0.98 1.00 1.00 0.96 0 0 0 0
0.98 1.00 1.00 0.98 0 0 1 0
1.00 1.00 0.98 0.98 1 0 0 0
0.98 1.00 0.98 1.00 0 0 0 0
0.98 1.00 1.00 1.00 0 0 0 0
1.00 1.00 1.00 1.00 0 0 0 0
1.00 1.00 1.00 1.00 0 0 0 0
1.00 1.00 1.00 1.00 0 0 0 0
1.00 1.00 1.00 1.00 1 0 0 0
0.98 1.00 1.00 1.00 0 0 0 0
0.98 1.00 1.00 1.00 0 0 0 0
1.00 1.00 1.00 1.00 0 0 0 0
1.00 1.00 1.00 1.00 1 0 0 0
0.98 1.00 1.00 1.00 0 0 0 0
0.98 1.00 1.00 1.00 0 0 0 0
1.00 1.00 1.00 1.00 0 0 0 0
1.00 1.00 1.00 1.00 0 0 0 0
1.00 1.00 1.00 1.00 0 0 0 0
1.00 1.00 1.00 1.00 0 0 1 0
1.00 1.00 0.98 1.00 0 0 0 0
1.00 1.00 0.98 1.00 0 0 0 0
1.00 1.00 1.00 1.00 0 0 0 0
1.00 1.00 1.00 1.00 1 0 0 0
0.98 1.00 1.00 1.00 0 0 0 0
0.98 1.00 1.00 1.00 1 0 0 0
0.96 1.00 1.00 1.00 0 0 0 0
0.96 1.00 1.00 1.00 0 0 0 0
0.98 1.00 1.00 1.00 0 0 0 0
0.98 1.00 1.00 1.00 0 0 0 0
1.00 1.00 1.00 1.00 1 0 0 0
0.98 1.00 1.00 1.00 0 0 0 0
0.98 1.00 1.00 1.00 0 0 0 0
1.00 1.00 1.00 1.00 0 0 0 0
1.00 1.00 1.00 1.00 0 0 0 0
1.00 1.00 1.00 1.00 0 0 0 0
1.00 1.00 1.00 1.00 0 0 0 0
1.00 1.00 1.00 1.00 0 0 0 0
1.00 1.00 1.00 1.00 0 0 0 0
1.00 1.00 1.00 1.00 0 0 0 0
1.00 1.00 1.00 1.00 0 0 0 0
1.00 1.00 1.00 1.00 0 0 0 0
1.00 1.00 1.00 1.00 1 0 0 0
0.98 1.00 1.00 1.00 0 0 0 0
0.98 1.00 1.00 1.00 0 0 0 0
1.00 1.00 1.00 1.00 0 0 0 0
1.00 1.00 1.00 1.00 0 0 0 0
1.00 1.00 1.00 1.00 0 1 0 0
1.00 0.98 1.00 1.00 0 0 0 0
1.00 0.98 1.00 1.00 0 0 0 0
1.00 1.00 1.00 1.00 0 0 0 0
1.00 1.00 1.00 1.00 0 0 1 0
1.00 1.00 0.98 1.00 1 0 0 0
0.98 1.00 0.98 1.00 0 0 0 0
0.98 1.00 1.00 1.00 0 0 1 0
1.00 1.00 0.98 1.00 0 0 0 0
1.00 1.00 0.98 1.00 1 0 0 0
0.98 1.00 1.00 1.00 0 0 0 0
0.98 1.00 1.00 1.00 0 0 0 0
1.00 1.00 1.00 1.00 1 0 0 0
0.98 1.00 1.00 1.00 0 0 0 0
0.98 1.00 1.00 1.00 0 0 1 0
1.00 1.00 0.98 1.00 0 1 0 0
1.00 0.98 0.98 1.00 0 0 0 0
1.00 0.98 1.00 1.00 0 0 0 0
1.00 1.00 1.00 1.00 1 0 0 0
0.98 1.00 1.00 1.00 0 0 0 0
0.98 1.00 1.00 1.00 0 0 0 0
1.00 1.00 1.00 1.00 0 0 0 0
1.00 1.00 1.00 1.00 0 0 0 0
1.00 1.00 1.00 1.00 0 0 0 0
1.00 1.00 1.00 1.00 0 0 0 0
1.00 1.00 1.00 1.00 0 1 0 1
1.00 0.98 1.00 0.98 0 0 0 0
1.00 0.98 1.00 0.98 1 0 1 0
0.98 1.00 0.98 1.00 1 0 0 0
0.96 1.00 0.98 1.00 0 0 0 0
0.96 1.00 1.00 1.00 0 0 0 0
0.98 1.00 1.00 1.00 0 0 0 0
0.98 1.00 1.00 1.00 0 0 0 0
1.00 1.00 1.00 1.00 0 0 1 0
1.00 1.00 0.98 1.00 0 0 0 0
1.00 1.00 0.98 1.00 0 0 1 0
1.00 1.00 0.96 1.00 0 0 0 0
1.00 1.00 0.96 1.00 1 0 0 0
0.98 1.00 0.98 1.00 0 0 0 0
0.98 1.00 0.98 1.00 0 0 0 0
1.00 1.00 1.00 1.00 1 1 1 1
0.98 0.98 0.98 0.98 0 0 0 0
0.98 0.98 0.98 0.98 0 0 0 0
1.00 1.00 1.00 1.00 1 0 0 0
0.98 1.00 1.00 1.00 0 1 0 1
0.98 0.98 1.00 0.98 0 0 0 0
1.00 0.98 1.00 0.98 0 0 0 0
1.00 1.00 1.00 1.00 0 1 0 1
1.00 0.98 1.00 0.98 0 1 0 1
1.00 0.96 1.00 0.96 0 0 0 0
1.00 0.96 1.00 0.96 0 0 1 0
1.00 0.98 0.98 0.98 1 0 0 0
0.98 0.98 0.98 0.98 0 1 0 0
0.98 0.96 1.00 1.00 1 0 0 0
0.96 0.96 1.00 1.00 0 0 0 0
0.96 0.98 1.00 1.00 0 0 0 0
0.98 0.98 1.00 1.00 1 0 0 0
0.96 1.00 1.00 1.00 0 0 0 0
0.96 1.00 1.00 1.00 0 0 0 0
0.98 1.00 1.00 1.00 1 0 0 0
0.96 1.00 1.00 1.00 0 0 1 0
0.96 1.00 0.98 1.00 0 0 0 0
0.98 1.00 0.98 1.00 0 0 0 0
0.98 1.00 1.00 1.00 0 0 0 0
1.00 1.00 1.00 1.00 0 0 0 0
1.00 1.00 1.00 1.00 1 0 0 0
0.98 1.00 1.00 1.00 0 0 1 0
0.98 1.00 0.98 1.00 0 0 0 0
