0.60 1.00 0.25 1.00 0 0 0 0
0.60 1.00 0.25 1.00 0 0 0 0
0.64 1.00 0.29 1.00 0 0 0 0
0.64 1.00 0.29 1.00 1 0 1 0
0.60 1.00 0.25 1.00 0 0 0 0
0.60 1.00 0.25 1.00 0 0 1 0
0.64 1.00 0.21 1.00 1 0 0 0
0.60 1.00 0.21 1.00 0 0 0 0
0.60 1.00 0.25 1.00 0 0 0 0
0.64 1.00 0.25 1.00 0 0 1 0
0.64 1.00 0.21 1.00 0 0 0 0
0.68 1.00 0.21 1.00 1 0 0 0
0.64 1.00 0.25 1.00 0 0 1 0
0.64 1.00 0.21 1.00 0 0 0 0
0.68 1.00 0.21 1.00 0 0 0 0
0.68 1.00 0.25 1.00 1 0 0 0
0.64 1.00 0.25 1.00 0 0 0 0
0.64 1.00 0.29 1.00 0 0 1 0
0.68 1.00 0.25 1.00 0 0 0 0
0.68 1.00 0.25 1.00 0 0 0 0
0.72 1.00 0.29 1.00 0 0 0 0
0.72 1.00 0.29 1.00 0 0 0 0
0.76 1.00 0.33 1.00 0 0 0 0
0.76 1.00 0.33 1.00 0 0 0 0
0.80 1.00 0.37 1.00 0 0 0 0
0.80 1.00 0.37 1.00 0 0 0 0
0.84 1.00 0.41 1.00 0 0 0 0
0.84 1.00 0.41 1.00 1 0 0 0
0.80 1.00 0.45 1.00 0 0 1 0
0.80 1.00 0.41 1.00 0 0 1 0
0.84 1.00 0.37 1.00 0 0 0 0
0.84 1.00 0.37 1.00 0 0 0 0
0.88 1.00 0.41 1.00 0 0 0 0
0.88 1.00 0.41 1.00 0 0 0 0
0.92 1.00 0.45 1.00 1 0 1 0
0.88 1.00 0.41 1.00 0 0 1 0
0.88 1.00 0.37 1.00 1 0 0 0
0.84 1.00 0.37 1.00 1 0 1 0
0.80 1.00 0.33 1.00 1 1 1 0
0.76 0.96 0.29 1.00 1 1 1 0
0.72 0.92 0.25 1.00 0 0 0 0
0.72 0.92 0.25 1.00 0 0 0 0
0.76 0.96 0.29 1.00 1 1 1 0
0.72 0.92 0.25 1.00 0 0 0 0
0.72 0.92 0.25 1.00 0 0 0 0
0.76 0.96 0.29 1.00 0 0 0 0
0.76 0.96 0.29 1.00 0 0 0 0
0.80 1.00 0.33 1.00 0 0 1 0
0.80 1.00 0.29 1.00 1 0 1 0
0.76 1.00 0.25 1.00 0 0 0 0
0.76 1.00 0.25 1.00 0 0 1 0
0.80 1.00 0.21 1.00 0 0 0 0
0.80 1.00 0.21 1.00 1 0 0 0
0.76 1.00 0.25 1.00 0 0 0 0
0.76 1.00 0.25 1.00 0 0 0 0
0.80 1.00 0.29 1.00 0 0 1 0
0.80 1.00 0.25 1.00 0 0 1 0
0.84 1.00 0.21 1.00 0 0 0 0
0.84 1.00 0.21 1.00 0 0 0 0
0.88 1.00 0.25 1.00 0 0 0 0
0.88 1.00 0.25 1.00 0 0 0 0
0.92 1.00 0.29 1.00 0 0 0 0
0.92 1.00 0.29 1.00 0 0 0 0
0.96 1.00 0.33 1.00 0 0 0 0
0.96 1.00 0.33 1.00 1 1 1 0
0.92 0.96 0.29 1.00 0 0 0 0
0.92 0.96 0.29 1.00 0 0 0 0
0.96 1.00 0.33 1.00 0 0 0 0
0.96 1.00 0.33 1.00 1 0 1 0
0.92 1.00 0.29 1.00 0 0 0 0
0.92 1.00 0.29 1.00 0 0 0 0
0.96 1.00 0.33 1.00 1 0 1 0
0.92 1.00 0.29 1.00 0 0 1 0
0.92 1.00 0.25 1.00 1 1 1 0
0.88 0.96 0.21 1.00 0 0 0 0
0.88 0.96 0.21 1.00 0 0 0 0
0.92 1.00 0.25 1.00 0 0 1 0
0.92 1.00 0.21 1.00 1 0 0 0
0.88 1.00 0.21 1.00 1 0 1 0
0.84 1.00 0.17 1.00 0 0 0 0
0.84 1.00 0.17 1.00 0 0 0 0
0.88 1.00 0.21 1.00 0 0 0 0
0.88 1.00 0.21 1.00 0 0 0 0
0.92 1.00 0.25 1.00 0 0 0 0
0.92 1.00 0.25 1.00 0 0 0 0
0.96 1.00 0.29 1.00 0 0 0 0
0.96 1.00 0.29 1.00 0 0 0 0
1.00 1.00 0.33 1.00 0 0 0 0
1.00 1.00 0.33 1.00 0 0 0 0
1.00 1.00 0.37 1.00 0 0 0 0
1.00 1.00 0.37 1.00 0 0 1 0
1.00 1.00 0.33 1.00 0 0 0 0
1.00 1.00 0.33 1.00 1 0 0 0
0.96 1.00 0.37 1.00 0 0 0 0
0.96 1.00 0.37 1.00 1 0 1 0
0.92 1.00 0.33 1.00 0 0 0 0
0.92 1.00 0.33 1.00 0 0 0 0
0.96 1.00 0.37 1.00 0 0 0 0
0.96 1.00 0.37 1.00 0 0 0 0
1.00 1.00 0.41 1.00 1 0 1 0
0.96 1.00 0.37 1.00 0 0 0 0
0.96 1.00 0.37 1.00 1 0 0 0
0.92 1.00 0.41 1.00 0 0 0 0
0.92 1.00 0.41 1.00 0 0 0 0
0.96 1.00 0.45 1.00 0 0 0 0
0.96 1.00 0.45 1.00 0 0 1 0
1.00 1.00 0.41 1.00 0 0 0 0
1.00 1.00 0.41 1.00 0 0 0 0
1.00 1.00 0.45 1.00 0 0 0 0
1.00 1.00 0.45 1.00 0 0 1 1
1.00 1.00 0.41 0.96 0 0 0 0
1.00 1.00 0.41 0.96 0 0 0 0
1.00 1.00 0.45 1.00 0 0 0 1
1.00 1.00 0.45 0.96 0 0 0 0
1.00 1.00 0.49 0.96 0 0 0 0
1.00 1.00 0.49 1.00 1 1 1 1
0.96 0.96 0.45 0.96 0 0 0 0
0.96 0.96 0.45 0.96 0 0 0 0
1.00 1.00 0.49 1.00 0 0 0 0
1.00 1.00 0.49 1.00 0 0 0 0
1.00 1.00 0.53 1.00 0 0 0 0
1.00 1.00 0.53 1.00 0 0 0 0
1.00 1.00 0.57 1.00 0 0 0 0
1.00 1.00 0.57 1.00 0 1 1 1
1.00 0.96 0.53 0.96 0 0 0 0
1.00 0.96 0.53 0.96 0 0 1 0
1.00 1.00 0.49 1.00 0 0 0 0
1.00 1.00 0.49 1.00 0 0 0 0
1.00 1.00 0.53 1.00 1 0 1 0
0.96 1.00 0.49 1.00 0 0 0 0
0.96 1.00 0.49 1.00 1 0 1 0
0.92 1.00 0.45 1.00 0 0 0 0
0.92 1.00 0.45 1.00 1 1 1 1
0.88 0.96 0.41 0.96 0 0 0 0
0.88 0.96 0.41 0.96 1 0 1 0
0.84 1.00 0.37 1.00 1 0 1 0
0.80 1.00 0.33 1.00 0 0 0 0
0.80 1.00 0.33 1.00 0 0 0 0
0.84 1.00 0.37 1.00 0 0 0 0
0.84 1.00 0.37 1.00 0 0 0 0
0.88 1.00 0.41 1.00 0 0 0 0
0.88 1.00 0.41 1.00 1 0 1 0
0.84 1.00 0.37 1.00 0 0 1 0
0.84 1.00 0.33 1.00 1 0 1 0
0.80 1.00 0.29 1.00 0 0 0 0
0.80 1.00 0.29 1.00 0 0 0 0
0.84 1.00 0.33 1.00 1 0 1 0
0.80 1.00 0.29 1.00 0 0 0 0
0.80 1.00 0.29 1.00 0 0 0 0
0.84 1.00 0.33 1.00 0 0 0 0
0.84 1.00 0.33 1.00 0 0 0 0
0.88 1.00 0.37 1.00 0 0 0 0
0.88 1.00 0.37 1.00 0 0 0 0
0.92 1.00 0.41 1.00 0 0 1 0
0.92 1.00 0.37 1.00 0 0 0 0
0.96 1.00 0.37 1.00 0 0 0 0
0.96 1.00 0.41 1.00 0 0 0 0
1.00 1.00 0.41 1.00 0 0 0 0
1.00 1.00 0.45 1.00 0 0 0 0
1.00 1.00 0.45 1.00 0 0 0 0
1.00 1.00 0.49 1.00 0 0 0 0
1.00 1.00 0.49 1.00 0 0 0 0
1.00 1.00 0.53 1.00 0 0 0 0
1.00 1.00 0.53 1.00 0 0 0 0
1.00 1.00 0.57 1.00 0 0 0 0
1.00 1.00 0.57 1.00 0 0 0 0
1.00 1.00 0.61 1.00 0 0 0 0
1.00 1.00 0.61 1.00 0 0 1 0
1.00 1.00 0.57 1.00 0 0 1 0
1.00 1.00 0.53 1.00 1 0 0 1
0.96 1.00 0.53 0.96 1 0 1 0
0.92 1.00 0.49 0.96 0 0 0 0
0.92 1.00 0.49 1.00 1 0 1 0
0.88 1.00 0.45 1.00 0 0 0 0
0.88 1.00 0.45 1.00 0 0 0 0
0.92 1.00 0.49 1.00 0 0 0 0
0.92 1.00 0.49 1.00 0 0 0 0
0.96 1.00 0.53 1.00 0 0 0 0
0.96 1.00 0.53 1.00 0 0 0 0
1.00 1.00 0.57 1.00 0 0 0 0
1.00 1.00 0.57 1.00 0 0 0 0
1.00 1.00 0.61 1.00 0 0 0 0
1.00 1.00 0.61 1.00 0 0 0 0
1.00 1.00 0.65 1.00 0 0 0 0
1.00 1.00 0.65 1.00 0 0 0 0
1.00 1.00 0.69 1.00 0 0 0 0
1.00 1.00 0.69 1.00 0 0 1 0
1.00 1.00 0.65 1.00 0 0 0 0
1.00 1.00 0.65 1.00 0 0 0 0
1.00 1.00 0.69 1.00 0 0 0 0
1.00 1.00 0.69 1.00 0 0 1 0
1.00 1.00 0.65 1.00 0 0 0 0
1.00 1.00 0.65 1.00 0 0 0 0
1.00 1.00 0.69 1.00 0 0 0 0
1.00 1.00 0.69 1.00 0 0 0 0
1.00 1.00 0.73 1.00 0 1 0 0
1.00 0.96 0.73 1.00 0 0 0 0
1.00 0.96 0.77 1.00 0 0 0 0
1.00 1.00 0.77 1.00 0 0 1 0
1.00 1.00 0.73 1.00 1 0 1 0
0.96 1.00 0.69 1.00 0 0 0 0
0.96 1.00 0.69 1.00 0 0 0 0
1.00 1.00 0.73 1.00 0 0 0 0
1.00 1.00 0.73 1.00 0 0 0 0
1.00 1.00 0.77 1.00 0 0 0 0
1.00 1.00 0.77 1.00 0 0 0 0
1.00 1.00 0.81 1.00 0 0 0 0
1.00 1.00 0.81 1.00 0 0 0 0
1.00 1.00 0.85 1.00 0 0 0 0
1.00 1.00 0.85 1.00 0 0 0 0
1.00 1.00 0.89 1.00 1 0 1 0
0.96 1.00 0.85 1.00 0 0 0 0
0.96 1.00 0.85 1.00 0 0 0 0
1.00 1.00 0.89 1.00 0 0 0 0
1.00 1.00 0.89 1.00 0 0 0 0
1.00 1.00 0.93 1.00 0 0 0 0
1.00 1.00 0.93 1.00 0 0 0 0
1.00 1.00 0.97 1.00 0 0 0 0
1.00 1.00 0.97 1.00 0 0 0 0
1.00 1.00 1.00 1.00 0 0 0 0
1.00 1.00 1.00 1.00 0 0 0 0
1.00 1.00 1.00 1.00 0 0 0 0
1.00 1.00 1.00 1.00 0 0 0 0
1.00 1.00 1.00 1.00 0 0 0 0
1.00 1.00 1.00 1.00 0 0 0 0
1.00 1.00 1.00 1.00 0 0 0 0
1.00 1.00 1.00 1.00 0 0 0 0
1.00 1.00 1.00 1.00 0 0 0 0
1.00 1.00 1.00 1.00 0 0 0 0
1.00 1.00 1.00 1.00 0 0 0 0
1.00 1.00 1.00 1.00 0 0 0 0
1.00 1.00 1.00 1.00 0 0 0 0
1.00 1.00 1.00 1.00 0 0 0 0
1.00 1.00 1.00 1.00 0 0 0 0
1.00 1.00 1.00 1.00 0 0 0 0
1.00 1.00 1.00 1.00 0 0 0 0
1.00 1.00 1.00 1.00 0 0 0 0
1.00 1.00 1.00 1.00 0 0 0 0
1.00 1.00 1.00 1.00 1 0 1 1
0.96 1.00 0.96 0.96 0 0 0 0
0.96 1.00 0.96 0.96 0 0 0 0
1.00 1.00 1.00 1.00 0 0 0 0
1.00 1.00 1.00 1.00 0 0 0 0
1.00 1.00 1.00 1.00 0 0 0 0
1.00 1.00 1.00 1.00 0 0 0 0
1.00 1.00 1.00 1.00 0 0 0 0
1.00 1.00 1.00 1.00 0 0 0 0
1.00 1.00 1.00 1.00 0 0 0 0
1.00 1.00 1.00 1.00 0 0 0 0
1.00 1.00 1.00 1.00 0 0 0 0
1.00 1.00 1.00 1.00 0 0 0 0
1.00 1.00 1.00 1.00 0 0 0 0
1.00 1.00 1.00 1.00 0 0 0 0
1.00 1.00 1.00 1.00 0 0 0 0
1.00 1.00 1.00 1.00 1 1 1 0
0.96 0.96 0.96 1.00 0 0 0 0
0.96 0.96 0.96 1.00 1 1 1 1
0.92 0.92 0.92 0.96 0 0 0 0
0.92 0.92 0.92 0.96 0 0 0 0
0.96 0.96 0.96 1.00 0 0 0 0
0.96 0.96 0.96 1.00 0 0 0 0
1.00 1.00 1.00 1.00 0 0 0 0
1.00 1.00 1.00 1.00 0 0 0 0
1.00 1.00 1.00 1.00 0 0 0 0
1.00 1.00 1.00 1.00 0 0 0 0
1.00 1.00 1.00 1.00 0 0 0 0
1.00 1.00 1.00 1.00 0 0 0 0
1.00 1.00 1.00 1.00 0 0 0 0
1.00 1.00 1.00 1.00 0 0 0 0
1.00 1.00 1.00 1.00 1 1 0 0
0.96 0.96 1.00 1.00 0 0 0 0
0.96 0.96 1.00 1.00 0 0 0 0
1.00 1.00 1.00 1.00 0 0 0 0
1.00 1.00 1.00 1.00 0 0 0 0
1.00 1.00 1.00 1.00 0 0 0 0
1.00 1.00 1.00 1.00 0 0 0 0
1.00 1.00 1.00 1.00 0 0 0 0
1.00 1.00 1.00 1.00 0 0 0 0
1.00 1.00 1.00 1.00 0 0 0 0
1.00 1.00 1.00 1.00 0 0 0 0
1.00 1.00 1.00 1.00 0 0 0 0
1.00 1.00 1.00 1.00 0 0 0 0
1.00 1.00 1.00 1.00 0 0 0 0
1.00 1.00 1.00 1.00 0 0 0 0
1.00 1.00 1.00 1.00 0 0 0 0
1.00 1.00 1.00 1.00 0 0 0 0
1.00 1.00 1.00 1.00 0 0 0 0
1.00 1.00 1.00 1.00 0 0 0 0
1.00 1.00 1.00 1.00 0 0 0 0
1.00 1.00 1.00 1.00 0 0 0 0
1.00 1.00 1.00 1.00 0 0 0 0
1.00 1.00 1.00 1.00 1 0 1 0
0.96 1.00 0.96 1.00 0 0 0 0
0.96 1.00 0.96 1.00 0 0 0 0
1.00 1.00 1.00 1.00 0 0 0 0
1.00 1.00 1.00 1.00 1 1 0 0
0.96 0.96 1.00 1.00 0 0 0 0
0.96 0.96 1.00 1.00 0 0 0 0
1.00 1.00 1.00 1.00 0 0 0 0
1.00 1.00 1.00 1.00 0 0 0 0
1.00 1.00 1.00 1.00 0 0 0 0
1.00 1.00 1.00 1.00 0 0 0 0
1.00 1.00 1.00 1.00 0 0 0 0
1.00 1.00 1.00 1.00 0 0 0 0
1.00 1.00 1.00 1.00 0 0 0 0
1.00 1.00 1.00 1.00 0 0 0 0
1.00 1.00 1.00 1.00 0 0 0 0
1.00 1.00 1.00 1.00 0 0 0 0
1.00 1.00 1.00 1.00 0 0 0 0
1.00 1.00 1.00 1.00 0 0 0 0
1.00 1.00 1.00 1.00 0 0 0 0
1.00 1.00 1.00 1.00 0 0 0 0
1.00 1.00 1.00 1.00 0 0 0 0
1.00 1.00 1.00 1.00 0 0 0 0
1.00 1.00 1.00 1.00 1 1 1 1
0.96 0.96 0.96 0.96 0 0 0 0
0.96 0.96 0.96 0.96 0 0 0 0
1.00 1.00 1.00 1.00 0 0 0 0
1.00 1.00 1.00 1.00 0 0 0 0
1.00 1.00 1.00 1.00 0 0 0 0
1.00 1.00 1.00 1.00 0 0 0 0
1.00 1.00 1.00 1.00 0 0 0 0
1.00 1.00 1.00 1.00 0 0 0 0
1.00 1.00 1.00 1.00 0 0 0 0
1.00 1.00 1.00 1.00 0 0 0 0
1.00 1.00 1.00 1.00 0 0 0 0
1.00 1.00 1.00 1.00 0 0 0 0
1.00 1.00 1.00 1.00 0 0 0 0
1.00 1.00 1.00 1.00 0 0 0 0
1.00 1.00 1.00 1.00 0 0 0 0
1.00 1.00 1.00 1.00 0 0 0 0
1.00 1.00 1.00 1.00 1 0 1 0
0.96 1.00 0.96 1.00 0 0 1 0
0.96 1.00 0.92 1.00 0 0 0 0
1.00 1.00 0.92 1.00 0 0 0 0
1.00 1.00 0.96 1.00 0 0 0 0
1.00 1.00 0.96 1.00 0 0 0 0
1.00 1.00 1.00 1.00 0 0 0 0
1.00 1.00 1.00 1.00 0 0 0 0
1.00 1.00 1.00 1.00 0 0 0 0
1.00 1.00 1.00 1.00 0 0 0 0
1.00 1.00 1.00 1.00 0 0 0 0
1.00 1.00 1.00 1.00 0 0 0 0
1.00 1.00 1.00 1.00 0 0 0 0
1.00 1.00 1.00 1.00 0 0 0 0
1.00 1.00 1.00 1.00 0 0 0 0
1.00 1.00 1.00 1.00 0 0 0 0
1.00 1.00 1.00 1.00 0 0 0 0
1.00 1.00 1.00 1.00 0 0 0 0
1.00 1.00 1.00 1.00 0 0 0 0
1.00 1.00 1.00 1.00 0 0 0 0
1.00 1.00 1.00 1.00 0 0 0 0
1.00 1.00 1.00 1.00 0 0 0 0
1.00 1.00 1.00 1.00 0 0 0 0
1.00 1.00 1.00 1.00 0 0 0 0
1.00 1.00 1.00 1.00 0 0 0 0
1.00 1.00 1.00 1.00 0 0 1 0
1.00 1.00 0.96 1.00 0 0 0 0
1.00 1.00 0.96 1.00 0 0 0 0
1.00 1.00 1.00 1.00 0 0 0 0
1.00 1.00 1.00 1.00 0 0 0 0
1.00 1.00 1.00 1.00 0 0 0 0
1.00 1.00 1.00 1.00 0 1 0 0
1.00 0.96 1.00 1.00 0 0 0 0
1.00 0.96 1.00 1.00 0 1 0 1
1.00 0.92 1.00 0.96 0 0 0 0
1.00 0.92 1.00 0.96 1 0 0 0
0.96 0.96 1.00 1.00 0 0 0 0
0.96 0.96 1.00 1.00 0 0 0 0
1.00 1.00 1.00 1.00 0 0 0 1
1.00 1.00 1.00 0.96 1 0 1 0
0.96 1.00 0.96 0.96 0 0 0 0
0.96 1.00 0.96 1.00 0 0 0 0
1.00 1.00 1.00 1.00 0 0 0 0
1.00 1.00 1.00 1.00 0 0 1 0
1.00 1.00 0.96 1.00 0 0 0 0
1.00 1.00 0.96 1.00 0 0 0 0
1.00 1.00 1.00 1.00 0 0 0 0
1.00 1.00 1.00 1.00 0 0 0 0
1.00 1.00 1.00 1.00 0 0 0 0
1.00 1.00 1.00 1.00 0 0 0 0
1.00 1.00 1.00 1.00 0 0 1 0
1.00 1.00 0.96 1.00 0 0 0 0
1.00 1.00 0.96 1.00 0 0 0 0
1.00 1.00 1.00 1.00 0 0 0 0
1.00 1.00 1.00 1.00 0 0 0 0
1.00 1.00 1.00 1.00 0 0 0 0
1.00 1.00 1.00 1.00 0 0 0 0
1.00 1.00 1.00 1.00 0 0 0 0
1.00 1.00 1.00 1.00 0 0 0 0
1.00 1.00 1.00 1.00 0 0 0 0
1.00 1.00 1.00 1.00 0 0 0 0
1.00 1.00 1.00 1.00 0 0 1 0
1.00 1.00 0.96 1.00 0 0 0 0
1.00 1.00 0.96 1.00 0 0 0 0
1.00 1.00 1.00 1.00 0 0 0 0
1.00 1.00 1.00 1.00 0 0 0 0
1.00 1.00 1.00 1.00 0 0 0 0
1.00 1.00 1.00 1.00 0 0 0 0
1.00 1.00 1.00 1.00 0 0 0 0
1.00 1.00 1.00 1.00 0 0 0 0
1.00 1.00 1.00 1.00 0 0 0 0
1.00 1.00 1.00 1.00 0 0 0 0
1.00 1.00 1.00 1.00 0 0 0 0
1.00 1.00 1.00 1.00 0 0 0 0
1.00 1.00 1.00 1.00 0 0 0 0
1.00 1.00 1.00 1.00 0 0 0 0
1.00 1.00 1.00 1.00 0 0 0 0
1.00 1.00 1.00 1.00 0 0 0 0
1.00 1.00 1.00 1.00 0 0 0 0
1.00 1.00 1.00 1.00 0 0 0 0
1.00 1.00 1.00 1.00 0 0 0 0
1.00 1.00 1.00 1.00 0 0 0 0
1.00 1.00 1.00 1.00 0 0 0 0
1.00 1.00 1.00 1.00 0 0 0 0
1.00 1.00 1.00 1.00 0 0 0 0
1.00 1.00 1.00 1.00 0 0 0 0
1.00 1.00 1.00 1.00 0 0 0 0
1.00 1.00 1.00 1.00 0 0 0 0
1.00 1.00 1.00 1.00 0 0 0 0
1.00 1.00 1.00 1.00 0 0 0 0
1.00 1.00 1.00 1.00 0 0 0 0
1.00 1.00 1.00 1.00 0 0 0 0
1.00 1.00 1.00 1.00 0 0 0 0
1.00 1.00 1.00 1.00 0 0 0 0
1.00 1.00 1.00 1.00 0 0 0 0
1.00 1.00 1.00 1.00 0 0 0 0
1.00 1.00 1.00 1.00 0 0 0 0
1.00 1.00 1.00 1.00 0 0 0 0
1.00 1.00 1.00 1.00 0 0 1 0
1.00 1.00 0.96 1.00 0 0 0 0
1.00 1.00 0.96 1.00 0 0 0 0
1.00 1.00 1.00 1.00 1 0 1 0
0.96 1.00 0.96 1.00 0 0 0 0
0.96 1.00 0.96 1.00 0 0 1 0
1.00 1.00 0.92 1.00 0 0 0 0
1.00 1.00 0.92 1.00 0 0 0 0
1.00 1.00 0.96 1.00 0 0 0 0
1.00 1.00 0.96 1.00 0 0 1 0
1.00 1.00 0.92 1.00 0 0 0 0
1.00 1.00 0.92 1.00 0 0 1 0
1.00 1.00 0.88 1.00 0 0 0 0
1.00 1.00 0.88 1.00 0 0 0 0
1.00 1.00 0.92 1.00 0 0 0 0
1.00 1.00 0.92 1.00 0 0 0 0
1.00 1.00 0.96 1.00 0 0 0 0
1.00 1.00 0.96 1.00 0 0 0 0
1.00 1.00 1.00 1.00 0 0 0 0
1.00 1.00 1.00 1.00 0 0 0 0
1.00 1.00 1.00 1.00 0 0 0 0
1.00 1.00 1.00 1.00 0 0 0 0
1.00 1.00 1.00 1.00 0 0 0 0
1.00 1.00 1.00 1.00 0 0 0 0
1.00 1.00 1.00 1.00 0 0 0 0
1.00 1.00 1.00 1.00 0 0 0 0
1.00 1.00 1.00 1.00 0 0 0 0
1.00 1.00 1.00 1.00 0 0 0 0
1.00 1.00 1.00 1.00 0 0 0 0
1.00 1.00 1.00 1.00 0 0 0 0
1.00 1.00 1.00 1.00 0 0 0 0
1.00 1.00 1.00 1.00 0 0 0 0
1.00 1.00 1.00 1.00 0 0 0 0
1.00 1.00 1.00 1.00 0 0 1 0
1.00 1.00 0.96 1.00 0 0 0 0
1.00 1.00 0.96 1.00 0 0 0 0
1.00 1.00 1.00 1.00 0 0 0 0
1.00 1.00 1.00 1.00 0 0 0 0
1.00 1.00 1.00 1.00 0 0 0 0
1.00 1.00 1.00 1.00 0 0 0 0
1.00 1.00 1.00 1.00 0 0 0 0
1.00 1.00 1.00 1.00 0 0 0 0
1.00 1.00 1.00 1.00 0 0 0 0
1.00 1.00 1.00 1.00 0 0 0 0
1.00 1.00 1.00 1.00 0 0 0 0
1.00 1.00 1.00 1.00 0 0 0 0
1.00 1.00 1.00 1.00 1 0 1 0
0.96 1.00 0.96 1.00 0 0 0 0
0.96 1.00 0.96 1.00 0 0 0 0
1.00 1.00 1.00 1.00 0 0 0 0
1.00 1.00 1.00 1.00 0 0 0 0
