0.50 0.40 1.00 0.40 0 0 0 0
0.50 0.40 1.00 0.40 0 0 0 0
0.54 0.44 1.00 0.44 0 0 0 0
0.54 0.44 1.00 0.44 1 1 0 1
0.50 0.40 1.00 0.40 0 0 0 0
0.50 0.40 1.00 0.40 0 1 0 1
0.54 0.36 1.00 0.36 0 0 0 0
0.54 0.36 1.00 0.36 1 1 1 1
0.50 0.32 0.96 0.32 0 1 0 1
0.50 0.28 0.96 0.28 0 0 0 1
0.54 0.28 1.00 0.24 0 0 0 0
0.54 0.32 1.00 0.24 0 0 0 0
0.58 0.32 1.00 0.28 0 0 0 0
0.58 0.36 1.00 0.28 0 0 0 0
0.62 0.36 1.00 0.32 0 0 0 0
0.62 0.40 1.00 0.32 0 0 0 0
0.66 0.40 1.00 0.36 1 0 0 0
0.62 0.44 1.00 0.36 0 0 0 0
0.62 0.44 1.00 0.40 0 0 0 0
0.66 0.48 1.00 0.40 1 0 0 0
0.62 0.48 1.00 0.44 1 1 1 1
0.58 0.44 0.96 0.40 1 1 0 1
0.54 0.40 0.96 0.36 0 1 0 0
0.54 0.36 1.00 0.36 1 1 0 0
0.50 0.32 1.00 0.40 0 0 0 0
0.50 0.32 1.00 0.40 0 0 0 0
0.54 0.36 1.00 0.44 0 0 0 0
0.54 0.36 1.00 0.44 1 1 0 1
0.50 0.32 1.00 0.40 0 0 0 0
0.50 0.32 1.00 0.40 0 0 0 0
0.54 0.36 1.00 0.44 0 0 0 0
0.54 0.36 1.00 0.44 0 0 0 0
0.58 0.40 1.00 0.48 0 0 0 0
0.58 0.40 1.00 0.48 0 1 0 1
0.62 0.36 1.00 0.44 0 0 0 0
0.62 0.36 1.00 0.44 0 0 0 0
0.66 0.40 1.00 0.48 1 0 0 0
0.62 0.40 1.00 0.48 0 0 0 0
0.62 0.44 1.00 0.52 1 1 0 1
0.58 0.40 1.00 0.48 0 0 0 0
0.58 0.40 1.00 0.48 0 0 0 0
0.62 0.44 1.00 0.52 0 0 0 0
0.62 0.44 1.00 0.52 0 0 0 0
0.66 0.48 1.00 0.56 0 0 0 0
0.66 0.48 1.00 0.56 0 0 0 0
0.70 0.52 1.00 0.60 1 1 1 1
0.66 0.48 0.96 0.56 0 0 0 0
0.66 0.48 0.96 0.56 0 0 0 0
0.70 0.52 1.00 0.60 0 0 0 0
0.70 0.52 1.00 0.60 0 0 0 0
0.74 0.56 1.00 0.64 0 0 0 0
0.74 0.56 1.00 0.64 0 0 0 0
0.78 0.60 1.00 0.68 0 0 0 1
0.78 0.60 1.00 0.64 0 0 0 0
0.82 0.64 1.00 0.64 1 1 1 1
0.78 0.60 0.96 0.60 0 0 0 0
0.78 0.60 0.96 0.60 0 0 0 0
0.82 0.64 1.00 0.64 0 0 0 0
0.82 0.64 1.00 0.64 1 1 0 1
0.78 0.60 1.00 0.60 0 0 0 0
0.78 0.60 1.00 0.60 0 0 0 0
0.82 0.64 1.00 0.64 0 0 0 0
0.82 0.64 1.00 0.64 1 1 0 1
0.78 0.60 1.00 0.60 0 0 0 0
0.78 0.60 1.00 0.60 0 0 0 0
0.82 0.64 1.00 0.64 0 0 0 0
0.82 0.64 1.00 0.64 0 0 0 0
0.86 0.68 1.00 0.68 0 0 0 0
0.86 0.68 1.00 0.68 0 0 0 0
0.90 0.72 1.00 0.72 0 0 0 0
0.90 0.72 1.00 0.72 0 0 0 0
0.94 0.76 1.00 0.76 0 0 0 0
0.94 0.76 1.00 0.76 0 0 0 0
0.98 0.80 1.00 0.80 0 0 0 0
0.98 0.80 1.00 0.80 1 1 1 1
0.94 0.76 0.96 0.76 1 1 0 1
0.90 0.72 0.96 0.72 0 0 0 0
0.90 0.72 1.00 0.72 1 1 0 0
0.86 0.68 1.00 0.76 0 0 0 0
0.86 0.68 1.00 0.76 0 0 0 0
0.90 0.72 1.00 0.80 0 0 0 0
0.90 0.72 1.00 0.80 0 0 0 0
0.94 0.76 1.00 0.84 1 1 0 1
0.90 0.72 1.00 0.80 1 1 1 1
0.86 0.68 0.96 0.76 0 0 0 0
0.86 0.68 0.96 0.76 1 1 1 1
0.82 0.64 0.92 0.72 0 0 0 0
0.82 0.64 0.92 0.72 0 0 0 0
0.86 0.68 0.96 0.76 0 0 0 0
0.86 0.68 0.96 0.76 0 0 0 0
0.90 0.72 1.00 0.80 0 0 0 0
0.90 0.72 1.00 0.80 0 0 0 0
0.94 0.76 1.00 0.84 0 0 0 0
0.94 0.76 1.00 0.84 0 0 0 0
0.98 0.80 1.00 0.88 1 1 1 1
0.94 0.76 0.96 0.84 0 0 0 0
0.94 0.76 0.96 0.84 0 1 0 1
0.98 0.72 1.00 0.80 1 1 1 1
0.94 0.68 0.96 0.76 1 1 1 1
0.90 0.64 0.92 0.72 1 1 1 1
0.86 0.60 0.88 0.68 1 1 0 1
0.82 0.56 0.88 0.64 1 1 1 1
0.78 0.52 0.84 0.60 0 1 0 1
0.78 0.48 0.84 0.56 0 0 0 0
0.82 0.48 0.88 0.56 0 0 0 0
0.82 0.52 0.88 0.60 0 0 0 0
0.86 0.52 0.92 0.60 0 0 0 0
0.86 0.56 0.92 0.64 0 0 0 0
0.90 0.56 0.96 0.64 0 0 0 0
0.90 0.60 0.96 0.68 0 0 0 0
0.94 0.60 1.00 0.68 1 1 1 1
0.90 0.56 0.96 0.64 1 1 1 1
0.86 0.52 0.92 0.60 1 1 0 1
0.82 0.48 0.92 0.56 0 0 0 0
0.82 0.48 0.96 0.56 1 0 0 1
0.78 0.52 0.96 0.52 0 1 0 1
0.78 0.48 1.00 0.48 0 0 0 0
0.82 0.48 1.00 0.48 0 0 0 0
0.82 0.52 1.00 0.52 1 1 1 1
0.78 0.48 0.96 0.48 0 0 0 0
0.78 0.48 0.96 0.48 0 0 0 0
0.82 0.52 1.00 0.52 0 0 0 0
0.82 0.52 1.00 0.52 0 0 0 0
0.86 0.56 1.00 0.56 1 1 1 1
0.82 0.52 0.96 0.52 0 0 0 0
0.82 0.52 0.96 0.52 1 1 1 1
0.78 0.48 0.92 0.48 0 1 0 1
0.78 0.44 0.92 0.44 0 0 0 0
0.82 0.44 0.96 0.44 1 1 1 1
0.78 0.40 0.92 0.40 0 1 1 1
0.78 0.36 0.88 0.36 0 0 0 0
0.82 0.36 0.88 0.36 0 0 0 0
0.82 0.40 0.92 0.40 0 0 0 0
0.86 0.40 0.92 0.40 1 1 1 1
0.82 0.36 0.88 0.36 0 0 0 0
0.82 0.36 0.88 0.36 0 0 0 0
0.86 0.40 0.92 0.40 1 1 1 1
0.82 0.36 0.88 0.36 1 1 1 1
0.78 0.32 0.84 0.32 0 0 0 0
0.78 0.32 0.84 0.32 1 1 1 1
0.74 0.28 0.80 0.28 0 0 0 0
0.74 0.28 0.80 0.28 1 1 1 1
0.70 0.24 0.76 0.24 0 0 0 0
0.70 0.24 0.76 0.24 1 1 0 1
0.66 0.20 0.80 0.20 0 0 0 0
0.66 0.20 0.80 0.20 0 0 0 0
0.70 0.24 0.84 0.24 0 0 0 0
0.70 0.24 0.84 0.24 0 0 0 0
0.74 0.28 0.88 0.28 0 0 0 0
0.74 0.28 0.88 0.28 0 0 0 0
0.78 0.32 0.92 0.32 1 0 0 0
0.74 0.32 0.92 0.32 0 0 0 1
0.74 0.36 0.96 0.28 0 0 0 0
0.78 0.36 0.96 0.28 0 0 0 0
0.78 0.40 1.00 0.32 0 0 0 0
0.82 0.40 1.00 0.32 0 1 1 1
0.82 0.36 0.96 0.28 1 0 0 0
0.78 0.36 0.96 0.28 0 0 0 0
0.78 0.40 1.00 0.32 1 1 1 1
0.74 0.36 0.96 0.28 1 1 1 1
0.70 0.32 0.92 0.24 0 0 0 0
0.70 0.32 0.92 0.24 0 0 0 0
0.74 0.36 0.96 0.28 1 1 1 1
0.70 0.32 0.92 0.24 1 0 0 0
0.66 0.32 0.92 0.24 0 0 0 0
0.66 0.36 0.96 0.28 0 0 0 0
0.70 0.36 0.96 0.28 1 0 0 0
0.66 0.40 1.00 0.32 0 0 0 0
0.66 0.40 1.00 0.32 0 0 0 0
0.70 0.44 1.00 0.36 0 0 0 0
0.70 0.44 1.00 0.36 1 1 1 1
0.66 0.40 0.96 0.32 0 0 0 0
0.66 0.40 0.96 0.32 0 1 0 1
0.70 0.36 1.00 0.28 0 0 0 0
0.70 0.36 1.00 0.28 1 1 1 1
0.66 0.32 0.96 0.24 0 0 0 0
0.66 0.32 0.96 0.24 0 0 0 0
0.70 0.36 1.00 0.28 0 0 0 0
0.70 0.36 1.00 0.28 0 0 0 0
0.74 0.40 1.00 0.32 1 1 1 1
0.70 0.36 0.96 0.28 0 0 0 0
0.70 0.36 0.96 0.28 0 0 0 0
0.74 0.40 1.00 0.32 1 1 1 1
0.70 0.36 0.96 0.28 1 0 0 1
0.66 0.36 0.96 0.24 0 0 0 0
0.66 0.40 1.00 0.24 1 1 1 1
0.62 0.36 0.96 0.20 1 1 0 1
0.58 0.32 0.96 0.16 0 0 0 0
0.58 0.32 1.00 0.16 0 0 0 0
0.62 0.36 1.00 0.20 0 0 0 0
0.62 0.36 1.00 0.20 0 0 0 0
0.66 0.40 1.00 0.24 0 1 0 1
0.66 0.36 1.00 0.20 0 1 1 1
0.70 0.32 0.96 0.16 0 0 0 0
0.70 0.32 0.96 0.16 0 0 0 0
0.74 0.36 1.00 0.20 0 0 0 0
0.74 0.36 1.00 0.20 0 0 0 0
0.78 0.40 1.00 0.24 0 0 0 0
0.78 0.40 1.00 0.24 0 0 0 0
0.82 0.44 1.00 0.28 0 1 1 1
0.82 0.40 0.96 0.24 1 1 1 1
0.78 0.36 0.92 0.20 1 1 1 1
0.74 0.32 0.88 0.16 0 0 0 0
0.74 0.32 0.88 0.16 0 0 0 0
0.78 0.36 0.92 0.20 1 1 1 1
0.74 0.32 0.88 0.16 0 0 0 0
0.74 0.32 0.88 0.16 0 0 0 0
0.78 0.36 0.92 0.20 0 0 0 0
0.78 0.36 0.92 0.20 1 1 1 1
0.74 0.32 0.88 0.16 0 0 0 0
0.74 0.32 0.88 0.16 1 0 1 1
0.70 0.36 0.84 0.12 0 0 0 0
0.70 0.36 0.84 0.12 1 0 0 0
0.66 0.40 0.88 0.16 1 1 1 1
0.62 0.36 0.84 0.12 1 1 1 0
0.58 0.32 0.80 0.12 1 1 1 0
0.54 0.28 0.76 0.16 0 0 0 0
0.54 0.28 0.76 0.16 0 0 0 0
0.58 0.32 0.80 0.20 1 1 1 1
0.54 0.28 0.76 0.16 1 1 1 0
0.50 0.24 0.72 0.16 0 0 0 0
0.50 0.24 0.72 0.20 0 0 0 0
0.54 0.28 0.76 0.20 0 0 0 0
0.54 0.28 0.76 0.24 0 0 0 0
0.58 0.32 0.80 0.24 1 1 1 1
0.54 0.28 0.76 0.20 0 0 0 0
0.54 0.28 0.76 0.20 1 1 1 1
0.50 0.24 0.72 0.16 0 0 0 0
0.50 0.24 0.72 0.16 0 0 0 0
0.54 0.28 0.76 0.20 0 0 0 0
0.54 0.28 0.76 0.20 0 1 0 1
0.58 0.24 0.80 0.16 1 1 1 1
0.54 0.20 0.76 0.12 0 0 0 0
0.54 0.20 0.76 0.12 0 0 0 0
0.58 0.24 0.80 0.16 1 1 1 1
0.54 0.20 0.76 0.12 1 0 0 0
0.50 0.20 0.76 0.12 0 0 0 0
0.50 0.24 0.80 0.16 0 0 0 0
0.54 0.24 0.80 0.16 1 0 0 0
0.50 0.28 0.84 0.20 1 1 1 1
0.46 0.24 0.80 0.16 1 1 1 1
0.42 0.20 0.76 0.12 0 0 0 0
0.42 0.20 0.76 0.12 0 0 1 0
0.46 0.24 0.72 0.16 0 0 0 0
0.46 0.24 0.72 0.16 1 1 1 1
0.42 0.20 0.68 0.12 0 0 0 0
0.42 0.20 0.68 0.12 0 0 0 0
0.46 0.24 0.72 0.16 0 0 0 0
0.46 0.24 0.72 0.16 0 0 0 0
0.50 0.28 0.76 0.20 0 0 0 0
0.50 0.28 0.76 0.20 0 0 0 0
0.54 0.32 0.80 0.24 1 1 1 1
0.50 0.28 0.76 0.20 1 1 1 1
0.46 0.24 0.72 0.16 0 0 0 0
0.46 0.24 0.72 0.16 0 0 0 0
0.50 0.28 0.76 0.20 0 0 0 0
0.50 0.28 0.76 0.20 0 0 0 0
0.54 0.32 0.80 0.24 0 0 0 0
0.54 0.32 0.80 0.24 0 0 0 0
0.58 0.36 0.84 0.28 0 0 0 0
0.58 0.36 0.84 0.28 1 1 1 1
0.54 0.32 0.80 0.24 0 0 0 0
0.54 0.32 0.80 0.24 0 0 0 0
0.58 0.36 0.84 0.28 1 1 1 1
0.54 0.32 0.80 0.24 1 1 1 1
0.50 0.28 0.76 0.20 1 1 0 1
0.46 0.24 0.76 0.16 1 1 1 1
0.42 0.20 0.72 0.12 0 1 1 0
0.42 0.16 0.68 0.12 1 1 0 1
0.38 0.12 0.68 0.08 0 0 0 0
0.38 0.12 0.72 0.08 0 0 0 0
0.42 0.16 0.72 0.12 1 0 0 0
0.38 0.16 0.76 0.12 1 1 1 1
0.34 0.12 0.72 0.08 0 0 0 0
0.34 0.12 0.72 0.08 0 0 0 0
0.38 0.16 0.76 0.12 0 0 0 0
0.38 0.16 0.76 0.12 0 0 0 0
0.42 0.20 0.80 0.16 1 1 1 1
0.38 0.16 0.76 0.12 0 0 0 0
0.38 0.16 0.76 0.12 0 0 0 0
0.42 0.20 0.80 0.16 1 1 1 1
0.38 0.16 0.76 0.12 0 0 0 0
0.38 0.16 0.76 0.12 1 1 1 1
0.34 0.12 0.72 0.08 0 0 1 0
0.34 0.12 0.68 0.08 0 0 0 0
0.38 0.16 0.68 0.12 0 0 0 0
0.38 0.16 0.72 0.12 1 1 1 1
0.34 0.12 0.68 0.08 0 0 0 0
0.34 0.12 0.68 0.08 0 0 0 0
0.38 0.16 0.72 0.12 0 0 0 0
0.38 0.16 0.72 0.12 0 1 1 1
0.42 0.12 0.68 0.08 1 0 0 0
0.38 0.12 0.68 0.08 1 0 1 0
0.34 0.16 0.64 0.12 0 0 0 0
0.34 0.16 0.64 0.12 0 0 0 0
0.38 0.20 0.68 0.16 0 0 0 0
0.38 0.20 0.68 0.16 0 0 0 0
0.42 0.24 0.72 0.20 1 1 1 1
0.38 0.20 0.68 0.16 1 0 0 1
0.34 0.20 0.68 0.12 0 0 0 0
0.34 0.24 0.72 0.12 1 1 1 1
0.30 0.20 0.68 0.08 0 0 0 0
0.30 0.20 0.68 0.08 0 0 1 0
0.34 0.24 0.64 0.12 0 0 0 0
0.34 0.24 0.64 0.12 0 0 0 0
0.38 0.28 0.68 0.16 0 0 0 0
0.38 0.28 0.68 0.16 0 0 0 0
0.42 0.32 0.72 0.20 1 1 1 1
0.38 0.28 0.68 0.16 0 0 0 0
0.38 0.28 0.68 0.16 1 1 1 1
0.34 0.24 0.64 0.12 0 0 0 0
0.34 0.24 0.64 0.12 1 1 0 0
0.30 0.20 0.68 0.16 0 0 0 0
0.30 0.20 0.68 0.16 0 0 0 0
0.34 0.24 0.72 0.20 0 0 0 0
0.34 0.24 0.72 0.20 0 0 0 0
0.38 0.28 0.76 0.24 1 1 0 1
0.34 0.24 0.76 0.20 0 0 0 0
0.34 0.24 0.80 0.20 0 1 1 1
0.38 0.20 0.76 0.16 1 0 0 0
0.34 0.20 0.76 0.16 0 0 0 0
0.34 0.24 0.80 0.20 0 0 0 0
0.38 0.24 0.80 0.20 0 0 0 0
0.38 0.28 0.84 0.24 0 1 1 1
0.42 0.24 0.80 0.20 1 1 1 1
0.38 0.20 0.76 0.16 0 0 0 0
0.38 0.20 0.76 0.16 0 0 0 0
0.42 0.24 0.80 0.20 1 1 1 1
0.38 0.20 0.76 0.16 0 0 0 0
0.38 0.20 0.76 0.16 1 1 0 0
0.34 0.16 0.80 0.20 0 0 0 1
0.34 0.16 0.80 0.16 0 0 0 0
0.38 0.20 0.84 0.16 0 0 0 0
0.38 0.20 0.84 0.20 0 0 0 0
0.42 0.24 0.88 0.20 0 0 0 0
0.42 0.24 0.88 0.24 0 0 0 0
0.46 0.28 0.92 0.24 0 0 0 0
0.46 0.28 0.92 0.28 0 0 0 0
0.50 0.32 0.96 0.28 0 0 0 0
0.50 0.32 0.96 0.32 1 1 1 1
0.46 0.28 0.92 0.28 0 0 0 0
0.46 0.28 0.92 0.28 1 0 0 0
0.42 0.32 0.96 0.32 0 0 0 0
0.42 0.32 0.96 0.32 0 0 0 0
0.46 0.36 1.00 0.36 0 0 0 0
0.46 0.36 1.00 0.36 0 0 0 0
0.50 0.40 1.00 0.40 0 0 0 0
0.50 0.40 1.00 0.40 0 0 0 0
0.54 0.44 1.00 0.44 0 0 0 0
0.54 0.44 1.00 0.44 0 0 0 0
0.58 0.48 1.00 0.48 0 0 0 0
0.58 0.48 1.00 0.48 1 0 0 0
0.54 0.52 1.00 0.52 1 0 0 0
0.50 0.52 1.00 0.52 1 1 1 1
0.46 0.48 0.96 0.48 0 0 0 0
0.46 0.48 0.96 0.48 0 0 0 0
0.50 0.52 1.00 0.52 1 0 0 0
0.46 0.52 1.00 0.52 0 0 0 0
0.46 0.56 1.00 0.56 0 0 0 0
0.50 0.56 1.00 0.56 0 0 0 0
0.50 0.60 1.00 0.60 1 0 0 0
0.46 0.60 1.00 0.60 0 0 0 0
0.46 0.64 1.00 0.64 1 1 1 1
0.42 0.60 0.96 0.60 0 0 0 0
0.42 0.60 0.96 0.60 0 0 0 0
0.46 0.64 1.00 0.64 0 0 0 0
0.46 0.64 1.00 0.64 0 0 0 0
0.50 0.68 1.00 0.68 1 1 1 1
0.46 0.64 0.96 0.64 0 0 0 0
0.46 0.64 0.96 0.64 0 0 0 0
0.50 0.68 1.00 0.68 0 0 0 0
0.50 0.68 1.00 0.68 0 0 0 0
0.54 0.72 1.00 0.72 0 0 0 0
0.54 0.72 1.00 0.72 0 0 0 0
0.58 0.76 1.00 0.76 0 0 0 0
0.58 0.76 1.00 0.76 1 1 1 1
0.54 0.72 0.96 0.72 0 0 0 0
0.54 0.72 0.96 0.72 0 0 0 0
0.58 0.76 1.00 0.76 0 0 0 0
0.58 0.76 1.00 0.76 0 0 0 0
0.62 0.80 1.00 0.80 0 0 0 0
0.62 0.80 1.00 0.80 0 0 0 0
0.66 0.84 1.00 0.84 0 0 0 0
0.66 0.84 1.00 0.84 0 0 0 0
0.70 0.88 1.00 0.88 0 0 0 0
0.70 0.88 1.00 0.88 1 1 1 1
0.66 0.84 0.96 0.84 0 0 0 0
0.66 0.84 0.96 0.84 1 1 1 1
0.62 0.80 0.92 0.80 0 1 0 0
0.62 0.76 0.92 0.80 0 0 0 0
0.66 0.76 0.96 0.84 1 0 0 0
0.62 0.80 0.96 0.84 0 0 0 0
0.62 0.80 1.00 0.88 1 1 1 1
0.58 0.76 0.96 0.84 0 0 0 0
0.58 0.76 0.96 0.84 0 0 0 0
0.62 0.80 1.00 0.88 0 0 0 0
0.62 0.80 1.00 0.88 0 0 0 0
0.66 0.84 1.00 0.92 0 0 0 0
0.66 0.84 1.00 0.92 0 0 0 0
0.70 0.88 1.00 0.96 0 0 0 0
0.70 0.88 1.00 0.96 0 0 0 0
0.74 0.92 1.00 1.00 1 1 1 1
0.70 0.88 0.96 0.96 0 0 0 0
0.70 0.88 0.96 0.96 0 0 0 0
0.74 0.92 1.00 1.00 0 0 0 0
0.74 0.92 1.00 1.00 1 1 1 1
0.70 0.88 0.96 0.96 0 0 0 0
0.70 0.88 0.96 0.96 1 1 1 1
0.66 0.84 0.92 0.92 0 0 0 0
0.66 0.84 0.92 0.92 1 1 1 1
0.62 0.80 0.88 0.88 1 1 0 1
0.58 0.76 0.88 0.84 1 0 0 0
0.54 0.76 0.92 0.84 0 0 0 0
0.54 0.80 0.92 0.88 1 1 1 1
0.50 0.76 0.88 0.84 0 0 0 0
0.50 0.76 0.88 0.84 0 0 0 0
0.54 0.80 0.92 0.88 0 0 0 0
0.54 0.80 0.92 0.88 0 0 0 0
0.58 0.84 0.96 0.92 0 0 0 0
0.58 0.84 0.96 0.92 0 0 0 0
0.62 0.88 1.00 0.96 0 0 0 0
0.62 0.88 1.00 0.96 0 1 0 1
0.66 0.84 1.00 0.92 0 1 0 1
0.66 0.80 1.00 0.88 1 1 1 1
0.62 0.76 0.96 0.84 0 0 0 0
0.62 0.76 0.96 0.84 0 0 0 0
0.66 0.80 1.00 0.88 0 0 0 0
0.66 0.80 1.00 0.88 0 0 0 0
0.70 0.84 1.00 0.92 0 0 0 0
0.70 0.84 1.00 0.92 0 0 0 0
0.74 0.88 1.00 0.96 0 0 0 1
0.74 0.88 1.00 0.92 0 0 0 0
0.78 0.92 1.00 0.92 1 1 1 1
0.74 0.88 0.96 0.88 1 1 1 1
0.70 0.84 0.92 0.84 0 0 0 0
0.70 0.84 0.92 0.84 0 0 0 0
0.74 0.88 0.96 0.88 0 0 0 0
0.74 0.88 0.96 0.88 0 0 0 0
0.78 0.92 1.00 0.92 0 0 0 0
0.78 0.92 1.00 0.92 0 0 0 0
0.82 0.96 1.00 0.96 0 0 0 0
0.82 0.96 1.00 0.96 1 1 1 1
0.78 0.92 0.96 0.92 1 1 1 1
0.74 0.88 0.92 0.88 0 0 0 0
0.74 0.88 0.92 0.88 0 0 0 0
0.78 0.92 0.96 0.92 0 0 0 0
0.78 0.92 0.96 0.92 1 1 1 1
0.74 0.88 0.92 0.88 0 0 0 0
0.74 0.88 0.92 0.88 0 0 0 0
0.78 0.92 0.96 0.92 0 0 0 0
0.78 0.92 0.96 0.92 0 0 0 0
0.82 0.96 1.00 0.96 0 0 0 0
0.82 0.96 1.00 0.96 0 0 0 0
0.86 1.00 1.00 1.00 0 0 0 0
0.86 1.00 1.00 1.00 0 0 0 0
0.90 1.00 1.00 1.00 0 0 0 0
0.90 1.00 1.00 1.00 0 0 0 0
0.94 1.00 1.00 1.00 0 0 0 0
0.94 1.00 1.00 1.00 0 0 0 0
0.98 1.00 1.00 1.00 0 0 0 0
0.98 1.00 1.00 1.00 0 0 0 0
1.00 1.00 1.00 1.00 0 0 0 0
1.00 1.00 1.00 1.00 1 1 0 1
0.96 0.96 1.00 0.96 0 0 0 0
0.96 0.96 1.00 0.96 0 0 0 0
1.00 1.00 1.00 1.00 0 0 0 0
1.00 1.00 1.00 1.00 1 0 0 0
0.96 1.00 1.00 1.00 0 0 0 0
0.96 1.00 1.00 1.00 0 0 0 0
1.00 1.00 1.00 1.00 0 0 0 0
1.00 1.00 1.00 1.00 0 0 0 0
1.00 1.00 1.00 1.00 1 0 0 0
0.96 1.00 1.00 1.00 0 0 0 0
0.96 1.00 1.00 1.00 0 0 0 0
1.00 1.00 1.00 1.00 0 0 0 0
1.00 1.00 1.00 1.00 0 0 0 0
1.00 1.00 1.00 1.00 1 0 0 0
0.96 1.00 1.00 1.00 1 0 1 1
0.92 1.00 0.96 0.96 0 0 0 0
0.92 1.00 0.96 0.96 0 0 0 0
