  1   2   2   1  -4   0   2 0 0 0 0 0.40 0.40 0.40 0.40
  2   5   2   7   0   0   2 0 0 0 0 0.00 0.00 0.00 0.00
  3   1   1   4   0   0   1 0 0 0 0 0.00 0.00 0.00 0.00
  4   5   1   9   0   0   2 0 0 0 0 0.00 0.00 0.00 0.00
  5   1   2  14   0   0   1 0 0 0 0 0.00 0.00 0.00 0.00
  6   3   2   2   0   0   1 0 0 0 0 0.00 0.00 0.00 0.00
  7   5   2  10   0   0   1 0 0 0 0 0.00 0.00 0.00 0.00
  8   3   1  15   0   0   2 0 0 0 0 0.00 0.00 0.00 0.00
  9   5   2   7   0   0   2 0 0 0 0 0.00 0.00 0.00 0.00
 10   1   1   3   0   0   2 0 0 0 0 0.00 0.00 0.00 0.00
 11   4   1  15   0   0   2 0 0 0 0 0.00 0.00 0.00 0.00
 12   4   1  13   0   0   2 0 0 0 0 0.00 0.00 0.00 0.00
 13   3   2   5   0   0   2 0 0 0 0 0.00 0.00 0.00 0.00
 14   4   1   1   0   0   2 0 0 0 0 0.00 0.00 0.00 0.00
 15   1   2   5   0   0   2 0 0 0 0 0.00 0.00 0.00 0.00
 16   3   2  11   0   0   2 0 0 0 0 0.00 0.00 0.00 0.00
 17   3   2  11   0   0   2 0 0 0 0 0.00 0.00 0.00 0.00
 18   4   2  10   0   0   1 0 0 0 0 0.00 0.00 0.00 0.00
 19   4   2   8   0   0   1 0 0 0 0 0.00 0.00 0.00 0.00
 20   2   2  13   0   0   2 0 0 0 0 0.00 0.00 0.00 0.00
 21   3   2   6   0   0   1 0 0 0 0 0.00 0.00 0.00 0.00
 22   5   2   2   0   0   1 0 0 0 0 0.00 0.00 0.00 0.00
 23   4   1   2   0   0   1 0 0 0 0 0.00 0.00 0.00 0.00
 24   2   1   9   0   0   2 0 0 0 0 0.00 0.00 0.00 0.00
 25   1   1  10   0   0   1 0 0 0 0 0.00 0.00 0.00 0.00
 26   1   1   1   0   0   2 0 0 0 0 0.00 0.00 0.00 0.00
 27   3   1   6   0   0   1 0 0 0 0 0.00 0.00 0.00 0.00
 28   3   1   2   0   0   1 0 0 0 0 0.00 0.00 0.00 0.00
 29   2   2  11   0   0   2 0 0 0 0 0.00 0.00 0.00 0.00
 30   1   1   9   0   0   2 0 0 0 0 0.00 0.00 0.00 0.00
 31   5   1   9   0   0   2 0 0 0 0 0.00 0.00 0.00 0.00
 32   3   1  13   0   0   2 0 0 0 0 0.00 0.00 0.00 0.00
 33   3   2  12   0   0   1 0 0 0 0 0.00 0.00 0.00 0.00
 34   4   2   8   0   0   1 0 0 0 0 0.00 0.00 0.00 0.00
 35   3   2   5   0   0   2 0 0 0 0 0.00 0.00 0.00 0.00
 36   4   2   1   0   0   2 0 0 0 0 0.00 0.00 0.00 0.00
 37   4   2   3   0   0   2 0 0 0 0 0.00 0.00 0.00 0.00
 38   1   2   1   0   0   2 0 0 0 0 0.00 0.00 0.00 0.00
 39   2   2  13   0   0   2 0 0 0 0 0.00 0.00 0.00 0.00
 40   3   1  13   0   0   2 0 0 0 0 0.00 0.00 0.00 0.00
 41   5   2   2   0   0   1 0 0 0 0 0.00 0.00 0.00 0.00
 42   5   1   1   0   0   2 0 0 0 0 0.00 0.00 0.00 0.00
 43   4   1  16   0   0   1 0 0 0 0 0.00 0.00 0.00 0.00
 44   2   2   5   0   0   2 0 0 0 0 0.00 0.00 0.00 0.00
 45   3   2  13   0   0   2 0 0 0 0 0.00 0.00 0.00 0.00
 46   5   2  14   0   0   1 0 0 0 0 0.00 0.00 0.00 0.00
 47   2   1  15   0   0   2 0 0 0 0 0.00 0.00 0.00 0.00
 48   1   2  16   0   0   1 0 0 0 0 0.00 0.00 0.00 0.00
 49   2   1   1   0   0   2 0 0 0 0 0.00 0.00 0.00 0.00
 50   3   1   7   0   0   2 0 0 0 0 0.00 0.00 0.00 0.00
 51   4   2   2   0   0   1 0 0 0 0 0.00 0.00 0.00 0.00
 52   2   2  16   0   0   1 0 0 0 0 0.00 0.00 0.00 0.00
 53   2   1  12   0   0   1 0 0 0 0 0.00 0.00 0.00 0.00
 54   2   1   3   0   0   2 0 0 0 0 0.00 0.00 0.00 0.00
 55   4   2  14   0   0   1 0 0 0 0 0.00 0.00 0.00 0.00
 56   5   2  11   0   0   2 0 0 0 0 0.00 0.00 0.00 0.00
 57   1   2  12   0   0   1 0 0 0 0 0.00 0.00 0.00 0.00
 58   3   1   8   0   0   1 0 0 0 0 0.00 0.00 0.00 0.00
 59   3   2   6   0   0   1 0 0 0 0 0.00 0.00 0.00 0.00
 60   5   1   8   0   0   1 0 0 0 0 0.00 0.00 0.00 0.00
 61   5   1  15   0   0   2 0 0 0 0 0.00 0.00 0.00 0.00
 62   1   1  13   0   0   2 0 0 0 0 0.00 0.00 0.00 0.00
 63   3   1   6   0   0   1 0 0 0 0 0.00 0.00 0.00 0.00
 64   5   2  16   0   0   1 0 0 0 0 0.00 0.00 0.00 0.00
 65   3   2   7   0   0   2 0 0 0 0 0.00 0.00 0.00 0.00
 66   2   2  12   0   0   1 0 0 0 0 0.00 0.00 0.00 0.00
 67   3   1  13   0   0   2 0 0 0 0 0.00 0.00 0.00 0.00
 68   2   2   5   0   0   2 0 0 0 0 0.00 0.00 0.00 0.00
 69   4   2  11   0   0   2 0 0 0 0 0.00 0.00 0.00 0.00
 70   4   2  13   0   0   2 0 0 0 0 0.00 0.00 0.00 0.00
 71   3   1  14   0   0   1 0 0 0 0 0.00 0.00 0.00 0.00
 72   5   1   8   0   0   1 0 0 0 0 0.00 0.00 0.00 0.00
 73   4   1  15   0   0   2 0 0 0 0 0.00 0.00 0.00 0.00
 74   1   1   7   0   0   2 0 0 0 0 0.00 0.00 0.00 0.00
 75   4   1  12   0   0   1 0 0 0 0 0.00 0.00 0.00 0.00
 76   2   1  13   0   0   2 0 0 0 0 0.00 0.00 0.00 0.00
 77   5   2  10   0   0   1 0 0 0 0 0.00 0.00 0.00 0.00
 78   4   2   3   0   0   2 0 0 0 0 0.00 0.00 0.00 0.00
 79   2   2   4   0   0   1 0 0 0 0 0.00 0.00 0.00 0.00
 80   5   1   7   0   0   2 0 0 0 0 0.00 0.00 0.00 0.00
 81   4   2  14   0   0   1 0 0 0 0 0.00 0.00 0.00 0.00
 82   5   2   1   0   0   2 0 0 0 0 0.00 0.00 0.00 0.00
 83   3   1  10   0   0   1 0 0 0 0 0.00 0.00 0.00 0.00
 84   2   2   2   0   0   1 0 0 0 0 0.00 0.00 0.00 0.00
 85   1   2  13   0   0   2 0 0 0 0 0.00 0.00 0.00 0.00
 86   3   2   9   0   0   2 0 0 0 0 0.00 0.00 0.00 0.00
 87   4   2   2   0   0   1 0 0 0 0 0.00 0.00 0.00 0.00
 88   4   2  15   0   0   2 0 0 0 0 0.00 0.00 0.00 0.00
 89   5   2   4   0   0   1 0 0 0 0 0.00 0.00 0.00 0.00
 90   3   2  12   0   0   1 0 0 0 0 0.00 0.00 0.00 0.00
 91   1   1   2   0   0   1 0 0 0 0 0.00 0.00 0.00 0.00
 92   1   1   2   0   0   1 0 0 0 0 0.00 0.00 0.00 0.00
 93   5   1  13   0   0   2 0 0 0 0 0.00 0.00 0.00 0.00
 94   2   2   7   0   0   2 0 0 0 0 0.00 0.00 0.00 0.00
 95   1   1   7   0   0   2 0 0 0 0 0.00 0.00 0.00 0.00
 96   1   1   6   0   0   1 0 0 0 0 0.00 0.00 0.00 0.00
 97   5   1  16   0   0   1 0 0 0 0 0.00 0.00 0.00 0.00
 98   1   1  10   0   0   1 0 0 0 0 0.00 0.00 0.00 0.00
 99   3   2  14   0   0   1 0 0 0 0 0.00 0.00 0.00 0.00
100   1   2  15   0   0   2 0 0 0 0 0.00 0.00 0.00 0.00
101   5   1   3   0   0   2 0 0 0 0 0.00 0.00 0.00 0.00
102   5   2   6   0   0   1 0 0 0 0 0.00 0.00 0.00 0.00
103   4   2  15   0   0   2 0 0 0 0 0.00 0.00 0.00 0.00
104   3   2  16   0   0   1 0 0 0 0 0.00 0.00 0.00 0.00
105   5   2  12   0   0   1 0 0 0 0 0.00 0.00 0.00 0.00
106   4   2   5   0   0   2 0 0 0 0 0.00 0.00 0.00 0.00
107   3   1   7   0   0   2 0 0 0 0 0.00 0.00 0.00 0.00
108   5   2  13   0   0   2 0 0 0 0 0.00 0.00 0.00 0.00
109   2   1   9   0   0   2 0 0 0 0 0.00 0.00 0.00 0.00
110   4   1   5   0   0   2 0 0 0 0 0.00 0.00 0.00 0.00
111   1   2   8   0   0   1 0 0 0 0 0.00 0.00 0.00 0.00
112   4   1   6   0   0   1 0 0 0 0 0.00 0.00 0.00 0.00
113   2   2   9   0   0   2 0 0 0 0 0.00 0.00 0.00 0.00
114   1   1   8   0   0   1 0 0 0 0 0.00 0.00 0.00 0.00
115   5   2  14   0   0   1 0 0 0 0 0.00 0.00 0.00 0.00
116   5   1   5   0   0   2 0 0 0 0 0.00 0.00 0.00 0.00
117   1   2  13   0   0   2 0 0 0 0 0.00 0.00 0.00 0.00
118   5   1   4   0   0   1 0 0 0 0 0.00 0.00 0.00 0.00
119   2   1   4   0   0   1 0 0 0 0 0.00 0.00 0.00 0.00
120   5   2   1   0   0   2 0 0 0 0 0.00 0.00 0.00 0.00
121   5   2   4   0   0   1 0 0 0 0 0.00 0.00 0.00 0.00
122   1   2  16   0   0   1 0 0 0 0 0.00 0.00 0.00 0.00
123   3   1   4   0   0   1 0 0 0 0 0.00 0.00 0.00 0.00
124   2   2   7   0   0   2 0 0 0 0 0.00 0.00 0.00 0.00
125   5   1   2   0   0   1 0 0 0 0 0.00 0.00 0.00 0.00
126   1   2  14   0   0   1 0 0 0 0 0.00 0.00 0.00 0.00
127   3   2  16   0   0   1 0 0 0 0 0.00 0.00 0.00 0.00
128   5   1   9   0   0   2 0 0 0 0 0.00 0.00 0.00 0.00
129   5   2  11   0   0   2 0 0 0 0 0.00 0.00 0.00 0.00
130   2   1   7   0   0   2 0 0 0 0 0.00 0.00 0.00 0.00
131   5   2  15   0   0   2 0 0 0 0 0.00 0.00 0.00 0.00
132   4   1  10   0   0   1 0 0 0 0 0.00 0.00 0.00 0.00
133   2   2  11   0   0   2 0 0 0 0 0.00 0.00 0.00 0.00
134   5   2   8   0   0   1 0 0 0 0 0.00 0.00 0.00 0.00
135   2   1   6   0   0   1 0 0 0 0 0.00 0.00 0.00 0.00
136   3   2  16   0   0   1 0 0 0 0 0.00 0.00 0.00 0.00
137   2   1  15   0   0   2 0 0 0 0 0.00 0.00 0.00 0.00
138   4   1  16   0   0   1 0 0 0 0 0.00 0.00 0.00 0.00
139   2   1   1   0   0   2 0 0 0 0 0.00 0.00 0.00 0.00
140   1   1  15   0   0   2 0 0 0 0 0.00 0.00 0.00 0.00
141   4   1  14   0   0   1 0 0 0 0 0.00 0.00 0.00 0.00
142   2   1  12   0   0   1 0 0 0 0 0.00 0.00 0.00 0.00
143   5   1   7   0   0   2 0 0 0 0 0.00 0.00 0.00 0.00
144   3   1   2   0   0   1 0 0 0 0 0.00 0.00 0.00 0.00
145   4   2   9   0   0   2 0 0 0 0 0.00 0.00 0.00 0.00
146   5   1  14   0   0   1 0 0 0 0 0.00 0.00 0.00 0.00
147   4   2   7   0   0   2 0 0 0 0 0.00 0.00 0.00 0.00
148   5   2   4   0   0   1 0 0 0 0 0.00 0.00 0.00 0.00
149   4   2   3   0   0   2 0 0 0 0 0.00 0.00 0.00 0.00
150   5   1   4   0   0   1 0 0 0 0 0.00 0.00 0.00 0.00
151   5   2  16   0   0   1 0 0 0 0 0.00 0.00 0.00 0.00
152   5   2  15   0   0   2 0 0 0 0 0.00 0.00 0.00 0.00
153   2   1  16   0   0   1 0 0 0 0 0.00 0.00 0.00 0.00
154   2   1  14   0   0   1 0 0 0 0 0.00 0.00 0.00 0.00
155   1   1  15   0   0   2 0 0 0 0 0.00 0.00 0.00 0.00
156   3   1   3   0   0   2 0 0 0 0 0.00 0.00 0.00 0.00
157   2   2  15   0   0   2 0 0 0 0 0.00 0.00 0.00 0.00
158   5   1   6   0   0   1 0 0 0 0 0.00 0.00 0.00 0.00
159   2   2  15   0   0   2 0 0 0 0 0.00 0.00 0.00 0.00
160   5   1   1   0   0   2 0 0 0 0 0.00 0.00 0.00 0.00
161   2   1  10   0   0   1 0 0 0 0 0.00 0.00 0.00 0.00
162   1   1   8   0   0   1 0 0 0 0 0.00 0.00 0.00 0.00
163   3   2   7   0   0   2 0 0 0 0 0.00 0.00 0.00 0.00
164   1   1  13   0   0   2 0 0 0 0 0.00 0.00 0.00 0.00
165   1   1  11   0   0   2 0 0 0 0 0.00 0.00 0.00 0.00
166   4   1  11   0   0   2 0 0 0 0 0.00 0.00 0.00 0.00
167   3   2  10   0   0   1 0 0 0 0 0.00 0.00 0.00 0.00
168   1   1  12   0   0   1 0 0 0 0 0.00 0.00 0.00 0.00
169   3   1   9   0   0   2 0 0 0 0 0.00 0.00 0.00 0.00
170   1   2   9   0   0   2 0 0 0 0 0.00 0.00 0.00 0.00
171   3   2   4   0   0   1 0 0 0 0 0.00 0.00 0.00 0.00
172   1   2   3   0   0   2 0 0 0 0 0.00 0.00 0.00 0.00
173   4   1   2   0   0   1 0 0 0 0 0.00 0.00 0.00 0.00
174   2   1   5   0   0   2 0 0 0 0 0.00 0.00 0.00 0.00
175   4   2  12   0   0   1 0 0 0 0 0.00 0.00 0.00 0.00
176   2   2   4   0   0   1 0 0 0 0 0.00 0.00 0.00 0.00
177   4   1  13   0   0   2 0 0 0 0 0.00 0.00 0.00 0.00
178   5   2   9   0   0   2 0 0 0 0 0.00 0.00 0.00 0.00
179   2   1   4   0   0   1 0 0 0 0 0.00 0.00 0.00 0.00
180   1   2   6   0   0   1 0 0 0 0 0.00 0.00 0.00 0.00
181   4   2  14   0   0   1 0 0 0 0 0.00 0.00 0.00 0.00
182   4   2   6   0   0   1 0 0 0 0 0.00 0.00 0.00 0.00
183   5   2   3   0   0   2 0 0 0 0 0.00 0.00 0.00 0.00
184   1   2   5   0   0   2 0 0 0 0 0.00 0.00 0.00 0.00
185   5   1  12   0   0   1 0 0 0 0 0.00 0.00 0.00 0.00
186   3   1  14   0   0   1 0 0 0 0 0.00 0.00 0.00 0.00
187   2   2   8   0   0   1 0 0 0 0 0.00 0.00 0.00 0.00
188   1   2   3   0   0   2 0 0 0 0 0.00 0.00 0.00 0.00
189   4   1   4   0   0   1 0 0 0 0 0.00 0.00 0.00 0.00
190   5   1  12   0   0   1 0 0 0 0 0.00 0.00 0.00 0.00
191   1   2   6   0   0   1 0 0 0 0 0.00 0.00 0.00 0.00
192   1   2   7   0   0   2 0 0 0 0 0.00 0.00 0.00 0.00
193   1   1  16   0   0   1 0 0 0 0 0.00 0.00 0.00 0.00
194   1   1  12   0   0   1 0 0 0 0 0.00 0.00 0.00 0.00
195   5   1  13   0   0   2 0 0 0 0 0.00 0.00 0.00 0.00
196   2   2   7   0   0   2 0 0 0 0 0.00 0.00 0.00 0.00
197   2   1   5   0   0   2 0 0 0 0 0.00 0.00 0.00 0.00
198   5   2  15   0   0   2 0 0 0 0 0.00 0.00 0.00 0.00
199   1   1  15   0   0   2 0 0 0 0 0.00 0.00 0.00 0.00
200   1   2  11   0   0   2 0 0 0 0 0.00 0.00 0.00 0.00
201   1   2   7   0   0   2 0 0 0 0 0.00 0.00 0.00 0.00
202   3   2   7   0   0   2 0 0 0 0 0.00 0.00 0.00 0.00
203   1   2   5   0   0   2 0 0 0 0 0.00 0.00 0.00 0.00
204   2   2  15   0   0   2 0 0 0 0 0.00 0.00 0.00 0.00
205   3   2   1   0   0   2 0 0 0 0 0.00 0.00 0.00 0.00
206   1   2   2   0   0   1 0 0 0 0 0.00 0.00 0.00 0.00
207   4   1   9   0   0   2 0 0 0 0 0.00 0.00 0.00 0.00
208   3   2  13   0   0   2 0 0 0 0 0.00 0.00 0.00 0.00
209   4   2   1   0   0   2 0 0 0 0 0.00 0.00 0.00 0.00
210   3   2  12   0   0   1 0 0 0 0 0.00 0.00 0.00 0.00
211   2   2  10   0   0   1 0 0 0 0 0.00 0.00 0.00 0.00
212   1   1  14   0   0   1 0 0 0 0 0.00 0.00 0.00 0.00
213   4   1   6   0   0   1 0 0 0 0 0.00 0.00 0.00 0.00
214   2   2   3   0   0   2 0 0 0 0 0.00 0.00 0.00 0.00
215   3   1   8   0   0   1 0 0 0 0 0.00 0.00 0.00 0.00
216   2   2  12   0   0   1 0 0 0 0 0.00 0.00 0.00 0.00
217   3   1  12   0   0   1 0 0 0 0 0.00 0.00 0.00 0.00
218   5   1   6   0   0   1 0 0 0 0 0.00 0.00 0.00 0.00
219   3   1  12   0   0   1 0 0 0 0 0.00 0.00 0.00 0.00
220   4   1   3   0   0   2 0 0 0 0 0.00 0.00 0.00 0.00
221   1   1   5   0   0   2 0 0 0 0 0.00 0.00 0.00 0.00
222   1   1  12   0   0   1 0 0 0 0 0.00 0.00 0.00 0.00
223   2   1  13   0   0   2 0 0 0 0 0.00 0.00 0.00 0.00
224   3   1  11   0   0   2 0 0 0 0 0.00 0.00 0.00 0.00
225   1   1  11   0   0   2 0 0 0 0 0.00 0.00 0.00 0.00
226   2   2   3   0   0   2 0 0 0 0 0.00 0.00 0.00 0.00
227   5   2   5   0   0   2 0 0 0 0 0.00 0.00 0.00 0.00
228   5   1  16   0   0   1 0 0 0 0 0.00 0.00 0.00 0.00
229   1   2   2   0   0   1 0 0 0 0 0.00 0.00 0.00 0.00
230   3   2   1   0   0   2 0 0 0 0 0.00 0.00 0.00 0.00
231   3   2  10   0   0   1 0 0 0 0 0.00 0.00 0.00 0.00
232   1   1   3   0   0   2 0 0 0 0 0.00 0.00 0.00 0.00
233   1   1   6   0   0   1 0 0 0 0 0.00 0.00 0.00 0.00
234   2   2  10   0   0   1 0 0 0 0 0.00 0.00 0.00 0.00
235   3   2   8   0   0   1 0 0 0 0 0.00 0.00 0.00 0.00
236   4   2   4   0   0   1 0 0 0 0 0.00 0.00 0.00 0.00
237   2   2   3   0   0   2 0 0 0 0 0.00 0.00 0.00 0.00
238   5   1  15   0   0   2 0 0 0 0 0.00 0.00 0.00 0.00
239   3   1   9   0   0   2 0 0 0 0 0.00 0.00 0.00 0.00
240   5   2  16   0   0   1 0 0 0 0 0.00 0.00 0.00 0.00
241   1   2  10   0   0   1 0 0 0 0 0.00 0.00 0.00 0.00
242   4   1  15   0   0   2 0 0 0 0 0.00 0.00 0.00 0.00
243   3   1   5   0   0   2 0 0 0 0 0.00 0.00 0.00 0.00
244   3   1  11   0   0   2 0 0 0 0 0.00 0.00 0.00 0.00
245   2   1  11   0   0   2 0 0 0 0 0.00 0.00 0.00 0.00
246   3   1   5   0   0   2 0 0 0 0 0.00 0.00 0.00 0.00
247   3   2  15   0   0   2 0 0 0 0 0.00 0.00 0.00 0.00
248   5   2   9   0   0   2 0 0 0 0 0.00 0.00 0.00 0.00
249   5   1   6   0   0   1 0 0 0 0 0.00 0.00 0.00 0.00
250   5   2   5   0   0   2 0 0 0 0 0.00 0.00 0.00 0.00
251   1   1  11   0   0   2 0 0 0 0 0.00 0.00 0.00 0.00
252   2   1  16   0   0   1 0 0 0 0 0.00 0.00 0.00 0.00
253   5   2   3   0   0   2 0 0 0 0 0.00 0.00 0.00 0.00
254   1   2  12   0   0   1 0 0 0 0 0.00 0.00 0.00 0.00
255   4   2  16   0   0   1 0 0 0 0 0.00 0.00 0.00 0.00
256   1   1  10   0   0   1 0 0 0 0 0.00 0.00 0.00 0.00
257   4   1   3   0   0   2 0 0 0 0 0.00 0.00 0.00 0.00
258   2   2   6   0   0   1 0 0 0 0 0.00 0.00 0.00 0.00
259   3   1   6   0   0   1 0 0 0 0 0.00 0.00 0.00 0.00
260   4   1  10   0   0   1 0 0 0 0 0.00 0.00 0.00 0.00
261   3   2   8   0   0   1 0 0 0 0 0.00 0.00 0.00 0.00
262   1   2  12   0   0   1 0 0 0 0 0.00 0.00 0.00 0.00
263   2   2   9   0   0   2 0 0 0 0 0.00 0.00 0.00 0.00
264   1   1  13   0   0   2 0 0 0 0 0.00 0.00 0.00 0.00
265   3   2   3   0   0   2 0 0 0 0 0.00 0.00 0.00 0.00
266   4   1  12   0   0   1 0 0 0 0 0.00 0.00 0.00 0.00
267   2   2   2   0   0   1 0 0 0 0 0.00 0.00 0.00 0.00
268   3   2   1   0   0   2 0 0 0 0 0.00 0.00 0.00 0.00
269   1   1  16   0   0   1 0 0 0 0 0.00 0.00 0.00 0.00
270   1   2   4   0   0   1 0 0 0 0 0.00 0.00 0.00 0.00
271   1   1   1   0   0   2 0 0 0 0 0.00 0.00 0.00 0.00
272   4   2  16   0   0   1 0 0 0 0 0.00 0.00 0.00 0.00
273   1   2   3   0   0   2 0 0 0 0 0.00 0.00 0.00 0.00
274   1   2  16   0   0   1 0 0 0 0 0.00 0.00 0.00 0.00
275   2   2  10   0   0   1 0 0 0 0 0.00 0.00 0.00 0.00
276   2   1   2   0   0   1 0 0 0 0 0.00 0.00 0.00 0.00
277   4   2  11   0   0   2 0 0 0 0 0.00 0.00 0.00 0.00
278   4   2  13   0   0   2 0 0 0 0 0.00 0.00 0.00 0.00
279   4   1   8   0   0   1 0 0 0 0 0.00 0.00 0.00 0.00
280   3   2   9   0   0   2 0 0 0 0 0.00 0.00 0.00 0.00
281   3   2   3   0   0   2 0 0 0 0 0.00 0.00 0.00 0.00
282   3   2  14   0   0   1 0 0 0 0 0.00 0.00 0.00 0.00
283   3   1  16   0   0   1 0 0 0 0 0.00 0.00 0.00 0.00
284   2   1   1   0   0   2 0 0 0 0 0.00 0.00 0.00 0.00
285   1   2   8   0   0   1 0 0 0 0 0.00 0.00 0.00 0.00
286   4   1   4   0   0   1 0 0 0 0 0.00 0.00 0.00 0.00
287   4   2   5   0   0   2 0 0 0 0 0.00 0.00 0.00 0.00
288   2   2  12   0   0   1 0 0 0 0 0.00 0.00 0.00 0.00
289   5   2   5   0   0   2 0 0 0 0 0.00 0.00 0.00 0.00
290   4   2   9   0   0   2 0 0 0 0 0.00 0.00 0.00 0.00
291   2   1   8   0   0   1 0 0 0 0 0.00 0.00 0.00 0.00
292   4   1   7   0   0   2 0 0 0 0 0.00 0.00 0.00 0.00
293   5   2   7   0   0   2 0 0 0 0 0.00 0.00 0.00 0.00
294   3   2  15   0   0   2 0 0 0 0 0.00 0.00 0.00 0.00
295   5   1   8   0   0   1 0 0 0 0 0.00 0.00 0.00 0.00
296   2   2  16   0   0   1 0 0 0 0 0.00 0.00 0.00 0.00
297   2   2   9   0   0   2 0 0 0 0 0.00 0.00 0.00 0.00
298   4   1   7   0   0   2 0 0 0 0 0.00 0.00 0.00 0.00
299   5   2   6   0   0   1 0 0 0 0 0.00 0.00 0.00 0.00
300   2   2   8   0   0   1 0 0 0 0 0.00 0.00 0.00 0.00
301   1   2  10   0   0   1 0 0 0 0 0.00 0.00 0.00 0.00
302   4   1   9   0   0   2 0 0 0 0 0.00 0.00 0.00 0.00
303   2   1   2   0   0   1 0 0 0 0 0.00 0.00 0.00 0.00
304   5   1  16   0   0   1 0 0 0 0 0.00 0.00 0.00 0.00
305   4   2   2   0   0   1 0 0 0 0 0.00 0.00 0.00 0.00
306   5   1  10   0   0   1 0 0 0 0 0.00 0.00 0.00 0.00
307   5   2   3   0   0   2 0 0 0 0 0.00 0.00 0.00 0.00
308   5   1   3   0   0   2 0 0 0 0 0.00 0.00 0.00 0.00
309   3   1   1   0   0   2 0 0 0 0 0.00 0.00 0.00 0.00
310   3   1  11   0   0   2 0 0 0 0 0.00 0.00 0.00 0.00
311   1   1   3   0   0   2 0 0 0 0 0.00 0.00 0.00 0.00
312   2   1   6   0   0   1 0 0 0 0 0.00 0.00 0.00 0.00
313   1   2   4   0   0   1 0 0 0 0 0.00 0.00 0.00 0.00
314   4   1   2   0   0   1 0 0 0 0 0.00 0.00 0.00 0.00
315   1   1   4   0   0   1 0 0 0 0 0.00 0.00 0.00 0.00
316   2   2  11   0   0   2 0 0 0 0 0.00 0.00 0.00 0.00
317   2   2   6   0   0   1 0 0 0 0 0.00 0.00 0.00 0.00
318   4   1   9   0   0   2 0 0 0 0 0.00 0.00 0.00 0.00
319   5   2  12   0   0   1 0 0 0 0 0.00 0.00 0.00 0.00
320   3   1   5   0   0   2 0 0 0 0 0.00 0.00 0.00 0.00
321   3   1  10   0   0   1 0 0 0 0 0.00 0.00 0.00 0.00
322   3   2   4   0   0   1 0 0 0 0 0.00 0.00 0.00 0.00
323   4   2   7   0   0   2 0 0 0 0 0.00 0.00 0.00 0.00
324   5   1  14   0   0   1 0 0 0 0 0.00 0.00 0.00 0.00
325   2   2  16   0   0   1 0 0 0 0 0.00 0.00 0.00 0.00
326   2   1  10   0   0   1 0 0 0 0 0.00 0.00 0.00 0.00
327   3   2  10   0   0   1 0 0 0 0 0.00 0.00 0.00 0.00
328   1   1   6   0   0   1 0 0 0 0 0.00 0.00 0.00 0.00
329   2   2   1   0   0   2 0 0 0 0 0.00 0.00 0.00 0.00
330   5   2  13   0   0   2 0 0 0 0 0.00 0.00 0.00 0.00
331   2   1  11   0   0   2 0 0 0 0 0.00 0.00 0.00 0.00
332   5   1  15   0   0   2 0 0 0 0 0.00 0.00 0.00 0.00
333   1   1   8   0   0   1 0 0 0 0 0.00 0.00 0.00 0.00
334   5   1  11   0   0   2 0 0 0 0 0.00 0.00 0.00 0.00
335   5   1  13   0   0   2 0 0 0 0 0.00 0.00 0.00 0.00
336   2   2   5   0   0   2 0 0 0 0 0.00 0.00 0.00 0.00
337   2   2  14   0   0   1 0 0 0 0 0.00 0.00 0.00 0.00
338   5   1   4   0   0   1 0 0 0 0 0.00 0.00 0.00 0.00
339   2   1  10   0   0   1 0 0 0 0 0.00 0.00 0.00 0.00
340   5   2  11   0   0   2 0 0 0 0 0.00 0.00 0.00 0.00
341   2   1   6   0   0   1 0 0 0 0 0.00 0.00 0.00 0.00
342   4   2   1   0   0   2 0 0 0 0 0.00 0.00 0.00 0.00
343   1   2   2   0   0   1 0 0 0 0 0.00 0.00 0.00 0.00
344   2   1  14   0   0   1 0 0 0 0 0.00 0.00 0.00 0.00
345   4   1  11   0   0   2 0 0 0 0 0.00 0.00 0.00 0.00
346   4   2  12   0   0   1 0 0 0 0 0.00 0.00 0.00 0.00
347   3   1   4   0   0   1 0 0 0 0 0.00 0.00 0.00 0.00
348   3   1   4   0   0   1 0 0 0 0 0.00 0.00 0.00 0.00
349   1   1  14   0   0   1 0 0 0 0 0.00 0.00 0.00 0.00
350   5   1   5   0   0   2 0 0 0 0 0.00 0.00 0.00 0.00
351   2   1   9   0   0   2 0 0 0 0 0.00 0.00 0.00 0.00
352   2   1   4   0   0   1 0 0 0 0 0.00 0.00 0.00 0.00
353   5   1   2   0   0   1 0 0 0 0 0.00 0.00 0.00 0.00
354   4   2   6   0   0   1 0 0 0 0 0.00 0.00 0.00 0.00
355   1   2   8   0   0   1 0 0 0 0 0.00 0.00 0.00 0.00
356   2   1  14   0   0   1 0 0 0 0 0.00 0.00 0.00 0.00
357   1   2  15   0   0   2 0 0 0 0 0.00 0.00 0.00 0.00
358   1   1   9   0   0   2 0 0 0 0 0.00 0.00 0.00 0.00
359   4   2  16   0   0   1 0 0 0 0 0.00 0.00 0.00 0.00
360   3   1   1   0   0   2 0 0 0 0 0.00 0.00 0.00 0.00
361   5   1   2   0   0   1 0 0 0 0 0.00 0.00 0.00 0.00
362   1   2  11   0   0   2 0 0 0 0 0.00 0.00 0.00 0.00
363   3   2   2   0   0   1 0 0 0 0 0.00 0.00 0.00 0.00
364   3   2   4   0   0   1 0 0 0 0 0.00 0.00 0.00 0.00
365   2   2   8   0   0   1 0 0 0 0 0.00 0.00 0.00 0.00
366   5   1   1   0   0   2 0 0 0 0 0.00 0.00 0.00 0.00
367   3   1   3   0   0   2 0 0 0 0 0.00 0.00 0.00 0.00
368   3   2  14   0   0   1 0 0 0 0 0.00 0.00 0.00 0.00
369   4   1  16   0   0   1 0 0 0 0 0.00 0.00 0.00 0.00
370   1   1   9   0   0   2 0 0 0 0 0.00 0.00 0.00 0.00
371   2   1   3   0   0   2 0 0 0 0 0.00 0.00 0.00 0.00
372   3   1  16   0   0   1 0 0 0 0 0.00 0.00 0.00 0.00
373   3   2   8   0   0   1 0 0 0 0 0.00 0.00 0.00 0.00
374   1   2   1   0   0   2 0 0 0 0 0.00 0.00 0.00 0.00
375   1   1  16   0   0   1 0 0 0 0 0.00 0.00 0.00 0.00
376   4   1   5   0   0   2 0 0 0 0 0.00 0.00 0.00 0.00
377   1   1   7   0   0   2 0 0 0 0 0.00 0.00 0.00 0.00
378   4   1   7   0   0   2 0 0 0 0 0.00 0.00 0.00 0.00
379   4   2   6   0   0   1 0 0 0 0 0.00 0.00 0.00 0.00
380   4   1   5   0   0   2 0 0 0 0 0.00 0.00 0.00 0.00
381   2   1   5   0   0   2 0 0 0 0 0.00 0.00 0.00 0.00
382   3   2   2   0   0   1 0 0 0 0 0.00 0.00 0.00 0.00
383   5   2   8   0   0   1 0 0 0 0 0.00 0.00 0.00 0.00
384   2   1   3   0   0   2 0 0 0 0 0.00 0.00 0.00 0.00
385   2   1  16   0   0   1 0 0 0 0 0.00 0.00 0.00 0.00
386   2   1   8   0   0   1 0 0 0 0 0.00 0.00 0.00 0.00
387   5   2   8   0   0   1 0 0 0 0 0.00 0.00 0.00 0.00
388   4   1   6   0   0   1 0 0 0 0 0.00 0.00 0.00 0.00
389   1   2  13   0   0   2 0 0 0 0 0.00 0.00 0.00 0.00
390   5   2  14   0   0   1 0 0 0 0 0.00 0.00 0.00 0.00
391   4   2   8   0   0   1 0 0 0 0 0.00 0.00 0.00 0.00
392   4   1   4   0   0   1 0 0 0 0 0.00 0.00 0.00 0.00
393   1   1   1   0   0   2 0 0 0 0 0.00 0.00 0.00 0.00
394   4   2  10   0   0   1 0 0 0 0 0.00 0.00 0.00 0.00
395   2   1   2   0   0   1 0 0 0 0 0.00 0.00 0.00 0.00
396   2   2   6   0   0   1 0 0 0 0 0.00 0.00 0.00 0.00
397   2   2  14   0   0   1 0 0 0 0 0.00 0.00 0.00 0.00
398   2   2  13   0   0   2 0 0 0 0 0.00 0.00 0.00 0.00
399   1   1   2   0   0   1 0 0 0 0 0.00 0.00 0.00 0.00
400   1   2  11   0   0   2 0 0 0 0 0.00 0.00 0.00 0.00
401   5   2   9   0   0   2 0 0 0 0 0.00 0.00 0.00 0.00
402   5   1  10   0   0   1 0 0 0 0 0.00 0.00 0.00 0.00
403   4   2  11   0   0   2 0 0 0 0 0.00 0.00 0.00 0.00
404   1   1   5   0   0   2 0 0 0 0 0.00 0.00 0.00 0.00
405   3   1   8   0   0   1 0 0 0 0 0.00 0.00 0.00 0.00
406   4   2   7   0   0   2 0 0 0 0 0.00 0.00 0.00 0.00
407   2   2  14   0   0   1 0 0 0 0 0.00 0.00 0.00 0.00
408   3   2   9   0   0   2 0 0 0 0 0.00 0.00 0.00 0.00
409   2   1   7   0   0   2 0 0 0 0 0.00 0.00 0.00 0.00
410   5   2   6   0   0   1 0 0 0 0 0.00 0.00 0.00 0.00
411   4   2  13   0   0   2 0 0 0 0 0.00 0.00 0.00 0.00
412   1   2   9   0   0   2 0 0 0 0 0.00 0.00 0.00 0.00
413   3   1  10   0   0   1 0 0 0 0 0.00 0.00 0.00 0.00
414   3   2   3   0   0   2 0 0 0 0 0.00 0.00 0.00 0.00
415   3   1   1   0   0   2 0 0 0 0 0.00 0.00 0.00 0.00
416   3   1   2   0   0   1 0 0 0 0 0.00 0.00 0.00 0.00
417   3   1  14   0   0   1 0 0 0 0 0.00 0.00 0.00 0.00
418   3   2  11   0   0   2 0 0 0 0 0.00 0.00 0.00 0.00
419   5   1   3   0   0   2 0 0 0 0 0.00 0.00 0.00 0.00
420   4   2  12   0   0   1 0 0 0 0 0.00 0.00 0.00 0.00
421   5   2   2   0   0   1 0 0 0 0 0.00 0.00 0.00 0.00
422   4   1   8   0   0   1 0 0 0 0 0.00 0.00 0.00 0.00
423   5   1  14   0   0   1 0 0 0 0 0.00 0.00 0.00 0.00
424   5   2   1   0   0   2 0 0 0 0 0.00 0.00 0.00 0.00
425   5   1   5   0   0   2 0 0 0 0 0.00 0.00 0.00 0.00
426   3   1  15   0   0   2 0 0 0 0 0.00 0.00 0.00 0.00
427   5   2  10   0   0   1 0 0 0 0 0.00 0.00 0.00 0.00
428   5   1  11   0   0   2 0 0 0 0 0.00 0.00 0.00 0.00
429   1   2   4   0   0   1 0 0 0 0 0.00 0.00 0.00 0.00
430   4   1  14   0   0   1 0 0 0 0 0.00 0.00 0.00 0.00
431   2   1   7   0   0   2 0 0 0 0 0.00 0.00 0.00 0.00
432   3   1   9   0   0   2 0 0 0 0 0.00 0.00 0.00 0.00
433   2   1  12   0   0   1 0 0 0 0 0.00 0.00 0.00 0.00
434   4   2   4   0   0   1 0 0 0 0 0.00 0.00 0.00 0.00
435   4   1  10   0   0   1 0 0 0 0 0.00 0.00 0.00 0.00
436   5   1  10   0   0   1 0 0 0 0 0.00 0.00 0.00 0.00
437   5   2  13   0   0   2 0 0 0 0 0.00 0.00 0.00 0.00
438   5   1  12   0   0   1 0 0 0 0 0.00 0.00 0.00 0.00
439   5   1   7   0   0   2 0 0 0 0 0.00 0.00 0.00 0.00
440   3   2  13   0   0   2 0 0 0 0 0.00 0.00 0.00 0.00
441   1   2   9   0   0   2 0 0 0 0 0.00 0.00 0.00 0.00
442   4   1   3   0   0   2 0 0 0 0 0.00 0.00 0.00 0.00
443   2   2   1   0   0   2 0 0 0 0 0.00 0.00 0.00 0.00
444   4   2  10   0   0   1 0 0 0 0 0.00 0.00 0.00 0.00
445   4   2   9   0   0   2 0 0 0 0 0.00 0.00 0.00 0.00
446   1   2  10   0   0   1 0 0 0 0 0.00 0.00 0.00 0.00
447   2   2   4   0   0   1 0 0 0 0 0.00 0.00 0.00 0.00
448   3   1   7   0   0   2 0 0 0 0 0.00 0.00 0.00 0.00
449   1   2   6   0   0   1 0 0 0 0 0.00 0.00 0.00 0.00
450   4   1   1   0   0   2 0 0 0 0 0.00 0.00 0.00 0.00
451   5   2  12   0   0   1 0 0 0 0 0.00 0.00 0.00 0.00
452   4   2   5   0   0   2 0 0 0 0 0.00 0.00 0.00 0.00
453   1   2  14   0   0   1 0 0 0 0 0.00 0.00 0.00 0.00
454   4   1   1   0   0   2 0 0 0 0 0.00 0.00 0.00 0.00
455   4   1   8   0   0   1 0 0 0 0 0.00 0.00 0.00 0.00
456   1   2   7   0   0   2 0 0 0 0 0.00 0.00 0.00 0.00
457   2   1  15   0   0   2 0 0 0 0 0.00 0.00 0.00 0.00
458   2   1  11   0   0   2 0 0 0 0 0.00 0.00 0.00 0.00
459   3   1  12   0   0   1 0 0 0 0 0.00 0.00 0.00 0.00
460   4   1  14   0   0   1 0 0 0 0 0.00 0.00 0.00 0.00
461   2   1  13   0   0   2 0 0 0 0 0.00 0.00 0.00 0.00
462   3   1  16   0   0   1 0 0 0 0 0.00 0.00 0.00 0.00
463   4   1  13   0   0   2 0 0 0 0 0.00 0.00 0.00 0.00
464   5   1  11   0   0   2 0 0 0 0 0.00 0.00 0.00 0.00
465   3   2   5   0   0   2 0 0 0 0 0.00 0.00 0.00 0.00
466   1   2  15   0   0   2 0 0 0 0 0.00 0.00 0.00 0.00
467   3   2   6   0   0   1 0 0 0 0 0.00 0.00 0.00 0.00
468   1   1   5   0   0   2 0 0 0 0 0.00 0.00 0.00 0.00
469   4   2  15   0   0   2 0 0 0 0 0.00 0.00 0.00 0.00
470   1   1  14   0   0   1 0 0 0 0 0.00 0.00 0.00 0.00
471   3   1  15   0   0   2 0 0 0 0 0.00 0.00 0.00 0.00
472   1   1   4   0   0   1 0 0 0 0 0.00 0.00 0.00 0.00
473   2   2   2   0   0   1 0 0 0 0 0.00 0.00 0.00 0.00
474   1   2   1   0   0   2 0 0 0 0 0.00 0.00 0.00 0.00
475   3   1   3   0   0   2 0 0 0 0 0.00 0.00 0.00 0.00
476   2   1   8   0   0   1 0 0 0 0 0.00 0.00 0.00 0.00
477   4   1  12   0   0   1 0 0 0 0 0.00 0.00 0.00 0.00
478   4   1  11   0   0   2 0 0 0 0 0.00 0.00 0.00 0.00
479   4   2   4   0   0   1 0 0 0 0 0.00 0.00 0.00 0.00
480   3   2  15   0   0   2 0 0 0 0 0.00 0.00 0.00 0.00
