0.50 0.50 0.50 0.50 0 0 0 0
0.50 0.50 0.50 0.50 0 0 0 0
0.55 0.55 0.55 0.55 0 0 0 0
0.55 0.55 0.55 0.55 0 0 0 0
0.60 0.60 0.60 0.60 0 0 0 0
0.60 0.60 0.60 0.60 0 0 0 0
0.65 0.65 0.65 0.65 0 0 0 0
0.65 0.65 0.65 0.65 0 1 0 1
0.70 0.60 0.70 0.60 0 0 0 0
0.70 0.60 0.70 0.60 0 0 0 0
0.75 0.65 0.75 0.65 0 0 0 0
0.75 0.65 0.75 0.65 0 0 0 0
0.80 0.70 0.80 0.70 0 0 0 0
0.80 0.70 0.80 0.70 0 0 0 0
0.85 0.75 0.85 0.75 0 0 0 0
0.85 0.75 0.85 0.75 0 0 0 0
0.90 0.80 0.90 0.80 0 0 0 0
0.90 0.80 0.90 0.80 0 0 0 0
0.95 0.85 0.95 0.85 0 0 0 0
0.95 0.85 0.95 0.85 0 0 0 0
1.00 0.90 1.00 0.90 0 0 0 0
1.00 0.90 1.00 0.90 0 0 0 0
1.00 0.95 1.00 0.95 0 0 0 0
1.00 0.95 1.00 0.95 0 1 0 1
1.00 0.90 1.00 0.90 0 0 0 0
1.00 0.90 1.00 0.90 0 0 0 0
1.00 0.95 1.00 0.95 0 0 0 0
1.00 0.95 1.00 0.95 0 0 0 0
1.00 1.00 1.00 1.00 0 0 0 0
1.00 1.00 1.00 1.00 1 0 1 0
0.95 1.00 0.95 1.00 0 0 0 0
0.95 1.00 0.95 1.00 0 0 0 0
1.00 1.00 1.00 1.00 0 0 0 0
1.00 1.00 1.00 1.00 1 1 1 1
0.95 0.95 0.95 0.95 0 0 0 0
0.95 0.95 0.95 0.95 0 1 0 1
1.00 0.90 1.00 0.90 0 0 0 0
1.00 0.90 1.00 0.90 0 0 0 0
1.00 0.95 1.00 0.95 0 0 0 0
1.00 0.95 1.00 0.95 0 0 0 0
1.00 1.00 1.00 1.00 1 1 1 1
0.95 0.95 0.95 0.95 0 0 0 0
0.95 0.95 0.95 0.95 0 0 0 0
1.00 1.00 1.00 1.00 0 0 0 0
1.00 1.00 1.00 1.00 0 0 0 0
1.00 1.00 1.00 1.00 0 1 0 1
1.00 0.95 1.00 0.95 0 0 0 0
1.00 0.95 1.00 0.95 0 0 0 0
1.00 1.00 1.00 1.00 0 0 0 0
1.00 1.00 1.00 1.00 1 1 1 1
0.95 0.95 0.95 0.95 0 0 0 0
0.95 0.95 0.95 0.95 0 0 0 0
1.00 1.00 1.00 1.00 0 0 1 0
1.00 1.00 0.95 1.00 1 1 1 1
0.95 0.95 0.90 0.95 1 1 1 1
0.90 0.90 0.85 0.90 1 1 1 1
0.85 0.85 0.80 0.85 1 1 0 0
0.80 0.80 0.80 0.85 0 0 0 0
0.80 0.80 0.85 0.90 0 0 0 0
0.85 0.85 0.85 0.90 0 0 0 0
0.85 0.85 0.90 0.95 0 0 0 0
0.90 0.90 0.90 0.95 0 0 0 0
0.90 0.90 0.95 1.00 0 0 0 0
0.95 0.95 0.95 1.00 1 1 1 1
0.90 0.90 0.90 0.95 1 1 0 0
0.85 0.85 0.90 0.95 0 0 0 0
0.85 0.85 0.95 1.00 0 1 1 1
0.90 0.80 0.90 0.95 0 0 0 0
0.90 0.80 0.90 0.95 0 0 0 0
0.95 0.85 0.95 1.00 1 1 1 1
0.90 0.80 0.90 0.95 0 0 0 0
0.90 0.80 0.90 0.95 0 0 0 0
0.95 0.85 0.95 1.00 0 0 0 0
0.95 0.85 0.95 1.00 0 0 0 0
1.00 0.90 1.00 1.00 0 0 0 0
1.00 0.90 1.00 1.00 1 1 1 1
0.95 0.85 0.95 0.95 0 0 0 0
0.95 0.85 0.95 0.95 0 0 0 0
1.00 0.90 1.00 1.00 1 1 1 1
0.95 0.85 0.95 0.95 0 0 0 0
0.95 0.85 0.95 0.95 0 0 0 0
1.00 0.90 1.00 1.00 0 0 0 0
1.00 0.90 1.00 1.00 0 0 0 0
1.00 0.95 1.00 1.00 0 0 0 0
1.00 0.95 1.00 1.00 0 0 0 0
1.00 1.00 1.00 1.00 1 1 1 1
0.95 0.95 0.95 0.95 0 0 0 0
0.95 0.95 0.95 0.95 1 1 1 1
0.90 0.90 0.90 0.90 0 0 0 0
0.90 0.90 0.90 0.90 1 1 1 1
0.85 0.85 0.85 0.85 0 0 0 0
0.85 0.85 0.85 0.85 0 0 0 0
0.90 0.90 0.90 0.90 0 0 0 0
0.90 0.90 0.90 0.90 1 1 1 1
0.85 0.85 0.85 0.85 0 0 0 0
0.85 0.85 0.85 0.85 1 1 1 1
0.80 0.80 0.80 0.80 1 1 1 0
0.75 0.75 0.75 0.80 0 0 0 0
0.75 0.75 0.75 0.85 1 1 1 1
0.70 0.70 0.70 0.80 1 1 1 1
0.65 0.65 0.65 0.75 1 1 1 1
0.60 0.60 0.60 0.70 0 0 0 0
0.60 0.60 0.60 0.70 0 0 0 0
0.65 0.65 0.65 0.75 0 1 0 1
0.65 0.60 0.65 0.70 0 0 0 0
0.70 0.60 0.70 0.70 0 0 0 0
0.70 0.65 0.70 0.75 1 1 1 0
0.65 0.60 0.65 0.75 1 1 1 1
0.60 0.55 0.60 0.70 0 0 0 0
0.60 0.55 0.60 0.70 0 0 0 0
0.65 0.60 0.65 0.75 1 1 1 1
0.60 0.55 0.60 0.70 1 1 0 1
0.55 0.50 0.60 0.65 1 1 1 0
0.50 0.45 0.55 0.65 0 0 0 0
0.50 0.45 0.55 0.70 0 0 0 0
0.55 0.50 0.60 0.70 0 0 0 0
0.55 0.50 0.60 0.75 1 1 1 1
0.50 0.45 0.55 0.70 0 0 0 0
0.50 0.45 0.55 0.70 0 0 0 0
0.55 0.50 0.60 0.75 0 0 0 0
0.55 0.50 0.60 0.75 0 0 0 0
0.60 0.55 0.65 0.80 0 0 1 1
0.60 0.55 0.60 0.75 0 0 0 0
0.65 0.60 0.60 0.75 0 0 0 0
0.65 0.60 0.65 0.80 0 0 0 0
0.70 0.65 0.65 0.80 0 0 0 0
0.70 0.65 0.70 0.85 0 0 0 0
0.75 0.70 0.70 0.85 0 0 0 0
0.75 0.70 0.75 0.90 0 0 0 0
0.80 0.75 0.75 0.90 0 1 0 1
0.80 0.70 0.80 0.85 0 1 0 0
0.85 0.65 0.80 0.85 0 1 0 0
0.85 0.60 0.85 0.90 1 1 0 1
0.80 0.55 0.85 0.85 0 0 0 0
0.80 0.55 0.90 0.85 0 1 0 0
0.85 0.50 0.90 0.90 0 0 0 0
0.85 0.50 0.95 0.90 0 0 0 0
0.90 0.55 0.95 0.95 1 1 1 0
0.85 0.50 0.90 0.95 0 0 0 0
0.85 0.50 0.90 1.00 1 1 1 1
0.80 0.45 0.85 0.95 0 0 0 0
0.80 0.45 0.85 0.95 1 1 1 0
0.75 0.40 0.80 1.00 0 1 1 0
0.75 0.35 0.75 1.00 0 0 0 0
0.80 0.35 0.75 1.00 0 0 0 0
0.80 0.40 0.80 1.00 0 0 0 0
0.85 0.40 0.80 1.00 0 0 0 0
0.85 0.45 0.85 1.00 0 0 0 0
0.90 0.45 0.85 1.00 1 1 1 0
0.85 0.40 0.80 1.00 0 0 0 0
0.85 0.40 0.80 1.00 0 0 0 0
0.90 0.45 0.85 1.00 1 1 1 1
0.85 0.40 0.80 0.95 1 1 0 0
0.80 0.35 0.80 0.95 0 0 1 0
0.80 0.35 0.75 1.00 1 1 1 0
0.75 0.30 0.70 1.00 0 0 0 0
0.75 0.30 0.70 1.00 0 0 0 0
0.80 0.35 0.75 1.00 0 0 0 0
0.80 0.35 0.75 1.00 0 0 0 0
0.85 0.40 0.80 1.00 0 0 0 0
0.85 0.40 0.80 1.00 1 1 1 0
0.80 0.35 0.75 1.00 0 0 0 0
0.80 0.35 0.75 1.00 0 0 0 0
0.85 0.40 0.80 1.00 0 0 0 0
0.85 0.40 0.80 1.00 1 1 1 1
0.80 0.35 0.75 0.95 0 0 0 0
0.80 0.35 0.75 0.95 0 0 0 0
0.85 0.40 0.80 1.00 0 0 0 0
0.85 0.40 0.80 1.00 0 0 0 0
0.90 0.45 0.85 1.00 0 0 0 0
0.90 0.45 0.85 1.00 0 0 0 0
0.95 0.50 0.90 1.00 1 1 1 1
0.90 0.45 0.85 0.95 1 1 1 1
0.85 0.40 0.80 0.90 0 0 0 0
0.85 0.40 0.80 0.90 0 0 0 0
0.90 0.45 0.85 0.95 0 0 0 0
0.90 0.45 0.85 0.95 0 0 0 0
0.95 0.50 0.90 1.00 0 0 0 0
0.95 0.50 0.90 1.00 1 1 1 1
0.90 0.45 0.85 0.95 0 0 0 0
0.90 0.45 0.85 0.95 0 0 0 0
0.95 0.50 0.90 1.00 0 0 0 0
0.95 0.50 0.90 1.00 0 0 0 0
1.00 0.55 0.95 1.00 0 0 0 0
1.00 0.55 0.95 1.00 0 0 0 0
1.00 0.60 1.00 1.00 0 0 0 0
1.00 0.60 1.00 1.00 0 0 0 0
1.00 0.65 1.00 1.00 0 0 0 0
1.00 0.65 1.00 1.00 0 0 0 0
1.00 0.70 1.00 1.00 1 1 1 1
0.95 0.65 0.95 0.95 0 0 0 0
0.95 0.65 0.95 0.95 0 0 0 0
1.00 0.70 1.00 1.00 0 0 0 0
1.00 0.70 1.00 1.00 0 0 0 0
1.00 0.75 1.00 1.00 0 0 0 0
1.00 0.75 1.00 1.00 0 0 0 0
1.00 0.80 1.00 1.00 0 0 0 0
1.00 0.80 1.00 1.00 0 0 0 0
1.00 0.85 1.00 1.00 0 0 0 0
1.00 0.85 1.00 1.00 0 0 0 0
1.00 0.90 1.00 1.00 0 0 0 0
1.00 0.90 1.00 1.00 1 1 1 0
0.95 0.85 0.95 1.00 1 1 1 0
0.90 0.80 0.90 1.00 1 1 1 0
0.85 0.75 0.85 1.00 0 0 0 0
0.85 0.75 0.85 1.00 1 1 0 0
0.80 0.70 0.90 1.00 1 1 1 0
0.75 0.65 0.85 1.00 1 1 0 0
0.70 0.60 0.85 1.00 0 0 0 0
0.70 0.60 0.90 1.00 0 0 0 0
0.75 0.65 0.90 1.00 1 1 0 0
0.70 0.60 0.95 1.00 1 1 1 0
0.65 0.55 0.90 1.00 1 1 1 0
0.60 0.50 0.85 1.00 1 1 1 0
0.55 0.45 0.80 1.00 0 0 0 0
0.55 0.45 0.80 1.00 0 0 0 0
0.60 0.50 0.85 1.00 0 0 0 0
0.60 0.50 0.85 1.00 0 0 0 0
0.65 0.55 0.90 1.00 0 0 0 0
0.65 0.55 0.90 1.00 1 1 0 0
0.60 0.50 0.95 1.00 0 0 0 0
0.60 0.50 0.95 1.00 1 1 1 0
0.55 0.45 0.90 1.00 1 1 0 0
0.50 0.40 0.90 1.00 0 0 0 0
0.50 0.40 0.95 1.00 0 0 0 0
0.55 0.45 0.95 1.00 0 0 0 0
0.55 0.45 1.00 1.00 0 0 0 0
0.60 0.50 1.00 1.00 0 0 0 0
0.60 0.50 1.00 1.00 1 1 1 0
0.55 0.45 0.95 1.00 1 1 1 0
0.50 0.40 0.90 1.00 0 0 0 0
0.50 0.40 0.90 1.00 0 0 0 0
0.55 0.45 0.95 1.00 0 0 0 0
0.55 0.45 0.95 1.00 0 0 0 0
0.60 0.50 1.00 1.00 0 0 0 0
0.60 0.50 1.00 1.00 0 0 0 0
0.65 0.55 1.00 1.00 0 0 0 0
0.65 0.55 1.00 1.00 1 1 0 0
0.60 0.50 1.00 1.00 1 0 1 0
0.55 0.50 0.95 1.00 0 0 0 0
0.55 0.55 0.95 1.00 0 0 0 0
0.60 0.55 1.00 1.00 0 0 0 0
0.60 0.60 1.00 1.00 1 1 1 0
0.55 0.55 0.95 1.00 1 1 1 0
0.50 0.50 0.90 1.00 1 1 0 0
0.45 0.45 0.90 1.00 0 0 0 0
0.45 0.45 0.95 1.00 0 0 0 0
0.50 0.50 0.95 1.00 0 0 0 0
0.50 0.50 1.00 1.00 0 0 0 0
0.55 0.55 1.00 1.00 0 0 0 0
0.55 0.55 1.00 1.00 0 0 0 0
0.60 0.60 1.00 1.00 1 1 1 0
0.55 0.55 0.95 1.00 0 0 0 0
0.55 0.55 0.95 1.00 0 0 0 0
0.60 0.60 1.00 1.00 0 0 0 0
0.60 0.60 1.00 1.00 0 0 0 0
0.65 0.65 1.00 1.00 0 0 0 0
0.65 0.65 1.00 1.00 0 0 0 0
0.70 0.70 1.00 1.00 0 0 0 0
0.70 0.70 1.00 1.00 0 0 0 0
0.75 0.75 1.00 1.00 0 0 0 0
0.75 0.75 1.00 1.00 0 0 0 0
0.80 0.80 1.00 1.00 0 0 0 0
0.80 0.80 1.00 1.00 0 0 0 0
0.85 0.85 1.00 1.00 1 1 0 1
0.80 0.80 1.00 0.95 1 1 0 0
0.75 0.75 1.00 0.95 0 0 0 0
0.75 0.75 1.00 1.00 0 0 0 0
0.80 0.80 1.00 1.00 1 1 1 0
0.75 0.75 0.95 1.00 1 1 1 0
0.70 0.70 0.90 1.00 0 0 0 0
0.70 0.70 0.90 1.00 0 0 0 0
0.75 0.75 0.95 1.00 0 0 0 0
0.75 0.75 0.95 1.00 0 0 0 0
0.80 0.80 1.00 1.00 1 1 1 0
0.75 0.75 0.95 1.00 1 1 1 0
0.70 0.70 0.90 1.00 0 0 0 0
0.70 0.70 0.90 1.00 0 0 0 0
0.75 0.75 0.95 1.00 0 0 0 0
0.75 0.75 0.95 1.00 1 0 1 0
0.70 0.80 0.90 1.00 1 1 0 0
0.65 0.75 0.90 1.00 0 1 0 0
0.65 0.70 0.95 1.00 1 0 1 0
0.60 0.70 0.90 1.00 0 0 0 0
0.60 0.75 0.90 1.00 1 1 1 0
0.55 0.70 0.85 1.00 1 1 1 0
0.50 0.65 0.80 1.00 1 0 1 0
0.45 0.65 0.75 1.00 1 0 0 0
0.40 0.70 0.75 1.00 0 0 0 0
0.40 0.70 0.80 1.00 0 0 0 0
0.45 0.75 0.80 1.00 0 0 0 0
0.45 0.75 0.85 1.00 0 0 0 0
0.50 0.80 0.85 1.00 0 0 0 0
0.50 0.80 0.90 1.00 1 1 1 1
0.45 0.75 0.85 0.95 1 1 0 0
0.40 0.70 0.85 0.95 1 1 1 0
0.35 0.65 0.80 1.00 0 0 0 0
0.35 0.65 0.80 1.00 0 0 0 0
0.40 0.70 0.85 1.00 0 0 0 0
0.40 0.70 0.85 1.00 0 0 0 0
0.45 0.75 0.90 1.00 0 0 0 0
0.45 0.75 0.90 1.00 0 0 0 0
0.50 0.80 0.95 1.00 0 0 0 0
0.50 0.80 0.95 1.00 0 0 0 0
0.55 0.85 1.00 1.00 0 0 0 0
0.55 0.85 1.00 1.00 0 0 0 0
0.60 0.90 1.00 1.00 0 0 0 0
0.60 0.90 1.00 1.00 1 1 1 0
0.55 0.85 0.95 1.00 0 0 0 0
0.55 0.85 0.95 1.00 0 0 0 0
0.60 0.90 1.00 1.00 1 1 0 0
0.55 0.85 1.00 1.00 1 0 0 0
0.50 0.85 1.00 1.00 1 1 1 0
0.45 0.80 0.95 1.00 1 1 1 0
0.40 0.75 0.90 1.00 1 1 0 0
0.35 0.70 0.90 1.00 0 1 0 1
0.35 0.65 0.95 0.95 0 0 0 0
0.40 0.65 0.95 0.95 0 0 0 0
0.40 0.70 1.00 1.00 1 1 1 0
0.35 0.65 0.95 1.00 1 1 1 1
0.30 0.60 0.90 0.95 0 0 0 0
0.30 0.60 0.90 0.95 0 0 0 0
0.35 0.65 0.95 1.00 0 0 0 0
0.35 0.65 0.95 1.00 0 0 0 0
0.40 0.70 1.00 1.00 0 0 0 0
0.40 0.70 1.00 1.00 0 0 0 0
0.45 0.75 1.00 1.00 1 1 1 1
0.40 0.70 0.95 0.95 0 0 0 0
0.40 0.70 0.95 0.95 0 0 0 0
0.45 0.75 1.00 1.00 0 0 0 0
0.45 0.75 1.00 1.00 0 1 0 1
0.50 0.70 1.00 0.95 1 0 1 0
0.45 0.70 0.95 0.95 0 0 0 0
0.45 0.75 0.95 1.00 0 0 0 0
0.50 0.75 1.00 1.00 0 0 0 0
0.50 0.80 1.00 1.00 0 0 0 0
0.55 0.80 1.00 1.00 0 0 0 0
0.55 0.85 1.00 1.00 0 0 0 0
0.60 0.85 1.00 1.00 0 0 0 0
0.60 0.90 1.00 1.00 1 1 0 0
0.55 0.85 1.00 1.00 0 0 0 0
0.55 0.85 1.00 1.00 0 0 0 0
0.60 0.90 1.00 1.00 0 0 0 0
0.60 0.90 1.00 1.00 0 0 0 0
0.65 0.95 1.00 1.00 0 0 0 0
0.65 0.95 1.00 1.00 0 0 0 0
0.70 1.00 1.00 1.00 0 0 0 0
0.70 1.00 1.00 1.00 1 1 1 0
0.65 0.95 0.95 1.00 0 0 0 0
0.65 0.95 0.95 1.00 0 0 0 0
0.70 1.00 1.00 1.00 0 0 0 0
0.70 1.00 1.00 1.00 0 0 0 0
0.75 1.00 1.00 1.00 0 0 0 0
0.75 1.00 1.00 1.00 0 0 0 0
0.80 1.00 1.00 1.00 0 0 0 0
0.80 1.00 1.00 1.00 0 0 0 0
0.85 1.00 1.00 1.00 0 0 0 0
0.85 1.00 1.00 1.00 0 0 0 0
0.90 1.00 1.00 1.00 0 0 0 0
0.90 1.00 1.00 1.00 0 0 0 0
0.95 1.00 1.00 1.00 0 0 0 0
0.95 1.00 1.00 1.00 0 0 0 0
1.00 1.00 1.00 1.00 0 0 0 0
1.00 1.00 1.00 1.00 0 0 0 0
1.00 1.00 1.00 1.00 0 0 0 0
1.00 1.00 1.00 1.00 0 0 0 0
1.00 1.00 1.00 1.00 0 0 0 0
1.00 1.00 1.00 1.00 0 0 0 0
1.00 1.00 1.00 1.00 0 0 0 0
1.00 1.00 1.00 1.00 0 0 0 0
1.00 1.00 1.00 1.00 0 0 0 0
1.00 1.00 1.00 1.00 1 1 1 0
0.95 0.95 0.95 1.00 1 1 1 0
0.90 0.90 0.90 1.00 0 0 0 0
0.90 0.90 0.90 1.00 1 1 1 0
0.85 0.85 0.85 1.00 1 1 1 0
0.80 0.80 0.80 1.00 1 1 1 0
0.75 0.75 0.75 1.00 1 1 1 1
0.70 0.70 0.70 0.95 0 0 0 0
0.70 0.70 0.70 0.95 1 1 1 1
0.65 0.65 0.65 0.90 0 0 0 0
0.65 0.65 0.65 0.90 0 0 0 0
0.70 0.70 0.70 0.95 0 0 0 0
0.70 0.70 0.70 0.95 1 1 1 0
0.65 0.65 0.65 1.00 0 0 0 0
0.65 0.65 0.65 1.00 1 1 1 1
0.60 0.60 0.60 0.95 1 1 1 0
0.55 0.55 0.55 0.95 0 0 0 0
0.55 0.55 0.55 1.00 0 0 0 0
0.60 0.60 0.60 1.00 0 0 0 0
0.60 0.60 0.60 1.00 1 1 1 1
0.55 0.55 0.55 0.95 0 0 0 0
0.55 0.55 0.55 0.95 0 0 0 0
0.60 0.60 0.60 1.00 0 0 0 0
0.60 0.60 0.60 1.00 0 0 0 0
0.65 0.65 0.65 1.00 0 0 0 0
0.65 0.65 0.65 1.00 0 0 0 0
0.70 0.70 0.70 1.00 0 0 0 0
0.70 0.70 0.70 1.00 0 0 0 0
0.75 0.75 0.75 1.00 0 0 0 0
0.75 0.75 0.75 1.00 0 0 0 0
0.80 0.80 0.80 1.00 0 0 0 0
0.80 0.80 0.80 1.00 0 0 0 0
0.85 0.85 0.85 1.00 0 0 0 0
0.85 0.85 0.85 1.00 0 0 0 0
0.90 0.90 0.90 1.00 1 1 1 0
0.85 0.85 0.85 1.00 0 0 0 0
0.85 0.85 0.85 1.00 0 0 0 0
0.90 0.90 0.90 1.00 0 0 0 0
0.90 0.90 0.90 1.00 0 0 0 0
0.95 0.95 0.95 1.00 0 0 0 0
0.95 0.95 0.95 1.00 0 0 0 0
1.00 1.00 1.00 1.00 0 0 0 0
1.00 1.00 1.00 1.00 0 0 0 0
1.00 1.00 1.00 1.00 1 1 1 1
0.95 0.95 0.95 0.95 1 1 1 0
0.90 0.90 0.90 0.95 0 0 0 0
0.90 0.90 0.90 1.00 0 0 0 0
0.95 0.95 0.95 1.00 0 0 0 0
0.95 0.95 0.95 1.00 0 0 0 0
1.00 1.00 1.00 1.00 0 0 0 0
1.00 1.00 1.00 1.00 0 0 0 0
1.00 1.00 1.00 1.00 1 1 1 1
0.95 0.95 0.95 0.95 0 0 0 0
0.95 0.95 0.95 0.95 0 0 0 0
1.00 1.00 1.00 1.00 0 0 0 0
1.00 1.00 1.00 1.00 0 0 0 0
1.00 1.00 1.00 1.00 0 0 0 0
1.00 1.00 1.00 1.00 0 0 0 0
1.00 1.00 1.00 1.00 0 0 0 0
1.00 1.00 1.00 1.00 0 0 0 0
1.00 1.00 1.00 1.00 0 0 0 0
1.00 1.00 1.00 1.00 1 1 1 0
0.95 0.95 0.95 1.00 0 0 0 0
0.95 0.95 0.95 1.00 0 0 0 0
1.00 1.00 1.00 1.00 0 0 0 0
1.00 1.00 1.00 1.00 0 0 0 0
1.00 1.00 1.00 1.00 0 0 0 0
1.00 1.00 1.00 1.00 0 0 0 0
1.00 1.00 1.00 1.00 0 0 0 0
1.00 1.00 1.00 1.00 0 0 0 0
1.00 1.00 1.00 1.00 0 0 0 0
1.00 1.00 1.00 1.00 0 0 0 0
1.00 1.00 1.00 1.00 1 0 1 0
0.95 1.00 0.95 1.00 1 1 0 0
0.90 0.95 0.95 1.00 1 1 1 0
0.85 0.90 0.90 1.00 0 0 0 1
0.85 0.90 0.90 0.95 1 0 1 0
0.80 0.95 0.85 0.95 1 1 1 0
0.75 0.90 0.80 1.00 1 0 0 0
0.70 0.90 0.80 1.00 0 0 0 0
0.70 0.95 0.85 1.00 0 0 0 0
0.75 0.95 0.85 1.00 0 0 0 0
0.75 1.00 0.90 1.00 1 1 1 1
0.70 0.95 0.85 0.95 0 0 0 0
0.70 0.95 0.85 0.95 0 0 0 0
0.75 1.00 0.90 1.00 0 0 0 0
0.75 1.00 0.90 1.00 0 0 0 0
0.80 1.00 0.95 1.00 0 0 0 0
0.80 1.00 0.95 1.00 1 1 1 0
0.75 0.95 0.90 1.00 1 1 1 0
0.70 0.90 0.85 1.00 0 0 0 0
0.70 0.90 0.85 1.00 0 0 0 0
0.75 0.95 0.90 1.00 0 0 0 0
0.75 0.95 0.90 1.00 0 0 0 0
0.80 1.00 0.95 1.00 0 0 0 0
0.80 1.00 0.95 1.00 0 0 0 0
0.85 1.00 1.00 1.00 0 0 0 0
0.85 1.00 1.00 1.00 0 0 0 0
0.90 1.00 1.00 1.00 0 0 0 0
0.90 1.00 1.00 1.00 0 0 0 0
0.95 1.00 1.00 1.00 1 1 1 0
0.90 0.95 0.95 1.00 1 0 0 0
0.85 0.95 0.95 1.00 0 0 0 0
0.85 1.00 1.00 1.00 0 0 0 0
0.90 1.00 1.00 1.00 0 0 0 0
0.90 1.00 1.00 1.00 0 0 0 0
0.95 1.00 1.00 1.00 0 0 0 0
0.95 1.00 1.00 1.00 1 1 1 1
0.90 0.95 0.95 0.95 0 0 0 0
