0.50 0.50 0.50 0.50 1 1 0 1
0.46 0.46 0.50 0.46 0 0 0 0
0.46 0.46 0.54 0.46 0 0 0 0
0.50 0.50 0.54 0.50 0 0 0 0
0.50 0.50 0.58 0.50 0 0 0 0
0.54 0.54 0.58 0.54 0 0 0 0
0.54 0.54 0.62 0.54 0 0 0 0
0.58 0.58 0.62 0.58 0 0 0 1
0.58 0.58 0.66 0.54 0 0 0 0
0.62 0.62 0.66 0.54 1 0 0 0
0.58 0.62 0.70 0.58 0 0 0 0
0.58 0.66 0.70 0.58 0 0 0 0
0.62 0.66 0.74 0.62 0 0 0 0
0.62 0.70 0.74 0.62 0 0 0 1
0.66 0.70 0.78 0.58 0 0 0 1
0.66 0.74 0.78 0.54 0 0 0 1
0.70 0.74 0.82 0.50 0 0 0 0
0.70 0.78 0.82 0.50 0 0 0 0
0.74 0.78 0.86 0.54 0 0 0 0
0.74 0.82 0.86 0.54 0 0 0 0
0.78 0.82 0.90 0.58 0 0 0 1
0.78 0.86 0.90 0.54 0 0 0 0
0.82 0.86 0.94 0.54 0 0 0 0
0.82 0.90 0.94 0.58 0 0 0 0
0.86 0.90 0.98 0.58 0 0 0 0
0.86 0.94 0.98 0.62 0 0 0 0
0.90 0.94 1.00 0.62 0 0 0 1
0.90 0.98 1.00 0.58 0 0 0 0
0.94 0.98 1.00 0.58 0 0 0 0
0.94 1.00 1.00 0.62 0 0 0 0
0.98 1.00 1.00 0.62 0 0 0 1
0.98 1.00 1.00 0.58 0 0 0 0
1.00 1.00 1.00 0.58 0 0 0 0
1.00 1.00 1.00 0.62 0 0 0 0
1.00 1.00 1.00 0.62 0 0 0 0
1.00 1.00 1.00 0.66 0 0 0 0
1.00 1.00 1.00 0.66 0 0 0 0
1.00 1.00 1.00 0.70 0 0 0 0
1.00 1.00 1.00 0.70 0 0 0 0
1.00 1.00 1.00 0.74 0 0 0 1
1.00 1.00 1.00 0.70 0 0 0 0
1.00 1.00 1.00 0.70 0 0 0 0
1.00 1.00 1.00 0.74 0 0 0 0
1.00 1.00 1.00 0.74 0 0 0 0
1.00 1.00 1.00 0.78 0 0 0 0
1.00 1.00 1.00 0.78 0 0 0 0
1.00 1.00 1.00 0.82 0 0 0 0
1.00 1.00 1.00 0.82 0 0 0 0
1.00 1.00 1.00 0.86 0 0 0 1
1.00 1.00 1.00 0.82 0 0 0 1
1.00 1.00 1.00 0.78 0 0 0 1
1.00 1.00 1.00 0.74 0 0 0 1
1.00 1.00 1.00 0.70 0 0 0 0
1.00 1.00 1.00 0.70 0 0 0 0
1.00 1.00 1.00 0.74 0 0 0 0
1.00 1.00 1.00 0.74 0 0 0 0
1.00 1.00 1.00 0.78 0 0 0 0
1.00 1.00 1.00 0.78 0 0 0 0
1.00 1.00 1.00 0.82 0 0 0 0
1.00 1.00 1.00 0.82 0 0 0 0
1.00 1.00 1.00 0.86 1 1 1 1
0.96 0.96 0.96 0.82 0 0 0 0
0.96 0.96 0.96 0.82 0 0 0 0
1.00 1.00 1.00 0.86 1 1 1 1
0.96 0.96 0.96 0.82 0 0 0 0
0.96 0.96 0.96 0.82 1 1 1 1
0.92 0.92 0.92 0.78 0 0 0 0
0.92 0.92 0.92 0.78 0 0 0 0
0.96 0.96 0.96 0.82 1 1 1 1
0.92 0.92 0.92 0.78 0 0 0 0
0.92 0.92 0.92 0.78 0 0 0 0
0.96 0.96 0.96 0.82 0 0 0 0
0.96 0.96 0.96 0.82 0 0 0 0
1.00 1.00 1.00 0.86 0 0 0 0
1.00 1.00 1.00 0.86 0 0 1 1
1.00 1.00 0.96 0.82 0 0 0 1
1.00 1.00 0.96 0.78 0 1 0 1
1.00 0.96 1.00 0.74 0 0 0 1
1.00 0.96 1.00 0.70 1 1 1 1
0.96 0.92 0.96 0.66 0 1 0 1
0.96 0.88 0.96 0.62 0 1 0 1
1.00 0.84 1.00 0.58 0 1 0 1
1.00 0.80 1.00 0.54 0 1 1 1
1.00 0.76 0.96 0.50 1 1 1 1
0.96 0.72 0.92 0.46 1 1 1 1
0.92 0.68 0.88 0.42 1 1 1 1
0.88 0.64 0.84 0.38 1 1 1 1
0.84 0.60 0.80 0.34 1 1 1 1
0.80 0.56 0.76 0.30 1 1 1 1
0.76 0.52 0.72 0.26 0 0 1 1
0.76 0.52 0.68 0.22 1 1 1 1
0.72 0.48 0.64 0.18 1 1 1 1
0.68 0.44 0.60 0.14 1 1 0 0
0.64 0.40 0.60 0.14 1 0 1 1
0.60 0.40 0.56 0.10 1 1 1 1
0.56 0.36 0.52 0.06 1 0 1 1
0.52 0.36 0.48 0.02 1 1 1 0
0.48 0.32 0.44 0.02 1 1 1 0
0.44 0.28 0.40 0.06 0 0 0 0
0.44 0.28 0.40 0.06 0 0 0 0
0.48 0.32 0.44 0.10 0 0 0 0
0.48 0.32 0.44 0.10 0 0 0 0
0.52 0.36 0.48 0.14 0 0 0 0
0.52 0.36 0.48 0.14 0 0 0 0
0.56 0.40 0.52 0.18 0 0 0 0
0.56 0.40 0.52 0.18 0 0 0 0
0.60 0.44 0.56 0.22 0 0 0 0
0.60 0.44 0.56 0.22 0 0 0 0
0.64 0.48 0.60 0.26 0 0 0 0
0.64 0.48 0.60 0.26 0 0 0 1
0.68 0.52 0.64 0.22 0 0 1 0
0.68 0.52 0.60 0.22 0 0 0 0
0.72 0.56 0.60 0.26 0 0 0 0
0.72 0.56 0.64 0.26 0 0 0 1
0.76 0.60 0.64 0.22 0 0 0 0
0.76 0.60 0.68 0.22 0 0 0 0
0.80 0.64 0.68 0.26 0 0 0 0
0.80 0.64 0.72 0.26 0 0 0 0
0.84 0.68 0.72 0.30 0 0 1 1
0.84 0.68 0.68 0.26 0 0 0 0
0.88 0.72 0.68 0.26 1 1 1 1
0.84 0.68 0.64 0.22 0 1 0 1
0.84 0.64 0.64 0.18 0 0 1 1
0.88 0.64 0.60 0.14 0 0 1 1
0.88 0.68 0.56 0.10 0 0 1 1
0.92 0.68 0.52 0.06 0 0 1 1
0.92 0.72 0.48 0.02 1 0 1 1
0.88 0.72 0.44 0.02 1 0 1 1
0.84 0.76 0.40 0.02 1 0 1 1
0.80 0.76 0.36 0.02 0 1 0 1
0.80 0.72 0.36 0.02 0 1 0 1
0.84 0.68 0.40 0.02 0 0 1 1
0.84 0.68 0.36 0.02 0 0 0 0
0.88 0.72 0.36 0.02 0 0 0 1
0.88 0.72 0.40 0.02 0 0 0 0
0.92 0.76 0.40 0.02 0 0 0 0
0.92 0.76 0.44 0.06 0 1 0 0
0.96 0.72 0.44 0.06 1 1 0 1
0.92 0.68 0.48 0.02 0 0 0 0
0.92 0.68 0.48 0.02 0 0 0 1
0.96 0.72 0.52 0.02 0 0 0 0
0.96 0.72 0.52 0.02 0 0 0 0
1.00 0.76 0.56 0.06 0 0 0 0
1.00 0.76 0.56 0.06 0 0 0 0
1.00 0.80 0.60 0.10 0 0 0 0
1.00 0.80 0.60 0.10 0 0 0 0
1.00 0.84 0.64 0.14 0 0 0 0
1.00 0.84 0.64 0.14 0 0 0 0
1.00 0.88 0.68 0.18 0 0 0 0
1.00 0.88 0.68 0.18 0 0 0 0
1.00 0.92 0.72 0.22 0 0 0 0
1.00 0.92 0.72 0.22 0 0 0 0
1.00 0.96 0.76 0.26 1 1 0 1
0.96 0.92 0.76 0.22 0 0 0 0
0.96 0.92 0.80 0.22 0 0 0 0
1.00 0.96 0.80 0.26 0 0 0 0
1.00 0.96 0.84 0.26 0 0 0 0
1.00 1.00 0.84 0.30 0 0 0 0
1.00 1.00 0.88 0.30 0 0 0 0
1.00 1.00 0.88 0.34 0 0 0 0
1.00 1.00 0.92 0.34 0 0 0 0
1.00 1.00 0.92 0.38 0 0 0 0
1.00 1.00 0.96 0.38 0 0 0 0
1.00 1.00 0.96 0.42 0 0 1 1
1.00 1.00 0.92 0.38 0 0 0 0
1.00 1.00 0.92 0.38 0 0 0 0
1.00 1.00 0.96 0.42 0 0 0 0
1.00 1.00 0.96 0.42 0 0 0 0
1.00 1.00 1.00 0.46 0 0 0 0
1.00 1.00 1.00 0.46 1 0 1 1
0.96 1.00 0.96 0.42 0 0 0 0
0.96 1.00 0.96 0.42 0 0 0 0
1.00 1.00 1.00 0.46 0 0 0 0
1.00 1.00 1.00 0.46 1 1 1 1
0.96 0.96 0.96 0.42 1 1 1 1
0.92 0.92 0.92 0.38 0 1 1 1
0.92 0.88 0.88 0.34 0 0 1 1
0.96 0.88 0.84 0.30 0 1 0 1
0.96 0.84 0.84 0.26 0 0 0 0
1.00 0.84 0.88 0.26 0 0 0 1
1.00 0.88 0.88 0.22 1 0 1 1
0.96 0.88 0.84 0.18 0 0 0 0
0.96 0.92 0.84 0.18 0 0 0 0
1.00 0.92 0.88 0.22 1 1 0 1
0.96 0.88 0.88 0.18 0 0 0 0
0.96 0.88 0.92 0.18 0 0 0 0
1.00 0.92 0.92 0.22 0 0 0 0
1.00 0.92 0.96 0.22 0 0 0 0
1.00 0.96 0.96 0.26 0 0 0 0
1.00 0.96 1.00 0.26 0 0 0 0
1.00 1.00 1.00 0.30 0 0 0 0
1.00 1.00 1.00 0.30 0 0 0 0
1.00 1.00 1.00 0.34 0 0 0 0
1.00 1.00 1.00 0.34 0 0 0 0
1.00 1.00 1.00 0.38 0 1 0 1
1.00 0.96 1.00 0.34 0 0 0 1
1.00 0.96 1.00 0.30 0 0 1 1
1.00 1.00 0.96 0.26 0 0 0 1
1.00 1.00 0.96 0.22 0 0 0 0
1.00 1.00 1.00 0.22 0 0 0 0
1.00 1.00 1.00 0.26 1 1 0 1
0.96 0.96 1.00 0.22 0 0 0 1
0.96 0.96 1.00 0.18 1 1 0 1
0.92 0.92 1.00 0.14 1 1 1 1
0.88 0.88 0.96 0.10 0 1 1 1
0.88 0.84 0.92 0.06 1 1 1 1
0.84 0.80 0.88 0.02 0 0 0 0
0.84 0.80 0.88 0.02 1 1 0 1
0.80 0.76 0.92 0.02 0 0 0 0
0.80 0.76 0.92 0.02 0 0 0 0
0.84 0.80 0.96 0.06 0 0 0 0
0.84 0.80 0.96 0.06 1 1 0 1
0.80 0.76 1.00 0.02 0 0 0 0
0.80 0.76 1.00 0.02 0 0 0 0
0.84 0.80 1.00 0.06 0 0 0 0
0.84 0.80 1.00 0.06 0 0 0 0
0.88 0.84 1.00 0.10 0 0 0 0
0.88 0.84 1.00 0.10 0 0 0 0
0.92 0.88 1.00 0.14 0 0 0 0
0.92 0.88 1.00 0.14 0 0 0 0
0.96 0.92 1.00 0.18 0 0 0 0
0.96 0.92 1.00 0.18 0 0 0 0
1.00 0.96 1.00 0.22 0 0 0 0
1.00 0.96 1.00 0.22 0 0 0 1
1.00 1.00 1.00 0.18 0 0 0 0
1.00 1.00 1.00 0.18 0 0 0 1
1.00 1.00 1.00 0.14 0 0 0 0
1.00 1.00 1.00 0.14 1 1 1 1
0.96 0.96 0.96 0.10 1 1 1 1
0.92 0.92 0.92 0.06 0 0 0 0
0.92 0.92 0.92 0.06 1 1 1 0
0.88 0.88 0.88 0.10 1 1 1 1
0.84 0.84 0.84 0.06 1 1 1 1
0.80 0.80 0.80 0.02 0 1 1 1
0.80 0.76 0.76 0.02 0 1 1 1
0.84 0.72 0.72 0.02 1 1 1 1
0.80 0.68 0.68 0.02 0 0 0 0
0.80 0.68 0.68 0.02 0 0 0 0
0.84 0.72 0.72 0.06 0 0 0 0
0.84 0.72 0.72 0.06 1 1 1 1
0.80 0.68 0.68 0.02 0 1 1 1
0.80 0.64 0.64 0.02 1 0 1 1
0.76 0.64 0.60 0.02 0 0 0 1
0.76 0.68 0.60 0.02 1 0 1 1
0.72 0.68 0.56 0.02 0 0 0 0
0.72 0.72 0.56 0.02 0 0 0 1
0.76 0.72 0.60 0.02 0 0 0 0
0.76 0.76 0.60 0.02 0 0 0 0
0.80 0.76 0.64 0.06 0 0 0 0
0.80 0.80 0.64 0.06 0 0 0 0
0.84 0.80 0.68 0.10 0 0 0 0
0.84 0.84 0.68 0.10 1 1 1 0
0.80 0.80 0.64 0.14 1 0 0 0
0.76 0.80 0.64 0.14 0 0 0 0
0.76 0.84 0.68 0.18 0 0 0 0
0.80 0.84 0.68 0.18 0 0 0 0
0.80 0.88 0.72 0.22 0 1 1 1
0.84 0.84 0.68 0.18 0 0 0 0
0.84 0.84 0.68 0.18 0 1 0 1
0.88 0.80 0.72 0.14 0 0 0 0
0.88 0.80 0.72 0.14 0 0 0 0
0.92 0.84 0.76 0.18 0 0 0 0
0.92 0.84 0.76 0.18 0 0 0 0
0.96 0.88 0.80 0.22 0 0 0 0
0.96 0.88 0.80 0.22 1 1 0 0
0.92 0.84 0.84 0.26 0 0 0 0
0.92 0.84 0.84 0.26 0 0 0 0
0.96 0.88 0.88 0.30 1 1 1 1
0.92 0.84 0.84 0.26 0 0 0 0
0.92 0.84 0.84 0.26 0 0 0 0
0.96 0.88 0.88 0.30 0 0 0 0
0.96 0.88 0.88 0.30 0 0 0 0
1.00 0.92 0.92 0.34 0 0 0 1
1.00 0.92 0.92 0.30 0 0 0 0
1.00 0.96 0.96 0.30 0 1 1 1
1.00 0.92 0.92 0.26 0 0 0 0
1.00 0.92 0.92 0.26 0 0 0 0
1.00 0.96 0.96 0.30 1 0 0 1
0.96 0.96 0.96 0.26 1 1 1 1
0.92 0.92 0.92 0.22 1 1 1 0
0.88 0.88 0.88 0.22 1 1 1 1
0.84 0.84 0.84 0.18 1 1 1 1
0.80 0.80 0.80 0.14 1 1 1 1
0.76 0.76 0.76 0.10 1 1 0 1
0.72 0.72 0.76 0.06 0 1 1 1
0.72 0.68 0.72 0.02 1 1 1 1
0.68 0.64 0.68 0.02 0 0 0 1
0.68 0.64 0.68 0.02 1 0 0 0
0.64 0.68 0.72 0.02 0 0 0 0
0.64 0.68 0.72 0.06 1 1 1 0
0.60 0.64 0.68 0.06 0 0 0 0
0.60 0.64 0.68 0.10 0 0 0 0
0.64 0.68 0.72 0.10 0 0 0 0
0.64 0.68 0.72 0.14 0 0 1 1
0.68 0.72 0.68 0.10 0 0 0 0
0.68 0.72 0.68 0.10 0 0 0 0
0.72 0.76 0.72 0.14 0 0 0 0
0.72 0.76 0.72 0.14 0 0 0 0
0.76 0.80 0.76 0.18 0 0 0 0
0.76 0.80 0.76 0.18 0 0 0 0
0.80 0.84 0.80 0.22 1 0 1 1
0.76 0.84 0.76 0.18 0 1 1 1
0.76 0.80 0.72 0.14 0 1 1 1
0.80 0.76 0.68 0.10 0 1 1 1
0.80 0.72 0.64 0.06 0 0 0 0
0.84 0.72 0.64 0.06 0 0 0 0
0.84 0.76 0.68 0.10 0 0 0 0
0.88 0.76 0.68 0.10 0 0 0 0
0.88 0.80 0.72 0.14 0 0 0 0
0.92 0.80 0.72 0.14 0 0 0 0
0.92 0.84 0.76 0.18 0 0 0 0
0.96 0.84 0.76 0.18 0 0 0 0
0.96 0.88 0.80 0.22 0 0 0 1
1.00 0.88 0.80 0.18 0 0 0 0
1.00 0.92 0.84 0.18 0 0 0 1
1.00 0.92 0.84 0.14 0 0 0 0
1.00 0.96 0.88 0.14 0 1 1 1
1.00 0.92 0.84 0.10 0 0 0 0
1.00 0.92 0.84 0.10 1 0 0 1
0.96 0.96 0.88 0.06 0 0 1 1
0.96 0.96 0.84 0.02 0 0 0 0
1.00 1.00 0.84 0.02 0 0 1 0
1.00 1.00 0.80 0.06 0 0 0 0
1.00 1.00 0.80 0.06 0 0 1 1
1.00 1.00 0.76 0.02 0 0 0 0
1.00 1.00 0.76 0.02 0 0 1 1
1.00 1.00 0.72 0.02 0 0 0 0
1.00 1.00 0.72 0.02 0 0 0 0
1.00 1.00 0.76 0.06 0 0 0 0
1.00 1.00 0.76 0.06 0 0 0 0
1.00 1.00 0.80 0.10 0 0 0 0
1.00 1.00 0.80 0.10 0 0 0 0
1.00 1.00 0.84 0.14 0 0 0 0
1.00 1.00 0.84 0.14 0 0 0 0
1.00 1.00 0.88 0.18 0 0 0 0
1.00 1.00 0.88 0.18 0 0 0 0
1.00 1.00 0.92 0.22 0 0 0 0
1.00 1.00 0.92 0.22 0 0 0 0
1.00 1.00 0.96 0.26 0 0 0 0
1.00 1.00 0.96 0.26 0 0 0 0
1.00 1.00 1.00 0.30 1 1 1 1
0.96 0.96 0.96 0.26 0 0 0 0
0.96 0.96 0.96 0.26 0 0 0 0
1.00 1.00 1.00 0.30 0 0 0 0
1.00 1.00 1.00 0.30 0 0 1 0
1.00 1.00 0.96 0.34 0 0 0 0
1.00 1.00 0.96 0.34 0 0 0 0
1.00 1.00 1.00 0.38 0 0 0 0
1.00 1.00 1.00 0.38 0 0 0 0
1.00 1.00 1.00 0.42 0 0 0 0
1.00 1.00 1.00 0.42 0 0 0 1
1.00 1.00 1.00 0.38 0 0 0 1
1.00 1.00 1.00 0.34 0 0 0 1
1.00 1.00 1.00 0.30 0 0 0 0
1.00 1.00 1.00 0.30 0 0 0 0
1.00 1.00 1.00 0.34 0 0 0 1
1.00 1.00 1.00 0.30 0 1 0 1
1.00 0.96 1.00 0.26 1 1 1 1
0.96 0.92 0.96 0.22 0 0 1 0
0.96 0.92 0.92 0.22 0 0 1 1
1.00 0.96 0.88 0.18 1 1 1 1
0.96 0.92 0.84 0.14 1 1 1 1
0.92 0.88 0.80 0.10 0 1 1 1
0.92 0.84 0.76 0.06 1 1 1 1
0.88 0.80 0.72 0.02 1 1 1 1
0.84 0.76 0.68 0.02 1 1 1 1
0.80 0.72 0.64 0.02 1 1 1 1
0.76 0.68 0.60 0.02 1 1 1 1
0.72 0.64 0.56 0.02 1 0 1 1
0.68 0.64 0.52 0.02 1 0 1 1
0.64 0.68 0.48 0.02 1 0 1 1
0.60 0.68 0.44 0.02 1 1 1 1
0.56 0.64 0.40 0.02 1 1 1 1
0.52 0.60 0.36 0.02 1 0 1 1
0.48 0.60 0.32 0.02 1 0 1 1
0.44 0.64 0.28 0.02 1 0 1 1
0.40 0.64 0.24 0.02 1 0 1 0
0.36 0.68 0.20 0.02 1 1 1 1
0.32 0.64 0.16 0.02 1 0 1 1
0.28 0.64 0.12 0.02 1 0 1 1
0.24 0.68 0.08 0.02 1 1 0 0
0.20 0.64 0.08 0.02 1 1 0 0
0.16 0.60 0.12 0.06 1 1 1 1
0.12 0.56 0.08 0.02 1 0 0 0
0.08 0.56 0.08 0.02 0 0 0 1
0.08 0.60 0.12 0.02 0 0 0 0
0.12 0.60 0.12 0.02 1 0 1 1
0.08 0.64 0.08 0.02 0 0 1 1
0.08 0.64 0.04 0.02 0 0 0 0
0.12 0.68 0.04 0.02 0 0 0 0
0.12 0.68 0.08 0.06 0 0 0 0
0.16 0.72 0.08 0.06 0 0 1 0
0.16 0.72 0.04 0.10 0 0 0 0
0.20 0.76 0.04 0.10 0 0 0 0
0.20 0.76 0.08 0.14 0 0 0 0
0.24 0.80 0.08 0.14 0 0 0 0
0.24 0.80 0.12 0.18 0 0 0 0
0.28 0.84 0.12 0.18 1 0 0 1
0.24 0.84 0.16 0.14 1 0 0 1
0.20 0.88 0.16 0.10 0 0 0 0
0.20 0.88 0.20 0.10 0 0 0 0
0.24 0.92 0.20 0.14 0 0 0 0
0.24 0.92 0.24 0.14 0 0 0 0
0.28 0.96 0.24 0.18 0 0 0 0
0.28 0.96 0.28 0.18 0 1 0 1
0.32 0.92 0.28 0.14 1 0 0 1
0.28 0.92 0.32 0.10 0 0 0 1
0.28 0.96 0.32 0.06 0 0 0 0
0.32 0.96 0.36 0.06 0 0 0 0
0.32 1.00 0.36 0.10 1 0 0 0
0.28 1.00 0.40 0.10 0 0 0 0
0.28 1.00 0.40 0.14 0 0 1 1
0.32 1.00 0.36 0.10 0 0 0 0
0.32 1.00 0.36 0.10 0 0 0 0
0.36 1.00 0.40 0.14 0 0 0 0
0.36 1.00 0.40 0.14 0 0 0 0
0.40 1.00 0.44 0.18 0 0 0 0
0.40 1.00 0.44 0.18 0 0 1 1
0.44 1.00 0.40 0.14 1 0 1 1
0.40 1.00 0.36 0.10 0 0 1 1
0.40 1.00 0.32 0.06 0 0 0 0
0.44 1.00 0.32 0.06 0 0 0 0
0.44 1.00 0.36 0.10 0 0 0 0
0.48 1.00 0.36 0.10 1 0 1 0
0.44 1.00 0.32 0.14 0 0 0 0
0.44 1.00 0.32 0.14 0 0 0 0
0.48 1.00 0.36 0.18 0 0 0 0
0.48 1.00 0.36 0.18 0 1 0 0
0.52 0.96 0.40 0.22 1 0 0 0
0.48 0.96 0.40 0.22 0 0 0 0
0.48 1.00 0.44 0.26 0 0 0 0
0.52 1.00 0.44 0.26 1 0 0 0
0.48 1.00 0.48 0.30 0 0 0 0
0.48 1.00 0.48 0.30 0 0 1 0
0.52 1.00 0.44 0.34 0 0 0 0
0.52 1.00 0.44 0.34 0 0 0 0
0.56 1.00 0.48 0.38 0 0 0 0
0.56 1.00 0.48 0.38 0 0 0 0
0.60 1.00 0.52 0.42 0 0 0 0
0.60 1.00 0.52 0.42 0 0 1 1
0.64 1.00 0.48 0.38 0 0 0 0
0.64 1.00 0.48 0.38 0 0 0 0
0.68 1.00 0.52 0.42 0 0 0 0
0.68 1.00 0.52 0.42 0 0 0 0
0.72 1.00 0.56 0.46 0 0 1 1
0.72 1.00 0.52 0.42 0 0 0 0
0.76 1.00 0.52 0.42 0 0 0 0
0.76 1.00 0.56 0.46 0 0 0 0
0.80 1.00 0.56 0.46 0 0 0 0
0.80 1.00 0.60 0.50 0 0 0 0
0.84 1.00 0.60 0.50 0 0 0 0
0.84 1.00 0.64 0.54 0 0 0 0
0.88 1.00 0.64 0.54 1 1 1 1
0.84 0.96 0.60 0.50 0 0 0 0
0.84 0.96 0.60 0.50 1 0 0 0
0.80 1.00 0.64 0.54 0 0 0 0
0.80 1.00 0.64 0.54 0 0 0 0
0.84 1.00 0.68 0.58 0 0 0 0
0.84 1.00 0.68 0.58 0 0 1 0
0.88 1.00 0.64 0.62 0 0 0 0
0.88 1.00 0.64 0.62 0 0 0 0
0.92 1.00 0.68 0.66 0 0 0 0
0.92 1.00 0.68 0.66 0 0 0 0
0.96 1.00 0.72 0.70 0 0 0 0
0.96 1.00 0.72 0.70 0 0 0 0
1.00 1.00 0.76 0.74 0 0 1 0
1.00 1.00 0.72 0.74 0 0 0 0
1.00 1.00 0.72 0.78 0 0 0 0
1.00 1.00 0.76 0.78 0 0 0 0
1.00 1.00 0.76 0.82 0 0 0 0
1.00 1.00 0.80 0.82 0 0 0 0
1.00 1.00 0.80 0.86 0 0 0 0
1.00 1.00 0.84 0.86 0 0 1 0
1.00 1.00 0.80 0.90 0 0 0 0
1.00 1.00 0.80 0.90 0 0 0 0
1.00 1.00 0.84 0.94 0 0 0 0
1.00 1.00 0.84 0.94 0 0 0 0
1.00 1.00 0.88 0.98 0 0 0 0
1.00 1.00 0.88 0.98 0 0 0 0
1.00 1.00 0.92 1.00 0 0 0 0
