0.20 0.35 0.20 0.35 0 0 0 0
0.20 0.35 0.20 0.35 1 1 1 1
0.15 0.30 0.15 0.30 0 0 0 0
0.15 0.30 0.15 0.30 0 0 0 0
0.20 0.35 0.20 0.35 0 0 0 0
0.20 0.35 0.20 0.35 1 1 1 1
0.15 0.30 0.15 0.30 0 0 0 0
0.15 0.30 0.15 0.30 0 0 0 0
0.20 0.35 0.20 0.35 0 0 0 0
0.20 0.35 0.20 0.35 1 1 1 1
0.15 0.30 0.15 0.30 0 0 0 0
0.15 0.30 0.15 0.30 0 0 0 0
0.20 0.35 0.20 0.35 1 1 1 1
0.15 0.30 0.15 0.30 0 0 0 0
0.15 0.30 0.15 0.30 1 1 1 1
0.10 0.25 0.10 0.25 0 0 0 0
0.10 0.25 0.10 0.25 0 0 0 0
0.15 0.30 0.15 0.30 0 0 0 0
0.15 0.30 0.15 0.30 0 0 0 0
0.20 0.35 0.20 0.35 0 0 0 0
0.20 0.35 0.20 0.35 0 0 0 0
0.25 0.40 0.25 0.40 0 1 1 1
0.25 0.35 0.20 0.35 1 0 1 0
0.20 0.35 0.15 0.35 0 0 0 0
0.20 0.40 0.15 0.40 0 0 0 0
0.25 0.40 0.20 0.40 1 0 1 0
0.20 0.45 0.15 0.45 0 0 0 0
0.20 0.45 0.15 0.45 1 1 1 1
0.15 0.40 0.10 0.40 1 1 1 1
0.10 0.35 0.05 0.35 1 1 1 1
0.05 0.30 0.02 0.30 1 1 1 1
0.02 0.25 0.02 0.25 0 0 0 0
0.02 0.25 0.02 0.25 0 0 0 0
0.07 0.30 0.07 0.30 0 0 0 0
0.07 0.30 0.07 0.30 1 1 1 1
0.02 0.25 0.02 0.25 0 0 0 0
0.02 0.25 0.02 0.25 0 0 0 0
0.07 0.30 0.07 0.30 0 0 0 0
0.07 0.30 0.07 0.30 0 0 0 0
0.12 0.35 0.12 0.35 1 1 1 1
0.07 0.30 0.07 0.30 0 0 0 0
0.07 0.30 0.07 0.30 0 1 0 1
0.12 0.25 0.12 0.25 1 1 1 1
0.07 0.20 0.07 0.20 1 0 1 1
0.02 0.20 0.02 0.15 0 0 0 0
0.02 0.25 0.02 0.15 0 0 0 0
0.07 0.25 0.07 0.20 1 0 1 1
0.02 0.30 0.02 0.15 0 1 0 1
0.02 0.25 0.02 0.10 0 0 0 0
0.07 0.25 0.07 0.10 0 0 0 0
0.07 0.30 0.07 0.15 0 0 0 0
0.12 0.30 0.12 0.15 1 0 1 0
0.07 0.35 0.07 0.20 1 0 1 0
0.02 0.35 0.02 0.20 0 0 0 0
0.02 0.40 0.02 0.25 0 0 0 0
0.07 0.40 0.07 0.25 0 0 0 0
0.07 0.45 0.07 0.30 0 0 0 0
0.12 0.45 0.12 0.30 1 0 1 1
0.07 0.50 0.07 0.25 0 1 0 1
0.07 0.45 0.07 0.20 0 0 0 0
0.12 0.45 0.12 0.20 0 0 0 0
0.12 0.50 0.12 0.25 1 0 1 0
0.07 0.50 0.07 0.25 0 0 0 0
0.07 0.55 0.07 0.30 0 0 0 0
0.12 0.55 0.12 0.30 0 1 0 1
0.12 0.50 0.12 0.25 0 0 0 0
0.17 0.50 0.17 0.25 0 0 0 0
0.17 0.55 0.17 0.30 0 0 0 0
0.22 0.55 0.22 0.30 0 0 0 0
0.22 0.60 0.22 0.35 0 0 0 0
0.27 0.60 0.27 0.35 0 0 0 0
0.27 0.65 0.27 0.40 1 0 1 0
0.22 0.65 0.22 0.40 0 0 0 0
0.22 0.70 0.22 0.45 0 0 0 0
0.27 0.70 0.27 0.45 1 1 1 1
0.22 0.65 0.22 0.40 1 1 1 1
0.17 0.60 0.17 0.35 0 0 0 0
0.17 0.60 0.17 0.35 0 0 0 0
0.22 0.65 0.22 0.40 0 0 0 0
0.22 0.65 0.22 0.40 0 1 0 1
0.27 0.60 0.27 0.35 1 1 1 1
0.22 0.55 0.22 0.30 1 1 1 1
0.17 0.50 0.17 0.25 1 1 1 1
0.12 0.45 0.12 0.20 0 0 0 0
0.12 0.45 0.12 0.20 1 1 1 1
0.07 0.40 0.07 0.15 0 0 0 0
0.07 0.40 0.07 0.15 0 0 0 0
0.12 0.45 0.12 0.20 0 0 0 0
0.12 0.45 0.12 0.20 1 1 1 1
0.07 0.40 0.07 0.15 0 0 0 0
0.07 0.40 0.07 0.15 0 0 0 0
0.12 0.45 0.12 0.20 0 0 0 0
0.12 0.45 0.12 0.20 0 0 0 0
0.17 0.50 0.17 0.25 1 1 1 1
0.12 0.45 0.12 0.20 1 1 1 1
0.07 0.40 0.07 0.15 0 1 0 1
0.07 0.35 0.07 0.10 0 0 0 0
0.12 0.35 0.12 0.10 0 0 0 0
0.12 0.40 0.12 0.15 0 0 0 0
0.17 0.40 0.17 0.15 1 1 1 1
0.12 0.35 0.12 0.10 0 0 0 0
0.12 0.35 0.12 0.10 0 0 0 0
0.17 0.40 0.17 0.15 0 0 0 0
0.17 0.40 0.17 0.15 0 0 0 0
0.22 0.45 0.22 0.20 0 0 0 0
0.22 0.45 0.22 0.20 0 0 0 0
0.27 0.50 0.27 0.25 0 0 0 0
0.27 0.50 0.27 0.25 1 1 1 1
0.22 0.45 0.22 0.20 1 0 1 0
0.17 0.45 0.17 0.20 0 0 0 0
0.17 0.50 0.17 0.25 0 0 0 0
0.22 0.50 0.22 0.25 1 1 1 1
0.17 0.45 0.17 0.20 0 0 0 0
0.17 0.45 0.17 0.20 0 0 0 0
0.22 0.50 0.22 0.25 0 0 0 0
0.22 0.50 0.22 0.25 1 1 1 1
0.17 0.45 0.17 0.20 0 0 0 0
0.17 0.45 0.17 0.20 1 1 1 1
0.12 0.40 0.12 0.15 0 0 0 0
0.12 0.40 0.12 0.15 0 0 0 0
0.17 0.45 0.17 0.20 0 0 0 0
0.17 0.45 0.17 0.20 0 0 0 0
0.22 0.50 0.22 0.25 1 1 1 1
0.17 0.45 0.17 0.20 0 0 0 0
0.17 0.45 0.17 0.20 0 0 0 0
0.22 0.50 0.22 0.25 0 0 0 0
0.22 0.50 0.22 0.25 0 0 0 0
0.27 0.55 0.27 0.30 0 0 0 0
0.27 0.55 0.27 0.30 1 1 1 1
0.22 0.50 0.22 0.25 0 0 0 0
0.22 0.50 0.22 0.25 0 0 0 0
0.27 0.55 0.27 0.30 0 0 0 0
0.27 0.55 0.27 0.30 0 0 0 0
0.32 0.60 0.32 0.35 1 1 1 1
0.27 0.55 0.27 0.30 1 1 1 1
0.22 0.50 0.22 0.25 1 1 1 1
0.17 0.45 0.17 0.20 1 1 1 1
0.12 0.40 0.12 0.15 0 0 0 0
0.12 0.40 0.12 0.15 0 0 0 0
0.17 0.45 0.17 0.20 1 1 1 1
0.12 0.40 0.12 0.15 1 1 1 1
0.07 0.35 0.07 0.10 0 0 0 0
0.07 0.35 0.07 0.10 0 0 0 0
0.12 0.40 0.12 0.15 0 0 0 0
0.12 0.40 0.12 0.15 0 0 0 0
0.17 0.45 0.17 0.20 0 0 0 0
0.17 0.45 0.17 0.20 0 0 0 0
0.22 0.50 0.22 0.25 0 0 0 0
0.22 0.50 0.22 0.25 1 1 1 1
0.17 0.45 0.17 0.20 1 0 1 0
0.12 0.45 0.12 0.20 0 0 0 0
0.12 0.50 0.12 0.25 0 0 0 0
0.17 0.50 0.17 0.25 0 0 0 0
0.17 0.55 0.17 0.30 0 0 0 0
0.22 0.55 0.22 0.30 0 0 0 0
0.22 0.60 0.22 0.35 0 0 0 0
0.27 0.60 0.27 0.35 0 0 0 0
0.27 0.65 0.27 0.40 0 0 0 0
0.32 0.65 0.32 0.40 1 1 1 1
0.27 0.60 0.27 0.35 1 1 1 1
0.22 0.55 0.22 0.30 0 0 0 0
0.22 0.55 0.22 0.30 0 0 0 0
0.27 0.60 0.27 0.35 1 1 1 1
0.22 0.55 0.22 0.30 1 1 1 1
0.17 0.50 0.17 0.25 0 0 0 0
0.17 0.50 0.17 0.25 0 0 0 0
0.22 0.55 0.22 0.30 0 0 0 0
0.22 0.55 0.22 0.30 0 0 0 0
0.27 0.60 0.27 0.35 0 0 0 0
0.27 0.60 0.27 0.35 0 0 0 0
0.32 0.65 0.32 0.40 0 0 0 0
0.32 0.65 0.32 0.40 0 0 0 0
0.37 0.70 0.37 0.45 0 0 0 0
0.37 0.70 0.37 0.45 1 1 1 1
0.32 0.65 0.32 0.40 0 0 0 0
0.32 0.65 0.32 0.40 0 0 0 0
0.37 0.70 0.37 0.45 0 0 0 0
0.37 0.70 0.37 0.45 0 0 0 0
0.42 0.75 0.42 0.50 0 0 0 0
0.42 0.75 0.42 0.50 1 1 1 1
0.37 0.70 0.37 0.45 1 1 1 1
0.32 0.65 0.32 0.40 1 1 1 1
0.27 0.60 0.27 0.35 1 1 1 1
0.22 0.55 0.22 0.30 1 1 1 1
0.17 0.50 0.17 0.25 0 0 0 0
0.17 0.50 0.17 0.25 0 0 0 0
0.22 0.55 0.22 0.30 0 0 0 0
0.22 0.55 0.22 0.30 0 0 0 0
0.27 0.60 0.27 0.35 0 0 0 0
0.27 0.60 0.27 0.35 0 0 0 0
0.32 0.65 0.32 0.40 0 0 0 0
0.32 0.65 0.32 0.40 0 0 0 0
0.37 0.70 0.37 0.45 0 0 0 0
0.37 0.70 0.37 0.45 1 1 1 1
0.32 0.65 0.32 0.40 1 1 1 1
0.27 0.60 0.27 0.35 1 1 1 1
0.22 0.55 0.22 0.30 1 1 1 1
0.17 0.50 0.17 0.25 0 0 0 0
0.17 0.50 0.17 0.25 0 0 0 0
0.22 0.55 0.22 0.30 0 0 0 0
0.22 0.55 0.22 0.30 0 0 0 0
0.27 0.60 0.27 0.35 0 0 0 0
0.27 0.60 0.27 0.35 0 0 0 0
0.32 0.65 0.32 0.40 0 0 0 0
0.32 0.65 0.32 0.40 0 0 0 0
0.37 0.70 0.37 0.45 1 1 1 1
0.32 0.65 0.32 0.40 1 1 1 1
0.27 0.60 0.27 0.35 1 1 1 1
0.22 0.55 0.22 0.30 1 1 1 1
0.17 0.50 0.17 0.25 0 0 0 0
0.17 0.50 0.17 0.25 0 0 0 0
0.22 0.55 0.22 0.30 0 0 0 0
0.22 0.55 0.22 0.30 0 0 0 0
0.27 0.60 0.27 0.35 1 1 1 1
0.22 0.55 0.22 0.30 1 1 1 1
0.17 0.50 0.17 0.25 0 0 0 0
0.17 0.50 0.17 0.25 0 0 0 0
0.22 0.55 0.22 0.30 1 1 1 1
0.17 0.50 0.17 0.25 0 0 0 0
0.17 0.50 0.17 0.25 0 0 0 0
0.22 0.55 0.22 0.30 0 0 0 0
0.22 0.55 0.22 0.30 0 0 0 0
0.27 0.60 0.27 0.35 0 0 0 0
0.27 0.60 0.27 0.35 0 0 0 0
0.32 0.65 0.32 0.40 0 0 0 0
0.32 0.65 0.32 0.40 0 0 0 0
0.37 0.70 0.37 0.45 1 1 1 1
0.32 0.65 0.32 0.40 0 0 0 0
0.32 0.65 0.32 0.40 0 0 0 0
0.37 0.70 0.37 0.45 1 1 1 1
0.32 0.65 0.32 0.40 1 1 1 1
0.27 0.60 0.27 0.35 0 0 0 0
0.27 0.60 0.27 0.35 0 0 0 0
0.32 0.65 0.32 0.40 0 0 0 0
0.32 0.65 0.32 0.40 0 0 0 0
0.37 0.70 0.37 0.45 0 0 0 0
0.37 0.70 0.37 0.45 1 1 1 1
0.32 0.65 0.32 0.40 1 1 1 1
0.27 0.60 0.27 0.35 0 0 0 0
0.27 0.60 0.27 0.35 1 1 1 1
0.22 0.55 0.22 0.30 0 0 0 0
0.22 0.55 0.22 0.30 0 0 0 0
0.27 0.60 0.27 0.35 0 0 0 0
0.27 0.60 0.27 0.35 1 1 1 1
0.22 0.55 0.22 0.30 1 1 1 1
0.17 0.50 0.17 0.25 0 0 0 0
0.17 0.50 0.17 0.25 0 0 0 0
0.22 0.55 0.22 0.30 0 0 0 0
0.22 0.55 0.22 0.30 0 0 0 0
0.27 0.60 0.27 0.35 1 1 1 1
0.22 0.55 0.22 0.30 1 1 1 1
0.17 0.50 0.17 0.25 0 0 0 0
0.17 0.50 0.17 0.25 0 0 0 0
0.22 0.55 0.22 0.30 0 0 0 0
0.22 0.55 0.22 0.30 0 0 0 0
0.27 0.60 0.27 0.35 1 1 1 1
0.22 0.55 0.22 0.30 1 1 1 1
0.17 0.50 0.17 0.25 1 1 1 1
0.12 0.45 0.12 0.20 0 0 0 0
0.12 0.45 0.12 0.20 0 0 0 0
0.17 0.50 0.17 0.25 1 1 1 1
0.12 0.45 0.12 0.20 1 1 1 1
0.07 0.40 0.07 0.15 0 0 0 0
0.07 0.40 0.07 0.15 0 0 0 0
0.12 0.45 0.12 0.20 0 0 0 0
0.12 0.45 0.12 0.20 0 0 0 0
0.17 0.50 0.17 0.25 1 1 1 1
0.12 0.45 0.12 0.20 0 0 0 0
0.12 0.45 0.12 0.20 0 0 0 0
0.17 0.50 0.17 0.25 0 0 0 0
0.17 0.50 0.17 0.25 0 0 0 0
0.22 0.55 0.22 0.30 0 0 0 0
0.22 0.55 0.22 0.30 0 0 0 0
0.27 0.60 0.27 0.35 1 1 1 1
0.22 0.55 0.22 0.30 1 1 1 1
0.17 0.50 0.17 0.25 1 1 1 1
0.12 0.45 0.12 0.20 0 0 0 0
0.12 0.45 0.12 0.20 0 0 0 0
0.17 0.50 0.17 0.25 1 1 1 1
0.12 0.45 0.12 0.20 0 0 0 0
0.12 0.45 0.12 0.20 1 1 1 1
0.07 0.40 0.07 0.15 0 0 0 0
0.07 0.40 0.07 0.15 0 0 0 0
0.12 0.45 0.12 0.20 1 1 1 1
0.07 0.40 0.07 0.15 0 0 0 0
0.07 0.40 0.07 0.15 0 0 0 0
0.12 0.45 0.12 0.20 0 0 0 0
0.12 0.45 0.12 0.20 1 0 1 0
0.07 0.50 0.07 0.25 0 0 0 0
0.07 0.50 0.07 0.25 0 0 0 0
0.12 0.55 0.12 0.30 1 0 1 1
0.07 0.55 0.07 0.25 0 0 0 0
0.07 0.60 0.07 0.25 0 0 0 0
0.12 0.60 0.12 0.30 1 0 1 1
0.07 0.65 0.07 0.25 0 0 0 0
0.07 0.65 0.07 0.25 0 0 0 0
0.12 0.70 0.12 0.30 0 0 0 0
0.12 0.70 0.12 0.30 0 0 0 0
0.17 0.75 0.17 0.35 0 0 0 0
0.17 0.75 0.17 0.35 0 0 0 0
0.22 0.80 0.22 0.40 1 1 1 1
0.17 0.75 0.17 0.35 0 0 0 0
0.17 0.75 0.17 0.35 1 1 1 1
0.12 0.70 0.12 0.30 0 0 0 0
0.12 0.70 0.12 0.30 0 0 0 0
0.17 0.75 0.17 0.35 1 1 1 1
0.12 0.70 0.12 0.30 0 0 0 0
0.12 0.70 0.12 0.30 0 0 0 0
0.17 0.75 0.17 0.35 1 1 1 1
0.12 0.70 0.12 0.30 1 1 1 1
0.07 0.65 0.07 0.25 0 0 0 0
0.07 0.65 0.07 0.25 0 0 0 0
0.12 0.70 0.12 0.30 1 1 1 1
0.07 0.65 0.07 0.25 0 0 0 0
0.07 0.65 0.07 0.25 0 0 0 0
0.12 0.70 0.12 0.30 1 1 1 1
0.07 0.65 0.07 0.25 0 0 0 0
0.07 0.65 0.07 0.25 0 0 0 0
0.12 0.70 0.12 0.30 1 1 1 1
0.07 0.65 0.07 0.25 0 1 0 1
0.07 0.60 0.07 0.20 0 0 0 0
0.12 0.60 0.12 0.20 0 0 0 0
0.12 0.65 0.12 0.25 0 1 0 1
0.17 0.60 0.17 0.20 0 0 0 0
0.17 0.60 0.17 0.20 0 1 0 1
0.22 0.55 0.22 0.15 0 0 0 0
0.22 0.55 0.22 0.15 1 1 1 1
0.17 0.50 0.17 0.10 0 0 0 0
0.17 0.50 0.17 0.10 0 1 0 1
0.22 0.45 0.22 0.05 0 0 0 0
0.22 0.45 0.22 0.05 0 0 0 0
0.27 0.50 0.27 0.10 0 0 0 0
0.27 0.50 0.27 0.10 0 0 0 0
0.32 0.55 0.32 0.15 0 0 0 0
0.32 0.55 0.32 0.15 0 0 0 0
0.37 0.60 0.37 0.20 1 1 1 1
0.32 0.55 0.32 0.15 1 1 1 1
0.27 0.50 0.27 0.10 0 0 0 0
0.27 0.50 0.27 0.10 0 0 0 0
0.32 0.55 0.32 0.15 0 0 0 0
0.32 0.55 0.32 0.15 0 0 0 0
0.37 0.60 0.37 0.20 0 0 0 0
0.37 0.60 0.37 0.20 1 1 1 1
0.32 0.55 0.32 0.15 0 0 0 0
0.32 0.55 0.32 0.15 0 0 0 0
0.37 0.60 0.37 0.20 1 1 1 1
0.32 0.55 0.32 0.15 0 1 0 1
0.32 0.50 0.32 0.10 0 0 0 0
0.37 0.50 0.37 0.10 0 0 0 0
0.37 0.55 0.37 0.15 0 0 0 0
0.42 0.55 0.42 0.15 0 0 0 0
0.42 0.60 0.42 0.20 0 0 0 0
0.47 0.60 0.47 0.20 1 1 0 0
0.42 0.55 0.47 0.25 0 0 0 0
0.42 0.55 0.52 0.25 1 1 1 1
0.37 0.50 0.47 0.20 1 1 1 1
0.32 0.45 0.42 0.15 1 1 1 1
0.27 0.40 0.37 0.10 0 0 0 0
0.27 0.40 0.37 0.10 1 1 1 1
0.22 0.35 0.32 0.05 0 0 0 0
0.22 0.35 0.32 0.05 1 0 1 0
0.17 0.40 0.27 0.10 0 0 0 0
0.17 0.40 0.27 0.10 0 0 0 0
0.22 0.45 0.32 0.15 0 0 0 0
0.22 0.45 0.32 0.15 0 0 0 0
0.27 0.50 0.37 0.20 1 1 1 1
0.22 0.45 0.32 0.15 0 0 0 0
0.22 0.45 0.32 0.15 0 0 0 0
0.27 0.50 0.37 0.20 0 0 0 0
0.27 0.50 0.37 0.20 0 0 0 0
0.32 0.55 0.42 0.25 1 1 1 1
0.27 0.50 0.37 0.20 1 1 1 1
0.22 0.45 0.32 0.15 1 1 1 1
0.17 0.40 0.27 0.10 0 0 0 0
0.17 0.40 0.27 0.10 0 0 0 0
0.22 0.45 0.32 0.15 0 0 0 0
0.22 0.45 0.32 0.15 0 0 0 0
0.27 0.50 0.37 0.20 0 0 0 0
0.27 0.50 0.37 0.20 0 0 0 0
0.32 0.55 0.42 0.25 1 1 1 1
0.27 0.50 0.37 0.20 1 1 1 1
0.22 0.45 0.32 0.15 0 0 0 0
0.22 0.45 0.32 0.15 0 0 0 0
0.27 0.50 0.37 0.20 1 1 1 1
0.22 0.45 0.32 0.15 1 1 1 1
0.17 0.40 0.27 0.10 0 0 0 0
0.17 0.40 0.27 0.10 0 0 0 0
0.22 0.45 0.32 0.15 0 0 0 0
0.22 0.45 0.32 0.15 0 0 0 0
0.27 0.50 0.37 0.20 1 1 1 1
0.22 0.45 0.32 0.15 0 0 0 0
0.22 0.45 0.32 0.15 1 1 1 1
0.17 0.40 0.27 0.10 0 0 0 0
0.17 0.40 0.27 0.10 0 0 0 0
0.22 0.45 0.32 0.15 0 0 0 0
0.22 0.45 0.32 0.15 0 0 0 0
0.27 0.50 0.37 0.20 0 0 0 0
0.27 0.50 0.37 0.20 1 1 1 1
0.22 0.45 0.32 0.15 0 0 0 0
0.22 0.45 0.32 0.15 1 1 1 1
0.17 0.40 0.27 0.10 0 0 0 0
0.17 0.40 0.27 0.10 0 0 0 0
0.22 0.45 0.32 0.15 1 1 1 1
0.17 0.40 0.27 0.10 1 1 1 1
0.12 0.35 0.22 0.05 0 1 1 0
0.12 0.30 0.17 0.05 0 0 0 0
0.17 0.30 0.17 0.10 0 0 0 0
0.17 0.35 0.22 0.10 0 0 0 0
0.22 0.35 0.22 0.15 0 0 0 0
0.22 0.40 0.27 0.15 1 1 1 1
0.17 0.35 0.22 0.10 1 0 1 0
0.12 0.35 0.17 0.10 0 0 0 0
0.12 0.40 0.17 0.15 0 0 0 0
0.17 0.40 0.22 0.15 0 0 0 0
0.17 0.45 0.22 0.20 0 0 0 0
0.22 0.45 0.27 0.20 0 0 0 0
0.22 0.50 0.27 0.25 0 0 0 0
0.27 0.50 0.32 0.25 0 0 0 0
0.27 0.55 0.32 0.30 0 0 0 0
0.32 0.55 0.37 0.30 0 0 0 0
0.32 0.60 0.37 0.35 0 0 0 0
0.37 0.60 0.42 0.35 1 1 1 1
0.32 0.55 0.37 0.30 1 1 1 1
0.27 0.50 0.32 0.25 0 0 0 0
0.27 0.50 0.32 0.25 0 0 0 0
0.32 0.55 0.37 0.30 0 0 0 0
0.32 0.55 0.37 0.30 0 0 0 0
0.37 0.60 0.42 0.35 0 0 0 0
0.37 0.60 0.42 0.35 0 0 0 0
0.42 0.65 0.47 0.40 0 0 0 0
0.42 0.65 0.47 0.40 0 0 0 0
0.47 0.70 0.52 0.45 0 0 0 0
0.47 0.70 0.52 0.45 0 0 0 0
0.52 0.75 0.57 0.50 1 1 1 1
0.47 0.70 0.52 0.45 1 1 1 1
0.42 0.65 0.47 0.40 1 1 1 1
0.37 0.60 0.42 0.35 1 1 1 1
0.32 0.55 0.37 0.30 1 1 1 1
0.27 0.50 0.32 0.25 1 0 1 0
0.22 0.50 0.27 0.25 0 0 0 0
0.22 0.55 0.27 0.30 0 0 0 0
0.27 0.55 0.32 0.30 0 0 0 0
0.27 0.60 0.32 0.35 1 0 1 0
0.22 0.60 0.27 0.35 0 0 0 0
0.22 0.65 0.27 0.40 0 0 0 0
0.27 0.65 0.32 0.40 0 0 0 0
0.27 0.70 0.32 0.45 1 0 1 1
0.22 0.70 0.27 0.40 0 0 0 0
0.22 0.75 0.27 0.40 1 1 1 1
0.17 0.70 0.22 0.35 0 0 0 0
0.17 0.70 0.22 0.35 1 1 1 1
0.12 0.65 0.17 0.30 0 0 0 0
0.12 0.65 0.17 0.30 0 0 0 0
0.17 0.70 0.22 0.35 0 0 0 0
0.17 0.70 0.22 0.35 0 0 0 0
0.22 0.75 0.27 0.40 1 1 1 1
0.17 0.70 0.22 0.35 1 1 1 1
0.12 0.65 0.17 0.30 0 0 1 0
0.12 0.65 0.12 0.30 0 0 0 0
0.17 0.70 0.12 0.35 0 1 0 1
0.17 0.65 0.17 0.30 0 0 0 0
0.22 0.65 0.17 0.30 0 0 0 0
0.22 0.70 0.22 0.35 0 0 0 0
0.27 0.70 0.22 0.35 0 0 0 0
0.27 0.75 0.27 0.40 0 0 0 0
0.32 0.75 0.27 0.40 0 0 0 0
0.32 0.80 0.32 0.45 0 0 0 0
0.37 0.80 0.32 0.45 0 0 0 0
0.37 0.85 0.37 0.50 0 0 0 0
0.42 0.85 0.37 0.50 0 0 0 0
0.42 0.90 0.42 0.55 0 0 0 0
0.47 0.90 0.42 0.55 1 1 1 1
0.42 0.85 0.37 0.50 0 0 0 0
0.42 0.85 0.37 0.50 1 1 1 1
0.37 0.80 0.32 0.45 0 0 0 0
0.37 0.80 0.32 0.45 1 1 0 0
0.32 0.75 0.37 0.50 0 0 0 0
0.32 0.75 0.37 0.50 0 1 1 1
0.37 0.70 0.32 0.45 1 1 1 1
0.32 0.65 0.27 0.40 0 0 0 0
