  1   4   1   3    5   0
  2   2   2   9   -2   0
  3   3   2  14    0   0
  4   1   2   9    0   1
  5   3   2   6   -6   0
  6   5   1   5    0   1
  7   4   2  15    0   1
  8   5   1   6  -10   0
  9   5   2   4    5   0
 10   4   1   6    0   1
 11   5   1  12    9   0
 12   3   1   3    0   1
 13   3   2  12    0   1
 14   1   1   3    5   0
 15   4   1  12    9   0
 16   3   1  14    0   1
 17   2   1   4    5   0
 18   1   2  13    0   1
 19   2   2  11    5   0
 20   1   1  10   -4   0
 21   1   1  12    4   0
 22   1   2  15   -5   0
 23   4   1  13   -9   0
 24   2   1   9   -4   0
 25   5   1   2  -10   0
 26   3   2  10   -4   0
 27   5   2   8    4   0
 28   2   1   4    0   1
 29   2   1   6    0   1
 30   4   1  10    0   1
 31   3   1  10   -4   0
 32   4   2   3   -3   0
 33   3   1  13   -8   0
 34   4   2   5  -10   0
 35   5   1   3    0   1
 36   1   1  12    0   1
 37   3   1   5    0   1
 38   3   1   4    0   1
 39   2   1  14    0   1
 40   1   1  15    0   1
 41   3   2   6  -10   0
 42   5   2  16    3   0
 43   1   1   7    0   1
 44   5   1   8    6   0
 45   3   2  11    8   0
 46   3   2  12    7   0
 47   2   2  15   -2   0
 48   5   1   4    0   1
 49   3   1   4    0   1
 50   2   2   2  -10   0
 51   4   1  13    0   1
 52   1   2   1   -5   0
 53   4   1   5    0   1
 54   3   1   8    9   0
 55   3   1   7    5   0
 56   4   1  12    0   1
 57   3   1   9    0   1
 58   1   1  14   -4   0
 59   2   2   4    2   0
 60   3   2   7    4   0
 61   5   2  13   -8   0
 62   3   2   4    2   0
 63   1   1   6   -7   0
 64   5   1  15    0   0
 65   2   1  12    0   1
 66   4   1   7    0   0
 67   5   2   2  -10   0
 68   5   2   7    4   0
 69   3   2   1    0   1
 70   5   1   7    4   0
 71   4   2   8    6   0
 72   4   1   9    0   1
 73   1   1  13    0   1
 74   1   1  16    0   1
 75   1   2  16    2   0
 76   4   2   1  -10   0
 77   1   1  10    0   1
 78   4   2   6    0   1
 79   2   2  13    0   1
 80   5   2   9   -4   0
 81   2   2  16    2   0
 82   5   1   9    0   0
 83   3   1   1   -5   0
 84   5   2   1   -2   0
 85   4   2   5   -2   0
 86   3   1  11    3   0
 87   1   2  10   -1   0
 88   3   1  12    3   0
 89   3   1   8    3   0
 90   5   2   5   -4   0
 91   4   1   5    0   1
 92   2   1  10   -1   0
 93   5   2   5    0   1
 94   4   2   4    5   0
 95   1   2  15    0   1
 96   3   2   7    4   0
 97   2   1  11    3   0
 98   2   1   6   -5   0
 99   3   2   6   -3   0
100   5   2  12    0   1
101   1   2   8    7   0
102   3   1   7    0   1
103   4   2   6   -6   0
104   5   1   4    4   0
105   5   2   3    2   0
106   4   2  14    0   1
107   5   1   5   -4   0
108   2   2   1  -10   0
109   5   1  12    8   0
110   4   1   3    0   1
111   4   1   8    8   0
112   4   2  13   -6   0
113   2   1   1    0   1
114   3   1   6   -9   0
115   2   1  13   -6   0
116   4   1   2    0   1
117   1   2   5   -3   0
118   1   2  14   -6   0
119   5   1   2  -10   0
120   2   2  13   -4   0
121   3   1  14   -6   0
122   3   2  13   -4   0
123   4   1   3    2   0
124   1   1  15    0   1
125   4   1  15   -4   0
126   4   1   9    0   1
127   5   1   5   -4   0
128   2   2  14   -4   0
129   5   2  14    0   1
130   2   2   3    3   0
131   1   2   1    0   1
132   4   1   1   -7   0
133   4   1   6    0   1
134   3   2   4    5   0
135   1   2  16    0   1
136   5   1  10    0   1
137   2   1   7    4   0
138   2   2  12    8   0
139   1   1   8    8   0
140   3   1   6   -7   0
141   1   2  12    9   0
142   5   2   7    0   1
143   3   1   2    0   1
144   2   1   3    0   1
145   1   1   9   -2   0
146   1   1   1   -6   0
147   1   1  10    0   1
148   2   1   5   -3   0
149   2   2  14   -6   0
150   5   2   1   -8   0
151   4   2   7    2   0
152   1   1   2  -10   0
153   5   2   5   -6   0
154   1   1   9    0   1
155   2   1  16    1   0
156   4   2   3    1   0
157   2   1  15   -1   0
158   5   2  10   -1   0
159   3   2   8    2   0
160   1   2  14   -5   0
161   5   2   6   -3   0
162   5   2   6   -2   0
163   2   2   5   -1   0
164   4   1  16    3   0
165   2   2   7    2   0
166   5   2   6   -5   0
167   2   2   9   -1   0
168   5   2  16    0   1
169   2   2  10    0   1
170   1   1   4    0   1
171   5   1   9    0   1
172   3   1   5   -5   0
173   3   1   3    0   1
174   2   2   5   -3   0
175   1   2  12    5   0
176   5   1  11    4   0
177   5   2  13   -6   0
178   4   1   9   -3   0
179   4   2   6   -8   0
180   3   2   3    1   0
181   4   2  13   -7   0
182   2   2  16    0   0
183   1   1   2  -10   0
184   4   2  11    3   0
185   2   1  12    8   0
186   3   1   2  -10   0
187   5   1  10    0   1
188   5   2   3    3   0
189   4   2  11    3   0
190   4   2  15   -2   0
191   1   1  14    0   1
192   4   1   5   -4   0
193   1   2   7    4   0
194   2   2   8    9   0
195   3   2  15   -4   0
196   4   1  16    0   1
197   1   2   8    6   0
198   3   1  10   -3   0
199   5   1  15    0   1
200   4   1  15    0   1
201   3   2   7    1   0
202   2   1   5   -2   0
203   2   2   3    2   0
204   3   1  11    1   0
205   5   1  15   -4   0
206   2   1  12    6   0
207   4   1   8    6   0
208   2   1   6   -4   0
209   3   2   8    6   0
210   2   2  10   -2   0
211   1   2  15    0   1
212   4   2  16    1   0
213   5   2  12    8   0
214   3   1  16    0   0
215   1   2  10   -3   0
216   5   2  15   -1   0
217   4   1   1   -6   0
218   2   2  14   -8   0
219   4   1   4    3   0
220   3   1  10    2   0
221   5   1   3    1   0
222   2   2  16    1   0
223   3   2  15   -2   0
224   3   2   8    6   0
225   5   2   9   -2   0
226   4   2  10   -5   0
227   3   1   7    3   0
228   1   2   2  -10   0
229   1   1   8    5   0
230   4   2   7    2   0
231   1   2   4    4   0
232   2   2  11    4   0
233   5   1  10   -3   0
234   4   1   6   -4   0
235   3   2   3    1   0
236   1   2  11    1   0
237   4   2   9   -4   0
238   1   2   8    4   0
239   2   2   4    0   1
240   1   2   2  -10   0
241   5   2   9   -1   0
242   5   1   3    1   0
243   1   2   9   -2   0
244   1   1   5   -5   0
245   3   1   9    1   0
246   2   2   5   -2   0
247   4   1   2  -10   0
248   2   2   9   -4   0
249   1   1   4    4   0
250   1   2   6   -4   0
251   2   1   5   -3   0
252   2   1   8    6   0
253   3   1  11    5   0
254   2   2  12   10   0
255   5   1   9    0   1
256   5   2   2  -10   0
257   1   1  13    0   1
258   2   1   9   -3   0
259   3   2  13   -7   0
260   2   1   7    2   0
261   1   2   3    2   0
262   2   2   4    5   0
263   4   2   8    9   0
264   3   1   4    4   0
265   2   2  15   -2   0
266   1   2   7    2   0
267   1   1  11    3   0
268   3   2  13   -4   0
269   1   2   5   -3   0
270   2   1   2    0   1
271   4   1  14   -5   0
272   4   1  11    5   0
273   5   1  16    3   0
274   3   2  10    1   0
275   3   2   9    0   0
276   4   2  12    6   0
277   3   2  11    3   0
278   2   1  11    2   0
279   1   1   6   -3   0
280   2   2  13   -3   0
281   5   2   4    6   0
282   4   2  10    0   0
283   4   1  10    1   0
284   4   2  13   -3   0
285   3   1   1   -7   0
286   3   2  16    3   0
287   4   1   7    2   0
288   1   2   1   -5   0
289   3   2  10   -2   0
290   3   1  15   -1   0
291   4   2   8   10   0
292   5   2   2    0   1
293   3   2  16    0   1
294   5   1  14   -6   0
295   3   2   9   -3   0
296   3   1   8    0   1
297   1   1   8    7   0
298   5   2   7    4   0
299   2   2   6   -5   0
300   5   1   2  -10   0
301   5   1  16    5   0
302   5   1   1   -7   0
303   3   1   2  -10   0
304   2   1  16    7   0
305   5   1   6   -4   0
306   4   2   4    6   0
307   5   2   1   -6   0
308   3   2   4    7   0
309   3   2  11    8   0
310   2   1  14   -6   0
311   1   2  12    6   0
312   4   2  14   -5   0
313   3   1  12    7   0
314   4   2  16    3   0
315   1   1  14    0   1
316   5   2   3    3   0
317   2   2   7    5   0
318   5   1  14   -6   0
319   3   2   3    3   0
320   2   2  15   -3   0
321   5   1   8    6   0
322   1   1  16    2   0
323   1   1   1   -8   0
324   2   2   3    2   0
325   5   2  15   -2   0
326   2   2   8    6   0
327   5   1  14  -10   0
328   4   2  11    5   0
329   1   2  10   -1   0
330   4   1   8   10   0
331   2   2   1  -10   0
332   2   2   7    0   1
333   1   1   5    0   1
334   4   1  14  -10   0
335   3   2   1   -4   0
336   2   1  10   -8   0
337   3   2  14   -8   0
338   3   1  15    0   0
339   4   2  14   -4   0
340   2   2   1   -5   0
341   1   2   3    2   0
342   5   2  12   10   0
343   1   1  16    5   0
344   4   2   1   -7   0
345   5   1  13   -5   0
346   4   1  10   -4   0
347   2   1  16    2   0
348   1   2   5   -3   0
349   3   2  14    0   0
350   2   2   6  -10   0
351   4   2  12    8   0
352   2   1  15   -5   0
353   3   1   5   -4   0
354   2   1  10   -8   0
355   1   2   6   -3   0
356   4   2   2  -10   0
357   4   1   2    0   1
358   1   2  16    2   0
359   1   1   7    5   0
360   5   2  10   -3   0
361   5   1  11    4   0
362   1   1  11    2   0
363   2   1   9    0   1
364   4   2   7    5   0
365   1   1   3    0   1
366   3   1  16    5   0
367   1   1   6    0   1
368   1   1   5   -4   0
369   5   2  11    4   0
370   3   1  16    0   1
371   4   1  16    0   1
372   1   2   2  -10   0
373   1   2   9   -4   0
374   3   2   5   -3   0
375   3   1  14    0   1
376   5   1  12   10   0
377   1   2  14  -10   0
378   5   2   8   10   0
379   3   2   5   -4   0
380   4   1   4    2   0
381   4   1  13   -7   0
382   2   1   4    0   1
383   2   2   8    5   0
384   3   2  15   -7   0
385   4   1  12    8   0
386   5   2  14   -7   0
387   1   2   4    6   0
388   1   1   1   -5   0
389   1   2  13   -8   0
390   5   2  14  -10   0
391   1   1   3    1   0
392   2   1   1   -2   0
393   3   1  15    0   1
394   2   1   7    2   0
395   4   1  11    4   0
396   5   1  16    6   0
397   1   2  11    2   0
398   3   2  16    8   0
399   1   1   4    9   0
400   2   1   1   -5   0
401   3   1  13   -6   0
402   2   1  14   -9   0
403   5   2  10    0   0
404   5   1  13   -5   0
405   2   1  11    2   0
406   1   2  11    2   0
407   5   2  13   -5   0
408   5   2  15   -4   0
409   3   2   9   -7   0
410   4   2   2  -10   0
411   3   1  12    7   0
412   4   2  16    3   0
413   4   1  15   -2   0
414   2   2   6   -8   0
415   2   1  13   -4   0
416   3   1  13   -3   0
417   5   1   8    5   0
418   2   1   3    2   0
419   4   1  14   -6   0
420   1   1  12    0   0
421   1   1   9   -4   0
422   1   2   7    5   0
423   5   1   1   -5   0
424   2   1   3    2   0
425   5   2  16    2   0
426   3   1   3    2   0
427   4   1   4    3   0
428   5   1   6  -10   0
429   5   2  11    4   0
430   4   1  11    0   1
431   5   1  11    4   0
432   1   2   3    2   0
433   5   1   7    0   1
434   3   2   2  -10   0
435   2   2  11    0   1
436   1   1  15   -5   0
437   2   1  13   -5   0
438   5   2  11    3   0
439   5   1   4    0   1
440   2   2  12    9   0
441   1   1   7    0   1
442   4   2   9   -4   0
443   3   2   2  -10   0
444   5   2   4    5   0
445   4   1   1   -5   0
446   2   1   2  -10   0
447   5   1   1   -4   0
448   3   2  12    6   0
449   1   2   4    3   0
450   2   2   2   -8   0
451   3   1   1   -4   0
452   3   1   9   -3   0
453   1   2   6   -7   0
454   1   1  13   -4   0
455   4   1   7    5   0
456   4   2  10   -3   0
457   2   1   8    5   0
458   2   2   2  -10   0
459   4   2   5   -5   0
460   3   2   1   -4   0
461   2   2  10   -3   0
462   3   2   2  -10   0
463   3   1   6    0   1
464   4   2   1   -4   0
465   4   2   4    6   0
466   4   2  15   -4   0
467   5   1  13   -6   0
468   1   1  11    5   0
469   1   2  13   -7   0
470   4   2   9   -4   0
471   4   2   3    2   0
472   2   1   2  -10   0
473   2   1   8    6   0
474   5   2   8    6   0
475   1   1   2  -10   0
476   5   1   7    0   1
477   3   2   5   -4   0
478   4   2   2  -10   0
479   4   2  12    5   0
480   2   1  15   -7   0
