0.34 0.32 0.64 0.32 0 0 0 0
0.34 0.32 0.64 0.32 0 0 0 0
0.38 0.36 0.68 0.36 1 0 0 1
0.34 0.36 0.68 0.32 0 0 0 0
0.34 0.40 0.72 0.32 0 0 0 0
0.38 0.40 0.72 0.36 1 1 1 1
0.34 0.36 0.68 0.32 0 0 0 0
0.34 0.36 0.68 0.32 0 0 0 0
0.38 0.40 0.72 0.36 0 0 0 0
0.38 0.40 0.72 0.36 0 0 0 0
0.42 0.44 0.76 0.40 0 1 0 0
0.42 0.40 0.76 0.40 1 1 1 0
0.38 0.36 0.72 0.44 1 0 1 1
0.34 0.36 0.68 0.40 1 1 1 1
0.30 0.32 0.64 0.36 1 0 1 1
0.26 0.32 0.60 0.32 1 0 1 1
0.22 0.36 0.56 0.28 0 1 0 0
0.22 0.32 0.56 0.28 0 0 0 0
0.26 0.32 0.60 0.32 0 0 0 0
0.26 0.36 0.60 0.32 1 1 0 0
0.22 0.32 0.64 0.36 1 1 0 1
0.18 0.28 0.64 0.32 0 1 0 0
0.18 0.24 0.68 0.32 0 0 0 0
0.22 0.24 0.68 0.36 0 0 1 0
0.22 0.28 0.64 0.36 0 0 0 0
0.26 0.28 0.64 0.40 1 1 1 1
0.22 0.24 0.60 0.36 0 0 0 0
0.22 0.24 0.60 0.36 0 0 1 1
0.26 0.28 0.56 0.32 0 0 0 0
0.26 0.28 0.56 0.32 1 1 1 1
0.22 0.24 0.52 0.28 0 0 0 0
0.22 0.24 0.52 0.28 0 0 0 0
0.26 0.28 0.56 0.32 0 0 0 0
0.26 0.28 0.56 0.32 0 1 0 0
0.30 0.24 0.60 0.36 0 0 0 0
0.30 0.24 0.60 0.36 0 0 0 0
0.34 0.28 0.64 0.40 1 0 0 1
0.30 0.28 0.64 0.36 0 1 1 1
0.30 0.24 0.60 0.32 1 1 0 0
0.26 0.20 0.60 0.32 0 0 0 0
0.26 0.20 0.64 0.36 0 0 0 0
0.30 0.24 0.64 0.36 0 0 0 0
0.30 0.24 0.68 0.40 0 0 0 0
0.34 0.28 0.68 0.40 0 1 1 0
0.34 0.24 0.64 0.44 0 0 0 0
0.38 0.24 0.64 0.44 0 0 1 1
0.38 0.28 0.60 0.40 0 0 0 0
0.42 0.28 0.60 0.40 0 1 0 1
0.42 0.24 0.64 0.36 0 0 0 0
0.46 0.24 0.64 0.36 0 0 0 0
0.46 0.28 0.68 0.40 0 0 1 1
0.50 0.28 0.64 0.36 0 0 0 0
0.50 0.32 0.64 0.36 0 0 1 1
0.54 0.32 0.60 0.32 0 0 0 0
0.54 0.36 0.60 0.32 1 1 0 1
0.50 0.32 0.64 0.28 0 0 0 0
0.50 0.32 0.64 0.28 0 1 0 1
0.54 0.28 0.68 0.24 1 1 1 1
0.50 0.24 0.64 0.20 0 0 0 0
0.50 0.24 0.64 0.20 0 0 0 0
0.54 0.28 0.68 0.24 0 1 0 0
0.54 0.24 0.68 0.24 1 1 1 0
0.50 0.20 0.64 0.28 0 0 0 0
0.50 0.20 0.64 0.28 0 0 0 0
0.54 0.24 0.68 0.32 1 0 1 0
0.50 0.24 0.64 0.32 0 0 0 0
0.50 0.28 0.64 0.36 0 1 1 1
0.54 0.24 0.60 0.32 1 0 1 0
0.50 0.24 0.56 0.32 1 0 1 1
0.46 0.28 0.52 0.28 1 1 1 0
0.42 0.24 0.48 0.28 1 0 0 1
0.38 0.24 0.48 0.24 0 0 0 0
0.38 0.28 0.52 0.24 1 0 1 0
0.34 0.28 0.48 0.28 1 0 1 0
0.30 0.32 0.44 0.28 0 0 0 1
0.30 0.32 0.44 0.24 1 0 0 0
0.26 0.36 0.48 0.24 1 1 0 0
0.22 0.32 0.48 0.28 1 0 1 0
0.18 0.32 0.44 0.28 0 0 0 0
0.18 0.36 0.44 0.32 0 1 1 0
0.22 0.32 0.40 0.32 0 1 0 1
0.22 0.28 0.40 0.28 0 0 0 0
0.26 0.28 0.44 0.28 1 1 1 1
0.22 0.24 0.40 0.24 1 0 1 0
0.18 0.24 0.36 0.24 1 0 1 1
0.14 0.28 0.32 0.20 0 0 0 0
0.14 0.28 0.32 0.20 0 1 0 0
0.18 0.24 0.36 0.24 0 0 0 0
0.18 0.24 0.36 0.24 0 0 1 0
0.22 0.28 0.32 0.28 0 0 0 0
0.22 0.28 0.32 0.28 1 1 1 1
0.18 0.24 0.28 0.24 0 0 0 0
0.18 0.24 0.28 0.24 0 0 0 0
0.22 0.28 0.32 0.28 1 1 0 1
0.18 0.24 0.32 0.24 0 0 0 0
0.18 0.24 0.36 0.24 1 0 1 1
0.14 0.28 0.32 0.20 1 1 1 0
0.10 0.24 0.28 0.20 1 1 1 0
0.06 0.20 0.24 0.24 0 0 0 0
0.06 0.20 0.24 0.24 0 0 1 1
0.10 0.24 0.20 0.20 0 0 0 0
0.10 0.24 0.20 0.20 0 0 0 0
0.14 0.28 0.24 0.24 0 0 0 0
0.14 0.28 0.24 0.24 0 0 0 0
0.18 0.32 0.28 0.28 0 0 0 0
0.18 0.32 0.28 0.28 0 0 0 0
0.22 0.36 0.32 0.32 0 0 0 0
0.22 0.36 0.32 0.32 0 0 1 1
0.26 0.40 0.28 0.28 0 1 0 0
0.26 0.36 0.28 0.28 0 1 0 0
0.30 0.32 0.32 0.32 1 0 1 1
0.26 0.32 0.28 0.28 0 1 1 1
0.26 0.28 0.24 0.24 1 1 0 0
0.22 0.24 0.24 0.24 0 0 0 0
0.22 0.24 0.28 0.28 0 0 0 0
0.26 0.28 0.28 0.28 0 0 0 0
0.26 0.28 0.32 0.32 0 1 0 0
0.30 0.24 0.32 0.32 0 0 0 0
0.30 0.24 0.36 0.36 0 0 1 1
0.34 0.28 0.32 0.32 0 0 0 0
0.34 0.28 0.32 0.32 0 1 1 1
0.38 0.24 0.28 0.28 0 0 0 0
0.38 0.24 0.28 0.28 0 0 0 0
0.42 0.28 0.32 0.32 1 0 0 0
0.38 0.28 0.32 0.32 1 0 0 1
0.34 0.32 0.36 0.28 1 0 1 0
0.30 0.32 0.32 0.28 1 0 1 1
0.26 0.36 0.28 0.24 0 0 0 0
0.26 0.36 0.28 0.24 0 0 0 0
0.30 0.40 0.32 0.28 0 0 1 1
0.30 0.40 0.28 0.24 1 1 0 1
0.26 0.36 0.28 0.20 1 1 1 0
0.22 0.32 0.24 0.20 0 0 0 0
0.22 0.32 0.24 0.24 1 1 0 1
0.18 0.28 0.28 0.20 0 0 0 0
0.18 0.28 0.28 0.20 0 0 0 0
0.22 0.32 0.32 0.24 0 0 0 0
0.22 0.32 0.32 0.24 1 1 1 0
0.18 0.28 0.28 0.28 0 1 1 0
0.18 0.24 0.24 0.28 0 1 1 1
0.22 0.20 0.20 0.24 0 0 0 0
0.22 0.20 0.20 0.24 0 0 0 0
0.26 0.24 0.24 0.28 0 1 1 0
0.26 0.20 0.20 0.28 1 0 0 1
0.22 0.20 0.20 0.24 0 0 0 0
0.22 0.24 0.24 0.24 0 1 0 1
0.26 0.20 0.24 0.20 0 0 0 0
0.26 0.20 0.28 0.20 1 0 1 0
0.22 0.24 0.24 0.24 1 1 1 0
0.18 0.20 0.20 0.24 0 0 1 1
0.18 0.20 0.16 0.20 0 0 0 0
0.22 0.24 0.16 0.20 0 0 0 0
0.22 0.24 0.20 0.24 0 0 0 0
0.26 0.28 0.20 0.24 1 0 1 0
0.22 0.28 0.16 0.28 0 1 0 0
0.22 0.24 0.16 0.28 0 0 0 0
0.26 0.24 0.20 0.32 0 0 1 1
0.26 0.28 0.16 0.28 0 1 0 1
0.30 0.24 0.16 0.24 0 0 0 0
0.30 0.24 0.20 0.24 0 0 0 0
0.34 0.28 0.20 0.28 1 1 0 1
0.30 0.24 0.24 0.24 0 0 0 0
0.30 0.24 0.24 0.24 0 1 1 0
0.34 0.20 0.20 0.28 1 1 0 0
0.30 0.16 0.20 0.28 0 0 0 0
0.30 0.16 0.24 0.32 0 0 1 1
0.34 0.20 0.20 0.28 0 0 0 0
0.34 0.20 0.20 0.28 0 0 0 0
0.38 0.24 0.24 0.32 1 0 1 1
0.34 0.24 0.20 0.28 0 1 0 1
0.34 0.20 0.20 0.24 0 0 0 0
0.38 0.20 0.24 0.24 1 1 1 0
0.34 0.16 0.20 0.28 0 0 1 1
0.34 0.16 0.16 0.24 0 0 0 0
0.38 0.20 0.16 0.24 1 0 1 1
0.34 0.20 0.12 0.20 1 0 0 1
0.30 0.24 0.12 0.16 0 0 0 0
0.30 0.24 0.16 0.16 0 0 0 0
0.34 0.28 0.16 0.20 1 1 0 1
0.30 0.24 0.20 0.16 0 0 0 0
0.30 0.24 0.20 0.16 0 0 0 0
0.34 0.28 0.24 0.20 0 1 0 1
0.34 0.24 0.24 0.16 1 0 0 0
0.30 0.24 0.28 0.16 0 0 0 0
0.30 0.28 0.28 0.20 0 1 1 0
0.34 0.24 0.24 0.20 1 0 0 0
0.30 0.24 0.24 0.24 1 0 0 0
0.26 0.28 0.28 0.24 1 1 0 1
0.22 0.24 0.28 0.20 1 1 1 0
0.18 0.20 0.24 0.20 0 0 0 0
0.18 0.20 0.24 0.24 1 0 0 0
0.14 0.24 0.28 0.24 0 0 0 0
0.14 0.24 0.28 0.28 0 0 0 1
0.18 0.28 0.32 0.24 0 0 0 0
0.18 0.28 0.32 0.24 0 0 0 0
0.22 0.32 0.36 0.28 0 1 1 1
0.22 0.28 0.32 0.24 1 1 0 1
0.18 0.24 0.32 0.20 0 1 1 0
0.18 0.20 0.28 0.20 0 0 0 0
0.22 0.20 0.28 0.24 0 0 0 1
0.22 0.24 0.32 0.20 0 0 0 0
0.26 0.24 0.32 0.20 0 0 0 0
0.26 0.28 0.36 0.24 0 0 0 0
0.30 0.28 0.36 0.24 0 0 0 0
0.30 0.32 0.40 0.28 0 0 0 0
0.34 0.32 0.40 0.28 0 1 0 0
0.34 0.28 0.44 0.32 1 1 1 1
0.30 0.24 0.40 0.28 0 1 1 0
0.30 0.20 0.36 0.28 1 0 0 1
0.26 0.20 0.36 0.24 1 1 0 1
0.22 0.16 0.40 0.20 0 0 0 0
0.22 0.16 0.40 0.20 0 0 0 0
0.26 0.20 0.44 0.24 0 0 0 0
0.26 0.20 0.44 0.24 1 0 1 1
0.22 0.24 0.40 0.20 0 0 0 0
0.22 0.24 0.40 0.20 1 0 0 1
0.18 0.28 0.44 0.16 0 0 1 0
0.18 0.28 0.40 0.16 0 1 1 0
0.22 0.24 0.36 0.20 0 0 0 0
0.22 0.24 0.36 0.20 0 1 0 0
0.26 0.20 0.40 0.24 0 0 0 0
0.26 0.20 0.40 0.24 1 1 0 0
0.22 0.16 0.44 0.28 0 0 0 0
0.22 0.16 0.44 0.28 0 0 1 1
0.26 0.20 0.40 0.24 1 0 1 1
0.22 0.20 0.36 0.20 0 0 0 0
0.22 0.24 0.36 0.20 0 0 0 0
0.26 0.24 0.40 0.24 0 0 0 0
0.26 0.28 0.40 0.24 0 1 0 1
0.30 0.24 0.44 0.20 1 1 1 1
0.26 0.20 0.40 0.16 1 0 1 0
0.22 0.20 0.36 0.16 1 1 1 0
0.18 0.16 0.32 0.20 0 0 0 0
0.18 0.16 0.32 0.20 0 0 0 0
0.22 0.20 0.36 0.24 0 0 0 0
0.22 0.20 0.36 0.24 0 0 0 0
0.26 0.24 0.40 0.28 1 1 1 1
0.22 0.20 0.36 0.24 0 0 0 0
0.22 0.20 0.36 0.24 0 0 1 1
0.26 0.24 0.32 0.20 0 0 0 0
0.26 0.24 0.32 0.20 1 0 0 0
0.22 0.28 0.36 0.24 0 0 0 0
0.22 0.28 0.36 0.24 0 0 0 1
0.26 0.32 0.40 0.20 0 1 1 0
0.26 0.28 0.36 0.20 0 0 0 0
0.30 0.28 0.36 0.24 0 0 0 0
0.30 0.32 0.40 0.24 0 0 1 1
0.34 0.32 0.36 0.20 1 1 1 1
0.30 0.28 0.32 0.16 0 0 0 0
0.30 0.28 0.32 0.16 1 1 0 0
0.26 0.24 0.36 0.20 0 0 0 0
0.26 0.24 0.36 0.20 1 1 0 0
0.22 0.20 0.40 0.24 1 0 1 1
0.18 0.20 0.36 0.20 0 0 0 0
0.18 0.24 0.36 0.20 0 0 0 0
0.22 0.24 0.40 0.24 0 0 1 1
0.22 0.28 0.36 0.20 0 0 0 0
0.26 0.28 0.36 0.20 0 0 0 0
0.26 0.32 0.40 0.24 0 0 0 0
0.30 0.32 0.40 0.24 0 0 1 0
0.30 0.36 0.36 0.28 0 0 1 0
0.34 0.36 0.32 0.28 0 0 0 0
0.34 0.40 0.32 0.32 0 0 0 0
0.38 0.40 0.36 0.32 0 1 0 0
0.38 0.36 0.36 0.36 1 0 0 0
0.34 0.36 0.40 0.36 0 0 0 0
0.34 0.40 0.40 0.40 1 0 1 0
0.30 0.40 0.36 0.40 1 1 1 0
0.26 0.36 0.32 0.44 1 0 0 0
0.22 0.36 0.32 0.44 0 1 0 0
0.22 0.32 0.36 0.48 1 1 1 1
0.18 0.28 0.32 0.44 0 0 0 0
0.18 0.28 0.32 0.44 0 1 0 1
0.22 0.24 0.36 0.40 0 0 0 0
0.22 0.24 0.36 0.40 0 0 0 0
0.26 0.28 0.40 0.44 1 0 1 1
0.22 0.28 0.36 0.40 0 0 0 0
0.22 0.32 0.36 0.40 1 0 0 1
0.18 0.32 0.40 0.36 0 0 0 0
0.18 0.36 0.40 0.36 0 0 0 0
0.22 0.36 0.44 0.40 0 0 0 0
0.22 0.40 0.44 0.40 0 0 1 1
0.26 0.40 0.40 0.36 0 1 0 0
0.26 0.36 0.40 0.36 0 0 0 0
0.30 0.36 0.44 0.40 0 0 0 0
0.30 0.40 0.44 0.40 1 1 0 0
0.26 0.36 0.48 0.44 1 0 0 1
0.22 0.36 0.48 0.40 0 1 0 1
0.22 0.32 0.52 0.36 0 0 0 0
0.26 0.32 0.52 0.36 0 0 0 0
0.26 0.36 0.56 0.40 1 0 0 1
0.22 0.36 0.56 0.36 0 0 0 0
0.22 0.40 0.60 0.36 0 1 1 1
0.26 0.36 0.56 0.32 1 1 1 1
0.22 0.32 0.52 0.28 0 0 1 0
0.22 0.32 0.48 0.28 0 0 0 0
0.26 0.36 0.48 0.32 0 0 1 0
0.26 0.36 0.44 0.32 0 0 0 0
0.30 0.40 0.44 0.36 1 1 1 1
0.26 0.36 0.40 0.32 0 1 1 1
0.26 0.32 0.36 0.28 0 0 0 0
0.30 0.32 0.36 0.28 0 1 1 1
0.30 0.28 0.32 0.24 0 0 0 0
0.34 0.28 0.32 0.24 0 0 0 1
0.34 0.32 0.36 0.20 0 0 0 0
0.38 0.32 0.36 0.20 0 1 1 1
0.38 0.28 0.32 0.16 0 0 0 0
0.42 0.28 0.32 0.16 1 0 1 0
0.38 0.32 0.28 0.20 1 1 0 0
0.34 0.28 0.28 0.20 1 0 0 1
0.30 0.28 0.32 0.16 0 0 0 0
0.30 0.32 0.32 0.16 0 0 0 0
0.34 0.32 0.36 0.20 0 0 0 0
0.34 0.36 0.36 0.20 0 0 0 0
0.38 0.36 0.40 0.24 0 0 0 0
0.38 0.40 0.40 0.24 1 1 1 0
0.34 0.36 0.36 0.28 1 0 0 1
0.30 0.36 0.36 0.24 0 0 0 0
0.30 0.40 0.40 0.24 1 0 0 1
0.26 0.40 0.40 0.20 0 0 1 1
0.26 0.44 0.36 0.16 0 0 0 0
0.30 0.44 0.36 0.16 0 0 0 0
0.30 0.48 0.40 0.20 0 0 0 0
0.34 0.48 0.40 0.20 0 0 0 0
0.34 0.52 0.44 0.24 1 0 1 0
0.30 0.52 0.40 0.24 0 0 1 0
0.30 0.56 0.36 0.28 0 1 0 0
0.34 0.52 0.36 0.28 0 0 0 0
0.34 0.52 0.40 0.32 0 0 1 1
0.38 0.56 0.36 0.28 0 0 0 0
0.38 0.56 0.36 0.28 1 1 1 0
0.34 0.52 0.32 0.32 1 0 0 1
0.30 0.52 0.32 0.28 1 1 1 1
0.26 0.48 0.28 0.24 0 0 0 0
0.26 0.48 0.28 0.24 0 0 0 0
0.30 0.52 0.32 0.28 0 0 0 0
0.30 0.52 0.32 0.28 0 0 0 0
0.34 0.56 0.36 0.32 0 0 0 0
0.34 0.56 0.36 0.32 1 0 1 0
0.30 0.60 0.32 0.36 0 0 0 0
0.30 0.60 0.32 0.36 0 0 0 0
0.34 0.64 0.36 0.40 0 0 0 0
0.34 0.64 0.36 0.40 0 0 0 0
0.38 0.68 0.40 0.44 0 0 0 0
0.38 0.68 0.40 0.44 0 0 0 0
0.42 0.72 0.44 0.48 0 0 0 0
0.42 0.72 0.44 0.48 0 0 0 0
0.46 0.76 0.48 0.52 0 0 0 0
0.46 0.76 0.48 0.52 1 0 1 0
0.42 0.80 0.44 0.56 1 0 1 0
0.38 0.80 0.40 0.56 1 0 1 0
0.34 0.84 0.36 0.60 1 0 1 0
0.30 0.84 0.32 0.60 1 0 1 0
0.26 0.88 0.28 0.64 1 1 1 0
0.22 0.84 0.24 0.64 1 1 1 0
0.18 0.80 0.20 0.68 0 0 0 0
0.18 0.80 0.20 0.68 1 1 0 1
0.14 0.76 0.24 0.64 0 0 1 0
0.14 0.76 0.20 0.64 1 1 1 0
0.10 0.72 0.16 0.68 0 0 0 0
0.10 0.72 0.16 0.68 0 1 0 0
0.14 0.68 0.20 0.72 0 0 0 0
0.14 0.68 0.20 0.72 0 0 0 0
0.18 0.72 0.24 0.76 0 0 0 0
0.18 0.72 0.24 0.76 0 0 0 0
0.22 0.76 0.28 0.80 0 0 0 0
0.22 0.76 0.28 0.80 0 0 0 0
0.26 0.80 0.32 0.84 1 1 1 1
0.22 0.76 0.28 0.80 0 0 0 0
0.22 0.76 0.28 0.80 0 0 0 0
0.26 0.80 0.32 0.84 0 0 0 0
0.26 0.80 0.32 0.84 0 0 1 0
0.30 0.84 0.28 0.88 0 0 1 1
0.30 0.84 0.24 0.84 0 0 0 0
0.34 0.88 0.24 0.84 0 0 0 0
0.34 0.88 0.28 0.88 0 0 0 0
0.38 0.92 0.28 0.88 0 0 0 0
0.38 0.92 0.32 0.92 0 0 0 0
0.42 0.96 0.32 0.92 0 0 0 0
0.42 0.96 0.36 0.96 0 0 0 0
0.46 1.00 0.36 0.96 0 0 0 0
0.46 1.00 0.40 1.00 0 0 0 1
0.50 1.00 0.40 0.96 0 0 0 0
0.50 1.00 0.44 0.96 0 0 0 0
0.54 1.00 0.44 1.00 1 0 1 1
0.50 1.00 0.40 0.96 1 1 1 1
0.46 0.96 0.36 0.92 0 0 0 0
0.46 0.96 0.36 0.92 0 0 0 0
0.50 1.00 0.40 0.96 0 1 1 0
0.50 0.96 0.36 0.96 0 0 0 0
0.54 0.96 0.36 1.00 1 1 1 0
0.50 0.92 0.32 1.00 0 0 1 0
0.50 0.92 0.28 1.00 1 1 1 1
0.46 0.88 0.24 0.96 0 0 0 1
0.46 0.88 0.24 0.92 0 0 0 0
0.50 0.92 0.28 0.92 0 0 0 0
0.50 0.92 0.28 0.96 0 0 0 0
0.54 0.96 0.32 0.96 0 0 0 0
0.54 0.96 0.32 1.00 0 0 0 0
0.58 1.00 0.36 1.00 0 0 0 0
0.58 1.00 0.36 1.00 0 0 0 1
0.62 1.00 0.40 0.96 1 1 1 1
0.58 0.96 0.36 0.92 0 1 0 1
0.58 0.92 0.36 0.88 1 1 0 0
0.54 0.88 0.40 0.88 0 1 1 1
0.54 0.84 0.36 0.84 1 0 1 1
0.50 0.84 0.32 0.80 1 1 1 1
0.46 0.80 0.28 0.76 1 0 1 1
0.42 0.80 0.24 0.72 1 1 1 1
0.38 0.76 0.20 0.68 1 1 1 1
0.34 0.72 0.16 0.64 1 0 1 1
0.30 0.72 0.12 0.60 0 1 1 0
0.30 0.68 0.08 0.60 1 1 0 1
0.26 0.64 0.08 0.56 1 1 0 1
0.22 0.60 0.12 0.52 1 1 0 1
0.18 0.56 0.12 0.48 0 1 0 1
0.18 0.52 0.16 0.44 0 0 1 1
0.22 0.52 0.12 0.40 0 1 0 0
0.22 0.48 0.12 0.40 0 1 0 0
0.26 0.44 0.16 0.44 0 0 0 0
0.26 0.44 0.16 0.44 0 0 0 0
0.30 0.48 0.20 0.48 1 0 0 0
0.26 0.48 0.20 0.48 0 1 0 1
0.26 0.44 0.24 0.44 0 0 0 0
0.30 0.44 0.24 0.44 0 0 0 1
0.30 0.48 0.28 0.40 0 0 0 0
0.34 0.48 0.28 0.40 0 1 0 0
0.34 0.44 0.32 0.44 1 1 1 1
0.30 0.40 0.28 0.40 1 1 1 1
0.26 0.36 0.24 0.36 1 1 1 1
0.22 0.32 0.20 0.32 0 0 0 0
0.22 0.32 0.20 0.32 1 1 1 1
0.18 0.28 0.16 0.28 0 0 0 0
0.18 0.28 0.16 0.28 0 0 0 0
0.22 0.32 0.20 0.32 0 1 1 1
0.22 0.28 0.16 0.28 0 0 0 0
0.26 0.28 0.16 0.28 0 0 0 0
0.26 0.32 0.20 0.32 1 1 0 1
0.22 0.28 0.20 0.28 1 1 0 0
0.18 0.24 0.24 0.28 0 1 0 1
0.18 0.20 0.24 0.24 0 0 0 0
0.22 0.20 0.28 0.24 0 0 0 0
0.22 0.24 0.28 0.28 0 1 1 1
0.26 0.20 0.24 0.24 0 0 0 0
0.26 0.20 0.24 0.24 0 0 0 0
0.30 0.24 0.28 0.28 1 1 0 1
0.26 0.20 0.28 0.24 0 0 0 0
0.26 0.20 0.32 0.24 0 0 0 0
0.30 0.24 0.32 0.28 0 0 0 0
0.30 0.24 0.36 0.28 0 0 0 0
0.34 0.28 0.36 0.32 0 1 1 1
0.34 0.24 0.32 0.28 0 1 1 0
0.38 0.20 0.28 0.28 0 0 0 0
0.38 0.20 0.28 0.32 1 0 1 1
0.34 0.24 0.24 0.28 0 0 0 1
0.34 0.24 0.24 0.24 0 0 0 0
0.38 0.28 0.28 0.24 1 0 0 1
0.34 0.28 0.28 0.20 0 1 0 0
0.34 0.24 0.32 0.20 1 1 1 1
0.30 0.20 0.28 0.16 1 1 1 1
0.26 0.16 0.24 0.12 0 0 0 0
0.26 0.16 0.24 0.12 0 0 0 0
0.30 0.20 0.28 0.16 0 0 0 0
0.30 0.20 0.28 0.16 0 0 1 1
0.34 0.24 0.24 0.12 0 0 0 0
0.34 0.24 0.24 0.12 0 0 0 0
0.38 0.28 0.28 0.16 1 1 0 1
0.34 0.24 0.28 0.12 0 0 0 0
0.34 0.24 0.32 0.12 0 0 0 0
0.38 0.28 0.32 0.16 1 1 1 0
0.34 0.24 0.28 0.16 0 0 0 0
0.34 0.24 0.28 0.20 0 0 0 0
0.38 0.28 0.32 0.20 1 1 1 0
0.34 0.24 0.28 0.24 0 0 0 1
0.34 0.24 0.28 0.20 1 0 1 0
0.30 0.28 0.24 0.20 1 1 1 1
0.26 0.24 0.20 0.16 0 0 0 0
0.26 0.24 0.20 0.16 0 0 0 0
0.30 0.28 0.24 0.20 0 0 0 0
0.30 0.28 0.24 0.20 0 0 0 0
