  1   2   1  10    0   1
  2   4   1  13   -1   0
  3   4   1  10   -5   0
  4   5   1   6   -7   0
  5   5   2   2   -4   0
  6   1   2  15   -1   0
  7   1   1  16   -1   0
  8   2   1  11    0   1
  9   1   1  11    2   0
 10   4   1   9    0   1
 11   5   1  11    3   0
 12   5   2   6   -7   0
 13   1   1  15    1   0
 14   4   2  10    0   1
 15   5   1  11    0   1
 16   3   1  14    0   1
 17   1   2   6   -4   0
 18   4   2   3   -1   0
 19   5   1   9   -2   0
 20   3   2  12    3   0
 21   5   2   6    0   1
 22   5   2  10   -3   0
 23   1   1   9   -1   0
 24   3   1   6   -2   0
 25   5   1   6   -1   0
 26   5   2  16   -1   0
 27   5   2  12    0   1
 28   3   2   7    2   0
 29   3   2  16    1   0
 30   2   2  16    4   0
 31   5   2   2    0   1
 32   3   1   2   -3   0
 33   3   1  16    1   0
 34   1   2   9   -3   0
 35   1   1   8    3   0
 36   4   2   9   -2   0
 37   4   1   6   -4   0
 38   2   1   6   -2   0
 39   1   2  16    1   0
 40   2   1  10    0   1
 41   5   1   9   -3   0
 42   2   2  10   -5   0
 43   1   1  16    4   0
 44   4   2  13    1   0
 45   2   2  13   -1   0
 46   5   2  14   -1   0
 47   2   1   2   -6   0
 48   1   1   8    6   0
 49   1   2   6    0   1
 50   5   1   3    0   1
 51   4   2  16    0   1
 52   2   1   8    0   1
 53   5   2  15   -3   0
 54   2   2   9   -2   0
 55   1   2  15   -1   0
 56   3   1   6   -5   0
 57   3   1  10   -8   0
 58   2   2   1   -1   0
 59   5   2   7    3   0
 60   4   1   4    2   0
 61   3   1   1    0   1
 62   4   2   1   -3   0
 63   3   2  14   -2   0
 64   2   2   2    0   1
 65   5   1   7    2   0
 66   4   1  10    0   1
 67   4   2  14   -3   0
 68   2   1  11    3   0
 69   1   2  14    0   1
 70   1   1   7    3   0
 71   3   1  12    7   0
 72   5   1  10   -4   0
 73   5   2   3   -3   0
 74   3   2   7    3   0
 75   4   2   8    0   1
 76   5   2   4    0   1
 77   1   1   5    0   1
 78   4   1   3    0   1
 79   5   2  12    0   1
 80   5   1   1    0   1
 81   1   2   2    0   1
 82   3   2   9    0   1
 83   4   2  13    0   1
 84   2   2   1    0   1
 85   2   2   5    0   1
 86   4   2   2    0   1
 87   2   2  11    0   1
 88   5   1  15    0   1
 89   4   2   7    0   1
 90   1   2  16    0   1
 91   3   1   4    0   1
 92   3   1   8    0   1
 93   4   1  14    0   1
 94   5   1  13    0   1
 95   5   2   9    0   1
 96   5   1  16    0   1
 97   5   1   1    0   1
 98   5   1   9    0   1
 99   4   1  12    4   0
100   3   2   1   -3   0
101   5   2  11    2   0
102   5   1  15   -2   0
103   2   2  12    4   0
104   4   1  16   -2   0
105   3   1  13   -1   0
106   1   1   7    3   0
107   5   1  14   -1   0
108   2   1   3    1   0
109   1   2  11   -1   0
110   5   1   8    0   1
111   4   2  15    0   1
112   2   2   6   -5   0
113   4   2   8    3   0
114   5   1   7    0   1
115   1   1   2   -4   0
116   2   1   7    2   0
117   5   2  14   -2   0
118   3   2  14   -1   0
119   4   1   7    0   1
120   5   1  12    3   0
121   5   1   3    0   1
122   5   1  14    0   1
123   1   2   1    0   1
124   1   1  12    0   1
125   5   1  16    0   1
126   4   1   9    0   1
127   3   1   8    0   1
128   5   2  13    0   1
129   1   2   9    0   1
130   3   1   6    0   1
131   2   1  14    0   1
132   2   2   4    0   1
133   4   1  10  -10   0
134   2   2   6    0   1
135   1   2  13   -1   0
136   2   1   4    9   0
137   4   1   2    0   1
138   4   2  15    0   1
139   4   2  10   -9   0
140   1   1  13    0   1
141   1   1   9   -4   0
142   4   2   9   -5   0
143   2   2  12    6   0
144   3   1  15    2   0
145   5   2  11    1   0
146   2   1   7    2   0
147   5   2  13   -1   0
148   5   1   6   -5   0
149   2   2   8    3   0
150   3   1   3    1   0
151   5   2   4    3   0
152   2   1   5   -3   0
153   1   1  10    0   1
154   3   2   2   -4   0
155   5   2   7    3   0
156   1   1   4    5   0
157   3   2   6   -2   0
158   1   2  10   -6   0
159   3   1   7    1   0
160   4   1   7    1   0
161   1   2  10   -4   0
162   3   2   4    4   0
163   1   2   4    2   0
164   2   1  13    0   1
165   3   1   5   -1   0
166   1   1   5   -3   0
167   5   1   3    1   0
168   5   2  13   -2   0
169   5   2   4    3   0
170   1   2  13    0   1
171   5   2   5   -8   0
172   3   1  11    4   0
173   4   2  12    7   0
174   2   1   6    0   1
175   3   1   9    0   1
176   4   2  15    0   1
177   2   2   7    0   1
178   1   1   3    0   1
179   1   1  11    4   0
180   5   1   5    0   1
181   3   2  12    0   1
182   3   1  14   -1   0
183   4   1   9   -3   0
184   2   1   9    0   1
185   2   1  12   10   0
186   5   2  10   -6   0
187   4   1   4    2   0
188   5   1   4    1   0
189   3   1  10   -7   0
190   1   1  10   -9   0
191   3   1   2   -6   0
192   5   2   1   -1   0
193   2   2   4    1   0
194   5   2  16   -1   0
195   1   2  12    0   1
196   1   2  12    0   1
197   4   2  12    0   1
198   5   2  12    0   1
199   4   2  13   -2   0
200   3   2  10   -6   0
201   3   2   2    0   1
202   3   2   5    0   1
203   2   1  13    0   1
204   3   1   4    0   1
205   1   2  10    0   1
206   4   1  16    0   1
207   1   2   8    6   0
208   4   1  11    0   1
209   1   2   5   -2   0
210   1   1   1   -1   0
211   4   1   5   -3   0
212   1   2   5    0   1
213   3   2   2   -5   0
214   2   1  12    4   0
215   4   1  12    5   0
216   4   1   1    1   0
217   2   2   9   -3   0
218   5   1  13   -1   0
219   2   2   8    6   0
220   5   1   4    1   0
221   3   1  15   -1   0
222   1   2  11    1   0
223   2   2   7    3   0
224   3   2   5    0   1
225   5   2   1   -2   0
226   3   2  10    0   1
227   3   2  16    2   0
228   2   1   2    0   1
229   2   1   8    0   1
230   4   1   6   -3   0
231   4   2  12    0   1
232   5   1   2    0   1
233   5   1  12    0   1
234   5   1   1    0   1
235   3   2  15    0   1
236   3   2  14    0   1
237   4   2  10   -3   0
238   2   1   7    4   0
239   2   1   3    2   0
240   1   2   1    0   1
241   3   1   2    0   1
242   5   1   5    0   1
243   1   1  14    0   1
244   3   2   1    0   1
245   2   2   5   -1   0
246   2   2  11    0   1
247   3   1  14   -4   0
248   2   1  13   -1   0
249   4   2   3    1   0
250   5   2   8    5   0
251   2   1  10   -8   0
252   3   2   6    0   1
253   2   2   3    0   1
254   1   2   5    0   0
255   3   2   4    3   0
256   5   2   3    1   0
257   1   1  14    0   1
258   4   2   7    1   0
259   4   2   5    0   1
260   2   2   3    1   0
261   2   2  15   -1   0
262   4   1   3    1   0
263   1   2  16    3   0
264   4   2  16    1   0
265   2   1  16    0   1
266   5   1  12    4   0
267   5   1  15   -1   0
268   2   1  11    0   1
269   2   2   4    3   0
270   2   2   2   -6   0
271   1   2   2   -4   0
272   5   1   5   -2   0
273   3   1   3    0   1
274   2   2   2   -2   0
275   4   1  15    0   1
276   2   2  10   -4   0
277   3   2   6   -2   0
278   3   1  16    0   1
279   4   1  11    0   1
280   5   2  16    0   1
281   2   1   8    0   1
282   3   2  13    0   1
283   4   1  14    0   1
284   2   1   6    0   1
285   5   2   3    0   1
286   1   1   2    0   1
287   3   1   9    0   1
288   2   2  14    0   1
289   3   1   9   -1   0
290   1   1   4    0   1
291   4   2   5   -1   0
292   4   2   5   -3   0
293   5   2   8    0   0
294   2   2  15    0   1
295   1   1   5    0   0
296   3   1  12    7   0
297   2   2  13   -2   0
298   5   1   2   -6   0
299   4   1   8    8   0
300   3   2  13   -1   0
301   4   1  16    0   1
302   4   1  15    0   1
303   3   2  16    0   1
304   1   2   7    0   1
305   5   2  15    0   0
306   1   2  14   -1   0
307   2   1   4    4   0
308   3   2   8    4   0
309   4   2   1    1   0
310   4   2   4    4   0
311   5   1  10  -10   0
312   4   2   8    6   0
313   4   2  16    0   1
314   2   2   8    5   0
315   5   2   7    0   1
316   4   2   6   -3   0
317   2   1   9    0   1
318   4   1   2   -4   0
319   2   1   3    0   1
320   2   2   5    0   1
321   1   2  13    0   0
322   4   1   8    0   1
323   4   2   3   -1   0
324   1   1  12    0   1
325   3   2   9   -6   0
326   4   1   2    0   1
327   5   1  13    0   0
328   2   2  14   -1   0
329   2   2  16    3   0
330   1   1  14   -3   0
331   5   2  14   -2   0
332   2   2  14   -3   0
333   3   2  12    8   0
334   3   2  13   -3   0
335   2   2   3    2   0
336   1   1   9   -6   0
337   2   1   9   -5   0
338   4   2  14   -2   0
339   1   1   7    2   0
340   1   1   6   -6   0
341   1   1   6    0   1
342   3   2   3    1   0
343   5   1   2   -4   0
344   2   1   1   -1   0
345   2   2  10    0   1
346   3   2  15    0   0
347   3   2  11    2   0
348   3   1   5   -1   0
349   5   1  14    0   0
350   1   2   6   -7   0
351   5   2   9    0   1
352   1   1  10    0   1
353   1   1  12    0   1
354   5   1   8    5   0
355   3   2   7    4   0
356   4   1  14    0   1
357   2   2   1    0   1
358   1   1   2    0   1
359   4   2   6    0   1
360   1   1  13    0   1
361   1   2   7    0   1
362   1   2   4    0   1
363   2   1  14    0   1
364   2   2  16    0   1
365   4   2  11    0   1
366   5   2  11    0   1
367   4   1  12    0   1
368   5   2  10    0   1
369   3   1   1    0   1
370   2   1  16    0   1
371   3   1  13    0   1
372   3   2   1    0   1
373   4   1   6    0   1
374   4   1  15    0   1
375   3   2   3    0   1
376   5   2   5    0   1
377   3   2   8    0   1
378   1   2   8    0   1
379   4   1   5    0   1
380   4   1   1    0   1
381   1   1   3    0   1
382   2   2  11    0   1
383   3   2   9    0   1
384   4   2  11    0   1
385   1   2  15    0   1
386   1   2   3    1   0
387   5   2   2    0   1
388   2   2   9    0   1
389   5   2   9   -5   0
390   1   2   3    1   0
391   2   1  15   -1   0
392   1   2  11    0   1
393   3   2  10  -10   0
394   3   1   5   -2   0
395   4   1  13   -1   0
396   2   1   5   -5   0
397   1   2   2   -6   0
398   2   1   4    0   1
399   1   2   8    0   1
400   3   2   3    0   0
401   4   2   2   -2   0
402   3   1   7    1   0
403   5   2   8    5   0
404   4   1  11    5   0
405   2   2  15    0   1
406   5   1   8    0   1
407   3   1  12    0   1
408   3   2  11   -2   0
409   3   2  15   -1   0
410   2   1  12    0   1
411   5   2   5   -5   0
412   3   1  13    0   1
413   5   1   4   -1   0
414   5   1   7    1   0
415   1   1   6   -2   0
416   4   1   1   -1   0
417   4   2   6  -10   0
418   3   1  10    0   1
419   1   1   1    0   1
420   4   2   7    0   1
421   2   1  15    0   0
422   3   1   4    1   0
423   1   2   3    1   0
424   1   1  11    0   1
425   2   1   2  -10   0
426   3   1  16   -2   0
427   4   1   5   -6   0
428   3   1   7    0   1
429   1   1   4    0   1
430   4   2   9   -5   0
431   4   2   4    5   0
432   3   1   3    0   1
433   5   2  15   -2   0
434   4   1   8    0   1
435   3   2   8   10   0
436   2   1   5   -4   0
437   5   2   1   -1   0
438   5   1  11    4   0
439   1   2   9   -7   0
440   1   2   4    0   1
441   2   1  15   -1   0
442   4   2  14   -5   0
443   4   2   2   -5   0
444   2   1   1   -2   0
445   1   2   7    0   1
446   4   1   3    1   0
447   1   1  15   -1   0
448   1   1  13   -1   0
449   1   1   3   -1   0
450   2   1  14   -1   0
451   2   2  12    5   0
452   4   2   4    4   0
453   2   1  16    0   1
454   1   1   8    5   0
455   4   1   7    0   1
456   1   1  15   -1   0
457   1   1   1   -1   0
458   5   1  10  -10   0
459   2   1   1    0   1
460   5   1  16   -2   0
461   1   2  14   -2   0
462   3   2  11    5   0
463   4   1  13   -2   0
464   3   2   5   -6   0
465   3   1  11    3   0
466   3   1   8    0   1
467   3   1   1   -1   0
468   1   1  16    3   0
469   3   1  11    2   0
470   5   2   6   -5   0
471   1   2  12   10   0
472   1   2   1   -1   0
473   3   2   4    0   1
474   2   2   6  -10   0
475   2   2  13   -2   0
476   2   2   7    4   0
477   4   1   4    2   0
478   4   2   1   -1   0
479   4   2  11    3   0
480   3   1  15   -2   0
