  1   1   2   6   -4   0
  2   5   1   6   -4   0
  3   3   1  10    0   1
  4   2   2   2  -10   0
  5   4   2   1   -5   0
  6   1   1   5    0   1
  7   3   2   8    5   0
  8   3   2   1   -4   0
  9   3   2   5   -2   0
 10   5   1   8    5   0
 11   4   1   6    0   1
 12   2   1   6    0   1
 13   3   2   9    0   1
 14   2   2   3    0   1
 15   4   2   5    0   1
 16   3   2  13    0   1
 17   2   1   5    0   1
 18   4   1   1   -5   0
 19   3   2   7    5   0
 20   3   2   3    0   1
 21   1   2   3    0   1
 22   1   1   7    0   1
 23   2   2  16    2   0
 24   4   1  14    0   1
 25   3   1   3    2   0
 26   1   2   8    0   1
 27   2   2  10   -1   0
 28   2   1  11    0   1
 29   4   2  12    2   0
 30   1   1  16    0   1
 31   3   1  15   -1   0
 32   1   2  13   -1   0
 33   4   1   5   -2   0
 34   3   2   3    0   1
 35   1   1  15    0   0
 36   3   2  12    4   0
 37   2   2   2    0   1
 38   2   1  14    0   1
 39   3   1   9    0   1
 40   4   1  14   -2   0
 41   1   2  12    4   0
 42   5   1   2  -10   0
 43   5   2   4    5   0
 44   3   1   6    0   1
 45   4   1   6   -3   0
 46   1   2   8    0   1
 47   2   1  10   -2   0
 48   1   1  11    0   1
 49   4   1  14   -2   0
 50   5   2  10   -2   0
 51   5   1  11    0   1
 52   3   2  16    5   0
 53   4   2   1    0   1
 54   3   2  16    4   0
 55   2   1  16    0   1
 56   2   2  16    5   0
 57   3   1   3    0   1
 58   2   1   4    0   1
 59   5   2  11    5   0
 60   4   2   4    5   0
 61   3   2   1    0   1
 62   2   1   9    0   1
 63   1   2  15    0   0
 64   2   2   9    0   0
 65   4   2  13    0   1
 66   5   2   2  -10   0
 67   2   1   2    0   1
 68   4   2  13    0   1
 69   4   2  16    0   1
 70   4   2   2    0   1
 71   1   2   6    0   1
 72   5   2  16    5   0
 73   4   2   2    0   1
 74   5   2   4    0   1
 75   5   1  15    0   1
 76   4   1   3    0   1
 77   2   2   5    0   1
 78   4   2   9    0   1
 79   2   2   5   -2   0
 80   5   1  13    0   1
 81   3   2  10    0   1
 82   3   1  14   -4   0
 83   3   2   4    0   1
 84   2   2   4    0   1
 85   2   1  15    0   1
 86   4   1   8    6   0
 87   1   1  10    0   1
 88   4   2   4    5   0
 89   4   2  16    0   1
 90   5   2   8    5   0
 91   1   1   5    0   1
 92   5   1  16    4   0
 93   5   2  13   -4   0
 94   2   1   9    0   1
 95   1   2   1   -3   0
 96   3   1   4    0   1
 97   2   1  16    0   1
 98   2   1   3    0   1
 99   3   2  15    0   0
100   2   2   5    0   1
101   5   1  15   -1   0
102   2   1   1   -5   0
103   5   2   3    5   0
104   5   2   1   -3   0
105   3   2   7    4   0
106   4   1   9    2   0
107   5   2  12    6   0
108   3   1  11    0   1
109   1   2  12    0   1
110   1   2  10    0   1
111   3   1   8    0   1
112   1   2  16    0   1
113   2   2  11    0   1
114   5   1   5   -3   0
115   4   2  11    3   0
116   5   1   9   -1   0
117   3   1  13    0   1
118   5   2  15    1   0
119   4   1   2    0   1
120   5   2  16    5   0
121   2   1  13    0   1
122   4   1   4    6   0
123   2   1   2  -10   0
124   3   2  12    0   1
125   3   1  10    0   1
126   3   1  11    0   1
127   2   1   1    0   1
128   3   2   5   -4   0
129   4   1  12    5   0
130   5   1   6    0   1
131   2   2   9    0   1
132   2   1   1    0   1
133   5   1   3    3   0
134   2   2   3    0   1
135   3   1  10   -2   0
136   1   2  16    2   0
137   5   2   4    5   0
138   1   2  11    0   1
139   3   1   6    0   1
140   1   1   9    0   1
141   4   1  13   -1   0
142   1   2  11    3   0
143   3   1   9    3   1
144   2   1   3    0   1
145   3   2  10   -3   0
146   1   1   1    0   1
147   3   1   2  -10   0
148   4   2  11    1   1
149   1   1   2    0   1
150   3   2  10    0   1
151   4   1  13   -3   0
152   4   1   9    0   0
153   4   2   3    5   0
154   5   1  10    0   1
155   1   1   8    0   1
156   2   1  16    5   0
157   3   1  12    0   1
158   2   1   8    0   1
159   4   2   9    0   0
160   5   1  16    2   0
161   1   1  11    0   1
162   3   1   2  -10   0
163   3   1  11    0   1
164   3   1   5    0   1
165   4   1  11    5   0
166   4   1   5    1   1
167   3   2   9    0   0
168   5   2   7    4   0
169   3   1   8    0   1
170   3   2   6    0   1
171   4   2  14    0   1
172   2   2   8    0   1
173   5   1   4    0   1
174   3   2   2  -10   0
175   4   1  15    0   1
176   3   1   7    0   1
177   1   2   4    7   0
178   4   1   7    4   0
179   1   1   5    0   1
180   2   2  14    0   0
181   1   2  14    0   0
182   2   1   8    0   1
183   3   1   3    0   1
184   4   1  12    7   0
185   4   1   3    0   1
186   5   1  11    0   1
187   3   2  14    0   1
188   1   1   2    0   1
189   3   1   1    0   1
190   4   1   8    6   0
191   3   2   3    0   1
192   5   1   2  -10   0
193   2   2   7    0   1
194   4   1   2  -10   0
195   4   2  15    0   0
196   2   1   4    0   1
197   1   2   5    0   1
198   3   1   4    0   1
199   1   2  10    0   0
200   3   1   7    0   1
201   5   1   7    3   0
202   5   1   4    5   0
203   4   2  13   -3   0
204   3   2   4    5   0
205   1   2  14   -4   0
206   3   2  11    0   1
207   1   1  15    0   1
208   5   1   2    0   1
209   1   2   5    0   1
210   2   1   8    0   1
211   4   2   8    5   0
212   5   2   2   -5   0
213   5   1   1   -5   0
214   1   1  12    0   1
215   1   2  16    5   0
216   2   2   8    0   1
217   5   1  14    0   1
218   1   1   2    0   1
219   2   1  10    0   0
220   2   1   5    0   1
221   5   1  10   -1   0
222   2   1   7    0   1
223   5   2  12    5   0
224   2   1  12    0   1
225   5   1   7    0   1
226   3   2   7    5   0
227   4   2   6   -5   0
228   1   2   8    5   0
229   1   2   9    0   1
230   1   1   1    0   1
231   5   1   9    0   1
232   2   1   7    0   1
233   1   2   4    5   0
234   3   2   6   -5   0
235   5   2   6   -5   0
236   2   2  10   -3   0
237   1   1   3    0   1
238   2   1  11    4   0
239   1   2   6    0   1
240   2   1   3    5   0
241   4   1   9    0   1
242   1   1   9    0   0
243   2   2   6    0   1
244   1   2   3    1   1
245   5   1   8    6   0
246   5   2  13   -3   0
247   4   1   7    0   1
248   1   1  11    0   1
249   5   1  14   -5   0
250   2   1  14    0   1
251   1   2   2  -10   0
252   3   1  13    0   1
253   2   1  15    0   1
254   1   1  16    5   0
255   5   2   5   -4   0
256   5   1   7    0   1
257   5   1   4    6   0
258   3   2   8    8   0
259   5   2  15    0   0
260   4   1   5    0   1
261   2   2   1    0   1
262   5   2   1   -5   0
263   3   2   6   -4   0
264   3   2  13    0   1
265   2   2   9    0   1
266   5   2  10   -2   0
267   4   1   3    0   1
268   4   1   1    0   1
269   3   1   9    0   1
270   4   2  15    0   1
271   1   1   4    0   1
272   4   1   1   -5   0
273   1   2  13    0   1
274   4   2   9    0   0
275   5   1   3    4   0
276   1   1   3    0   1
277   4   2   1   -5   0
278   3   1   5    0   1
279   4   2  14   -5   0
280   2   2  11    5   0
281   2   2  13   -4   0
282   1   1   6    0   1
283   3   2  12    0   1
284   5   2   5   -4   0
285   4   1  10   -2   0
286   2   1   9    0   1
287   2   1  13    0   1
288   2   2  12    0   1
289   4   2   5   -4   0
290   3   2   2  -10   0
291   1   2   5    0   1
292   5   2  12    7   0
293   3   2   9    0   1
294   1   1   8    0   1
295   3   2  16    0   1
296   5   2   3    5   0
297   3   2  11    0   1
298   4   2  10   -2   0
299   1   1   1    0   1
300   2   2  13    0   1
301   5   2   9    0   0
302   2   1  11    0   1
303   3   1  12   10   0
304   3   2  14    0   1
305   2   2  16    6   0
306   1   1  12    0   1
307   5   2   5   -5   0
308   3   1   8    0   1
309   1   1  14    0   1
310   3   2  15    0   1
311   2   1   7    6   0
312   1   2  13   -4   0
313   4   2   5   -4   0
314   4   2   3    6   0
315   2   2  13   -5   0
316   1   1   7    0   1
317   3   1   4    0   1
318   4   2  16    5   0
319   3   1   1    0   1
320   4   1  11    0   1
321   4   1   7    6   0
322   5   1  14   -5   0
323   5   2  15    0   0
324   3   1  12   10   0
325   4   1   2    0   1
326   2   2   4    0   1
327   1   2   2    0   1
328   5   1   6   -6   0
329   1   2   4    0   1
330   5   2  14   -5   0
331   2   2  10    0   1
332   3   2   4    0   1
333   1   1   6    0   1
334   5   1  16    5   0
335   1   2   7    4   0
336   5   2   8    4   0
337   1   2  15    0   0
338   5   2   1   -6   0
339   5   1  13    0   1
340   5   2   6   -5   0
341   4   1  15    0   0
342   2   2   3    6   0
343   3   2  13   -4   0
344   3   1   1   -6   0
345   4   2  12   10   0
346   5   2   9   -1   0
347   5   2  16    4   0
348   4   2  11    2   0
349   1   2  11    1   1
350   5   2  14    0   1
351   1   1  14    0   1
352   4   1   6    0   1
353   5   1   8    0   1
354   2   1   6    0   1
355   1   1  12    0   1
356   5   1  12   10   0
357   3   1  14    0   1
358   1   1   9    0   1
359   5   1   1    0   1
360   1   2   2    0   0
361   2   1  12    0   1
362   2   1  14    0   0
363   5   2   6   -5   0
364   1   1   3    6   0
365   5   2   7    4   0
366   2   2  14   -2   0
367   1   2  12   10   0
368   1   1  13    0   1
369   4   1   4    6   0
370   2   2  15    0   0
371   2   2  15    0   0
372   3   1   2    0   1
373   1   1   4    0   1
374   4   2   3    4   0
375   2   2   7    5   0
376   2   2   1   -5   0
377   2   2  14   -4   0
378   2   1  10   -6   0
379   4   2   8    5   0
380   2   2   8    6   0
381   5   1  10   -4   0
382   2   2   1    0   1
383   2   1   5   -5   0
384   5   1   9   -4   0
385   3   1  16    0   1
386   1   2   1    0   1
387   4   2   7    3   0
388   3   2   5   -3   0
389   3   1   7    0   1
390   2   2  12   10   0
391   4   1   8    0   1
392   5   1   5    0   1
393   1   1  10    0   1
394   3   2   2    0   1
395   4   2   6   -6   0
396   5   1  11    7   0
397   5   1   1   -5   0
398   5   2  11    5   0
399   5   2   8    8   0
400   4   2  12   10   0
401   2   1   4    0   1
402   5   1  13    0   1
403   1   2   9    0   1
404   1   1   8    0   1
405   1   2   7    0   1
406   2   2  12    4   1
407   1   1  15    0   1
408   1   2  10    0   1
409   1   2   7    0   1
410   1   2  14    0   1
411   3   1  16    0   1
412   3   2   8    0   1
413   1   1  13    0   1
414   4   1  16    0   1
415   3   1   5    0   1
416   2   2  11    0   1
417   3   1   6    0   1
418   2   2  15    0   1
419   3   1  15    0   1
420   5   2   7    5   0
421   4   2  10   -4   0
422   4   1   4    0   1
423   3   1  14    0   1
424   4   2   7    5   0
425   3   2   1    0   1
426   5   2  10   -5   0
427   4   1  16    0   1
428   1   1  16    0   1
429   1   1   4    0   1
430   3   1  15    0   1
431   5   2   3    5   0
432   3   1  13    0   1
433   5   1  12   10   0
434   4   1  15    2   0
435   1   1  10    0   1
436   5   2   2   -7   0
437   4   2   6   -6   0
438   2   1  13    0   1
439   2   1   2    0   1
440   2   1  15    0   1
441   2   2   4    8   0
442   4   2  15    2   0
443   2   1   6    0   1
444   4   2   2  -10   0
445   5   2   9   -2   0
446   1   1  13    0   1
447   2   2   2  -10   0
448   4   1  12   10   0
449   5   2  13   -2   0
450   1   2  15    0   0
451   2   1  12    0   1
452   4   1  16    0   1
453   5   2  14   -3   0
454   4   1  10    0   1
455   2   2   6    0   1
456   5   1   3    5   0
457   2   2   7    0   1
458   4   1  10    1   1
459   1   1   7    0   1
460   1   1   6    0   1
461   3   2  14   -2   0
462   4   2   8    5   0
463   1   2   9   -1   0
464   3   1  16    0   1
465   4   2   7    3   0
466   3   2  11    5   0
467   1   2   3    0   1
468   3   2  15    0   0
469   4   2   4    5   0
470   4   1  13    0   1
471   5   2  11    6   0
472   5   1   5   -3   0
473   1   2   1    0   1
474   4   1  11    0   1
475   5   1  15    0   1
476   1   1  14    0   1
477   4   2  10   -3   0
478   4   2  14   -1   0
479   2   2   6    0   0
480   5   1  12   10   0
