  1   1   5   1   7   1   1 0.50 0.50 0.50 0.50 0.50 0.50 1 1 1 1 1 1
  2   1   4   1   6   1   1 0.50 0.50 0.50 0.45 0.45 0.50 1 1 1 1 1 1
  3   0   4   1   1   0   2 0.05 0.05 0.05 0.05 0.05 0.05 1 0 1 1 0 1
  4   1   5   1  -2   0   2 0.05 0.05 0.05 0.05 0.05 0.05 1 0 0 1 1 1
  5   1   3   1   2   0   2 0.05 0.05 0.05 0.05 0.05 0.05 1 1 1 0 1 0
  6   1   2   1   2   0   2 0.05 0.05 0.05 0.05 0.05 0.05 1 0 0 1 1 1
  7   1   7   1   3   0   2 0.05 0.08 0.08 0.05 0.05 0.05 1 1 0 1 1 0
  8   0   3   1  -5   3   1 0.50 0.45 0.50 0.45 0.40 0.50 1 1 1 0 1 1
  9   1   3   1   3   0   2 0.05 0.08 0.08 0.05 0.05 0.08 1 1 0 1 0 1
 10   1   2   1   2   1   1 0.50 0.45 0.50 0.45 0.40 0.50 1 1 1 1 1 1
 11   1   6   1   3   0   2 0.05 0.08 0.11 0.05 0.05 0.08 1 0 1 0 1 1
 12   1   8   1   3   1   1 0.50 0.40 0.50 0.40 0.40 0.50 1 1 1 1 1 1
 13   1   5   1   5   1   1 0.45 0.35 0.50 0.40 0.40 0.50 1 1 1 1 1 1
 14   1   1   1   8   1   1 0.45 0.30 0.45 0.40 0.40 0.50 1 1 1 1 1 1
 15   1   7   1   8   1   1 0.45 0.30 0.40 0.40 0.40 0.45 1 1 1 1 1 1
 16   1   6   1  -5   0   2 0.05 0.08 0.11 0.08 0.05 0.08 1 0 1 1 1 0
 17   1   7   1   5   1   1 0.45 0.30 0.35 0.35 0.40 0.45 1 1 1 1 1 1
 18   1   6   1   6   1   1 0.45 0.30 0.30 0.35 0.40 0.40 1 1 1 1 1 1
 19   1   8   1   2   0   2 0.05 0.11 0.11 0.08 0.05 0.08 1 1 0 1 0 1
 20   0   2   1  -5   0   2 0.05 0.11 0.11 0.08 0.08 0.08 0 1 1 0 1 1
 21   1   2   1   2   0   1 0.45 0.30 0.25 0.35 0.35 0.40 0 1 1 0 1 1
 22   1   2   1   2   0   2 0.05 0.11 0.11 0.08 0.08 0.08 1 1 1 0 1 0
 23   1   9   1   4   1   1 0.45 0.30 0.25 0.35 0.35 0.40 1 1 1 1 1 1
 24   1   4   1   5   1   1 0.45 0.25 0.25 0.35 0.35 0.35 1 1 1 1 1 1
 25   1   3   1   3   1   1 0.45 0.25 0.20 0.35 0.35 0.30 1 1 1 1 1 1
 26   1   2   1   7   1   1 0.45 0.20 0.20 0.35 0.35 0.25 1 1 1 1 1 1
 27   0   5   1   3   3   1 0.45 0.20 0.15 0.35 0.35 0.20 1 1 1 1 1 1
 28   1   3   1   1   1   2 0.05 0.11 0.11 0.08 0.08 0.11 1 1 1 1 1 1
 29   1   3   1   2   1   1 0.45 0.20 0.15 0.35 0.35 0.20 1 1 1 1 1 1
 30   1   3   1   2   1   1 0.40 0.20 0.15 0.35 0.35 0.15 1 1 1 1 1 1
 31   1   7   1   3   1   1 0.40 0.15 0.10 0.35 0.35 0.15 1 1 1 1 1 1
 32   1   4   1   4   1   1 0.40 0.15 0.05 0.30 0.35 0.15 1 1 1 1 1 1
 33   1   9   1   2   2   2 0.05 0.11 0.06 0.08 0.03 0.11 0 1 1 0 1 1
 34   1   5   1   3   2   1 0.35 0.15 0.05 0.30 0.30 0.15 1 1 1 1 0 1
 35   1   3   1   4   1   1 0.30 0.10 0.05 0.30 0.30 0.15 1 1 1 1 1 1
 36   1   2   1   4   1   1 0.25 0.05 0.05 0.30 0.30 0.15 1 1 1 1 1 1
 37   1   3   1   4   1   1 0.25 0.02 0.02 0.30 0.30 0.15 1 1 1 1 1 1
 38   1   9   1   2   1   1 0.25 0.02 0.02 0.30 0.30 0.15 1 1 1 1 1 1
 39   1   5   1   3   1   2 0.05 0.11 0.06 0.08 0.03 0.06 1 1 1 1 1 0
 40   1   1   1   1   1   1 0.25 0.02 0.02 0.30 0.30 0.10 1 1 1 1 1 1
 41   1   8   1   1   1   1 0.20 0.02 0.02 0.30 0.30 0.05 1 1 1 1 1 0
 42   1   2   1   3   2   1 0.15 0.02 0.02 0.30 0.30 0.05 1 1 1 1 1 0
 43   1   9   1   2   1   1 0.10 0.02 0.02 0.30 0.30 0.05 1 0 1 1 1 1
 44   1   1   1   4   1   1 0.10 0.02 0.02 0.30 0.30 0.02 1 1 0 1 1 1
 45   1   1   1   4   1   1 0.10 0.02 0.02 0.30 0.25 0.02 1 1 1 1 1 0
 46   1   6   1   2   1   2 0.05 0.11 0.06 0.08 0.02 0.06 1 1 0 1 1 1
 47   1   1   1   3   0   2 0.05 0.06 0.06 0.08 0.02 0.06 0 1 1 1 1 0
 48   1   2   1   5   1   1 0.05 0.02 0.02 0.30 0.25 0.02 0 1 1 1 1 1
 49   1   3   1   2   1   1 0.05 0.02 0.02 0.30 0.25 0.02 1 0 1 1 1 1
 50   1   4   1   6   1   1 0.05 0.02 0.02 0.30 0.25 0.02 1 1 1 1 1 0
 51   1   3   1   4   1   1 0.05 0.02 0.02 0.30 0.25 0.02 0 1 1 1 1 1
 52   1   7   1   2   1   1 0.05 0.02 0.02 0.25 0.25 0.02 1 1 1 1 1 0
 53   1   4   1   2   1   1 0.05 0.02 0.02 0.25 0.25 0.02 1 1 1 0 1 1
 54   0   5   1   7   3   2 0.05 0.06 0.06 0.08 0.02 0.06 1 1 1 0 1 1
 55   1   6   1   3   1   1 0.05 0.02 0.02 0.25 0.20 0.02 1 0 1 1 1 1
 56   1   6   1   3   0   2 0.05 0.06 0.06 0.08 0.02 0.06 1 1 0 0 1 1
 57   1   1   1   2   1   1 0.05 0.02 0.02 0.25 0.15 0.02 0 1 1 1 1 1
 58   1   8   1   5   0   2 0.05 0.06 0.06 0.11 0.02 0.06 1 1 1 0 1 0
 59   1   8   1   5   0   2 0.05 0.06 0.06 0.11 0.02 0.09 0 1 1 1 1 0
 60   1   1   1   2   1   2 0.08 0.06 0.06 0.11 0.02 0.09 1 1 1 0 1 1
 61   1   9   1   5   2   2 0.08 0.06 0.02 0.11 0.02 0.09 1 1 1 0 1 1
 62   1   3   1   8   1   2 0.08 0.02 0.02 0.11 0.02 0.04 0 1 1 1 1 1
 63   1   5   1   9   0   2 0.08 0.02 0.02 0.11 0.02 0.04 1 1 0 1 0 1
 64   1   7   1   9   0   1 0.05 0.02 0.02 0.25 0.10 0.02 0 1 1 1 1 0
 65   1   8   1   8   0   2 0.08 0.02 0.02 0.11 0.02 0.04 0 1 1 1 1 0
 66   1   2   1   8   2   2 0.08 0.02 0.02 0.11 0.02 0.04 0 1 1 1 1 0
 67   1   6   1   7   0   2 0.08 0.02 0.02 0.06 0.02 0.04 1 1 1 0 1 0
 68   1   5   1   8   0   2 0.08 0.02 0.02 0.06 0.02 0.07 1 0 0 1 1 1
 69   1   3   1   8   2   2 0.08 0.02 0.05 0.06 0.02 0.07 1 0 1 1 1 0
 70   1   9   1   7   0   2 0.08 0.02 0.02 0.06 0.02 0.07 1 0 1 1 0 1
 71   1   7   1   9   1   1 0.05 0.02 0.02 0.25 0.10 0.02 1 0 1 1 1 1
 72   1   4   1   6   0   1 0.05 0.02 0.02 0.25 0.05 0.02 1 0 0 1 1 1
 73   1   8   1   8   0   1 0.05 0.02 0.02 0.25 0.05 0.02 1 1 0 0 1 1
 74   1   4   1   8   0   1 0.05 0.02 0.05 0.25 0.05 0.02 1 1 1 0 1 0
 75   1   1   1   8   0   1 0.05 0.02 0.05 0.28 0.05 0.05 1 1 1 0 1 0
 76   1   8   1   8   0   1 0.05 0.02 0.05 0.28 0.05 0.05 1 0 1 0 1 1
 77   1   8   1   9   0   2 0.08 0.05 0.02 0.06 0.02 0.07 1 1 1 1 0 0
 78   1   2   1   6   1   1 0.05 0.05 0.05 0.31 0.05 0.05 0 1 1 1 1 1
 79   0   6   1  10   0   2 0.08 0.05 0.02 0.06 0.05 0.07 1 0 1 1 0 1
 80   1   1   1   9   2   2 0.08 0.05 0.02 0.06 0.05 0.07 0 0 1 1 0 1
 81   1   2   1   9   0   2 0.08 0.05 0.02 0.06 0.05 0.07 1 1 0 1 1 0
 82   0   6   1  10   0   1 0.05 0.05 0.05 0.31 0.02 0.05 1 1 1 1 0 0
 83   1   7   1   9   0   2 0.08 0.05 0.02 0.06 0.05 0.10 1 1 0 1 0 1
 84   1   7   1   9   0   1 0.05 0.05 0.05 0.31 0.02 0.05 0 0 1 1 1 1
 85   1   8   1   9   0   1 0.08 0.05 0.05 0.31 0.02 0.05 1 0 1 0 1 1
 86   1   5   1   9   2   1 0.08 0.08 0.05 0.31 0.02 0.05 1 1 0 1 0 1
 87   1   9   1   8   0   2 0.08 0.05 0.05 0.06 0.05 0.10 1 0 1 1 1 0
 88   0   4   1   5   0   1 0.08 0.08 0.05 0.26 0.02 0.05 0 1 1 1 1 0
 89   1   3   1   5   0   1 0.08 0.08 0.05 0.26 0.02 0.05 0 1 0 1 1 1
 90   1   4   1   7   1   2 0.08 0.05 0.05 0.06 0.05 0.10 1 1 1 1 1 0
 91   1   5   1   8   1   2 0.08 0.05 0.05 0.06 0.02 0.10 0 1 1 1 1 1
 92   1   9   1   7   0   2 0.08 0.05 0.05 0.06 0.02 0.05 0 1 1 1 1 0
 93   1   8   1   8   0   2 0.11 0.05 0.05 0.06 0.02 0.05 1 1 1 0 0 1
 94   1   5   1   8   1   1 0.08 0.08 0.05 0.26 0.02 0.05 0 1 1 1 1 1
 95   1   1   1   7   0   1 0.08 0.08 0.05 0.26 0.02 0.02 1 0 0 1 1 1
 96   0   3   1  -6   3   1 0.08 0.08 0.08 0.26 0.02 0.02 0 1 1 1 1 1
 97   1   3   1   4   0   1 0.08 0.08 0.08 0.26 0.02 0.02 1 1 1 0 1 0
 98   1   3   1   3   0   2 0.11 0.05 0.05 0.09 0.02 0.05 0 1 1 0 1 1
 99   1   3   1   4   1   1 0.08 0.08 0.08 0.26 0.02 0.02 1 1 1 0 1 1
100   1   2   1   6   0   1 0.08 0.08 0.08 0.26 0.02 0.02 1 0 1 0 1 1
101   1   4   1   5   1   1 0.08 0.11 0.08 0.29 0.02 0.02 1 1 1 0 1 1
102   1   6   1   5   0   2 0.11 0.05 0.05 0.09 0.02 0.05 1 1 1 0 1 0
103   1   5   1   5   0   1 0.08 0.11 0.08 0.29 0.02 0.02 1 1 1 1 0 0
104   1   7   1   3   0   1 0.08 0.11 0.08 0.29 0.02 0.05 1 0 0 1 1 1
105   1   2   1   3   0   2 0.11 0.05 0.05 0.12 0.02 0.08 0 1 1 1 1 0
106   1   4   1   5   1   2 0.14 0.05 0.05 0.12 0.02 0.08 1 1 1 0 1 1
107   1   8   1   4   0   1 0.08 0.11 0.08 0.29 0.02 0.05 1 1 0 1 0 1
108   1   1   1   4   0   1 0.08 0.11 0.11 0.29 0.05 0.05 0 1 0 1 1 1
109   1   7   1   3   0   2 0.14 0.05 0.05 0.12 0.02 0.08 0 0 1 1 1 1
110   1   9   1   4   0   1 0.11 0.11 0.11 0.29 0.05 0.05 0 1 1 1 0 1
111   1   4   1   4   0   2 0.14 0.08 0.05 0.12 0.02 0.08 1 1 0 1 1 0
112   1   8   1   5   0   2 0.14 0.08 0.05 0.12 0.02 0.11 1 1 0 0 1 1
113   1   3   1   5   0   1 0.11 0.11 0.11 0.29 0.05 0.05 0 1 0 1 1 1
114   1   4   1  -3   0   1 0.14 0.11 0.14 0.29 0.05 0.05 1 0 1 1 1 0
115   1   1   1   3   1   2 0.14 0.08 0.08 0.12 0.02 0.11 0 1 1 1 1 1
116   1   9   1   3   0   1 0.14 0.14 0.14 0.29 0.05 0.05 1 1 0 1 1 0
117   1   1   1   6   0   1 0.14 0.14 0.14 0.29 0.05 0.08 1 0 0 1 1 1
118   1   8   1   4   1   2 0.14 0.08 0.08 0.12 0.02 0.11 1 1 1 0 1 1
119   1   4   1   4   1   2 0.14 0.03 0.08 0.12 0.02 0.11 1 1 1 1 1 1
120   1   9   1   6   1   2 0.09 0.03 0.08 0.12 0.02 0.11 1 1 1 1 0 1
121   1   5   1   5   1   2 0.09 0.02 0.08 0.12 0.02 0.11 1 1 0 1 1 1
122   1   4   1   5   1   1 0.14 0.14 0.17 0.29 0.05 0.08 1 1 0 1 1 1
123   1   9   1   8   1   1 0.14 0.14 0.17 0.29 0.02 0.08 1 1 1 0 1 1
124   1   5   1   4   1   1 0.09 0.14 0.17 0.29 0.02 0.08 1 1 1 0 1 1
125   1   2   1   5   1   2 0.09 0.02 0.08 0.12 0.02 0.11 1 1 1 0 1 1
126   1   2   1   7   2   2 0.09 0.02 0.08 0.12 0.02 0.11 1 1 1 0 1 1
127   1   9   1   9   1   2 0.04 0.02 0.08 0.12 0.02 0.11 1 1 1 1 1 0
128   1   8   1   5   0   2 0.04 0.02 0.03 0.12 0.02 0.11 0 0 1 1 1 1
129   1   1   1   6   0   2 0.04 0.02 0.03 0.12 0.02 0.11 1 1 1 0 0 1
130   1   5   1   4   1   2 0.04 0.02 0.03 0.15 0.02 0.11 1 1 0 1 1 1
131   1   5   1   3   1   1 0.09 0.14 0.17 0.29 0.02 0.08 1 1 0 1 1 1
132   1   5   1   4   1   2 0.04 0.02 0.03 0.15 0.02 0.06 1 1 1 1 1 0
133   1   9   1   8   1   1 0.09 0.09 0.17 0.29 0.02 0.08 1 1 1 0 1 1
134   1   6   1   7   1   1 0.09 0.09 0.17 0.29 0.02 0.08 1 1 0 1 1 1
135   1   1   1   3   2   2 0.04 0.02 0.03 0.15 0.02 0.06 1 1 0 1 0 1
136   1   1   1   2   2   2 0.04 0.02 0.03 0.15 0.02 0.06 1 1 0 1 0 1
137   1   6   1   4   2   2 0.04 0.02 0.03 0.10 0.02 0.06 1 1 0 1 0 1
138   1   4   1   5   2   2 0.04 0.02 0.03 0.10 0.02 0.06 1 1 0 1 1 1
139   1   8   1   4   0   1 0.09 0.09 0.17 0.29 0.02 0.08 0 1 1 0 1 1
140   1   2   1   4   0   2 0.04 0.02 0.03 0.05 0.02 0.02 1 0 1 0 1 1
141   1   4   1   9   2   2 0.04 0.02 0.03 0.05 0.02 0.02 1 1 1 1 0 1
142   1   8   1   9   2   2 0.04 0.02 0.03 0.02 0.02 0.02 1 1 1 1 0 1
143   1   4   1   9   1   2 0.02 0.02 0.02 0.02 0.02 0.02 1 1 1 1 1 0
144   1   6   1   8   0   1 0.09 0.09 0.17 0.29 0.02 0.08 0 1 1 1 1 0
145   1   8   1   6   0   2 0.02 0.02 0.02 0.02 0.02 0.02 1 1 0 1 1 0
146   1   9   1   8   1   2 0.02 0.02 0.02 0.02 0.02 0.02 1 1 1 1 1 0
147   1   4   1   7   1   1 0.12 0.09 0.17 0.29 0.02 0.08 1 1 1 0 1 1
148   1   6   1   7   0   1 0.12 0.09 0.17 0.29 0.02 0.08 1 1 0 0 1 1
149   1   9   1   6   0   1 0.12 0.09 0.17 0.32 0.02 0.08 1 1 0 0 1 1
150   1   4   1   4   2   2 0.02 0.02 0.02 0.02 0.02 0.02 1 1 0 0 1 1
151   1   5   1   5   2   2 0.02 0.02 0.02 0.02 0.02 0.02 1 1 0 1 1 1
152   0   5   1   5   0   1 0.12 0.09 0.20 0.32 0.02 0.08 1 1 0 0 1 1
153   1   5   1   7   2   1 0.12 0.09 0.20 0.32 0.02 0.08 1 1 0 1 1 1
154   1   3   1   4   1   2 0.02 0.02 0.02 0.02 0.02 0.02 1 1 1 1 1 0
155   1   1   1   3   0   1 0.07 0.09 0.20 0.32 0.02 0.03 0 1 1 1 1 0
156   1   8   1   4   0   2 0.02 0.02 0.02 0.02 0.02 0.02 0 1 0 1 1 1
157   1   7   1   5   0   2 0.02 0.02 0.05 0.02 0.02 0.02 0 1 1 0 1 1
158   1   9   1   6   0   1 0.07 0.09 0.20 0.32 0.02 0.03 1 1 1 0 1 0
159   1   6   1  -4   0   1 0.07 0.09 0.20 0.35 0.02 0.06 1 0 1 1 0 1
160   1   7   1   4   0   1 0.07 0.09 0.20 0.35 0.02 0.06 1 1 0 1 1 0
161   1   9   1   5   0   1 0.07 0.09 0.20 0.35 0.02 0.06 1 0 1 0 1 1
162   1   2   1   2   0   2 0.05 0.02 0.05 0.02 0.02 0.02 1 1 0 1 0 1
163   1   6   1   6   2   2 0.05 0.02 0.05 0.02 0.02 0.02 0 1 1 0 1 1
164   1   7   1   6   0   2 0.05 0.02 0.05 0.02 0.02 0.02 1 1 0 1 0 1
165   1   8   1   5   0   1 0.07 0.12 0.20 0.35 0.02 0.06 0 0 1 1 1 1
166   0   2   1 -10   3   1 0.10 0.12 0.20 0.35 0.02 0.06 0 1 1 1 1 1
167   1   7   1   8   0   2 0.05 0.02 0.08 0.02 0.05 0.02 1 1 0 0 1 1
168   1   6   1   5   0   1 0.10 0.12 0.20 0.35 0.02 0.06 0 1 0 1 1 1
169   1   9   1   5   0   1 0.10 0.12 0.23 0.35 0.02 0.06 0 1 1 1 1 0
170   1   7   1   6   0   1 0.13 0.12 0.23 0.35 0.02 0.09 0 1 0 1 1 1
171   0   1   1  -6   0   2 0.05 0.02 0.08 0.05 0.05 0.02 1 0 1 1 0 1
172   0   4   1   9   0   1 0.13 0.12 0.23 0.35 0.02 0.09 0 0 1 1 1 1
173   1   1   1   6   2   2 0.05 0.02 0.08 0.05 0.05 0.02 0 0 1 0 1 1
174   1   9   1   7   0   2 0.05 0.02 0.08 0.05 0.05 0.02 0 1 0 1 1 1
175   1   5   1   6   0   1 0.13 0.12 0.23 0.35 0.02 0.09 0 1 1 0 1 1
176   1   6   1   6   1   1 0.16 0.12 0.23 0.38 0.02 0.09 0 1 1 1 1 1
177   1   6   1   9   1   1 0.16 0.07 0.23 0.38 0.02 0.09 1 1 0 1 1 1
178   1   5   1   8   1   1 0.16 0.02 0.23 0.38 0.02 0.09 1 1 1 0 1 1
179   1   3   1   9   0   2 0.05 0.02 0.11 0.05 0.05 0.02 0 0 1 1 1 1
180   1   6   1   6   0   2 0.08 0.02 0.11 0.05 0.05 0.02 0 1 1 1 0 1
181   1   5   1   7   1   2 0.08 0.02 0.11 0.05 0.05 0.02 1 1 1 1 1 0
182   0   1   1  -8   3   1 0.11 0.02 0.23 0.38 0.02 0.09 1 1 1 0 1 1
183   1   3   1   5   0   2 0.08 0.02 0.11 0.05 0.02 0.02 0 0 1 1 1 1
184   1   6   1   5   1   1 0.11 0.02 0.23 0.38 0.02 0.09 1 1 1 1 1 0
185   1   9   1   6   0   2 0.11 0.05 0.11 0.05 0.02 0.02 0 1 1 1 0 1
186   1   7   1   6   0   1 0.11 0.02 0.23 0.38 0.02 0.09 1 1 1 0 0 1
187   1   7   1  -4   1   1 0.11 0.02 0.23 0.38 0.02 0.09 1 1 0 1 1 1
188   1   4   1   6   0   1 0.11 0.02 0.23 0.38 0.02 0.09 0 1 1 1 0 1
189   1   4   1   6   0   2 0.11 0.05 0.11 0.05 0.02 0.02 0 1 1 1 0 1
190   1   1   1   7   0   1 0.11 0.02 0.23 0.38 0.02 0.09 1 1 1 0 1 0
191   1   6   1   9   1   1 0.11 0.02 0.23 0.41 0.02 0.09 1 1 1 1 0 1
192   1   9   1   5   1   2 0.14 0.05 0.11 0.05 0.05 0.02 1 1 1 1 1 0
193   1   7   1   9   2   2 0.14 0.05 0.11 0.05 0.02 0.02 1 1 1 1 0 1
194   1   6   1   6   0   2 0.14 0.02 0.11 0.02 0.02 0.02 1 0 1 1 1 0
195   0   4   1   8   3   2 0.14 0.02 0.11 0.02 0.02 0.02 1 1 1 1 1 0
196   1   2   1   9   0   2 0.14 0.02 0.11 0.02 0.02 0.02 1 1 1 0 0 1
197   1   2   1   5   0   1 0.11 0.02 0.23 0.41 0.02 0.04 1 1 1 1 0 0
198   1   8   1   8   0   2 0.14 0.02 0.11 0.02 0.02 0.02 0 1 0 1 1 1
199   1   2   1   7   1   1 0.11 0.02 0.23 0.41 0.05 0.04 1 1 1 1 1 0
200   1   3   1   9   0   2 0.14 0.02 0.11 0.02 0.02 0.02 1 1 0 1 1 0
201   1   4   1   9   0   2 0.14 0.02 0.14 0.02 0.02 0.05 1 1 0 0 1 1
202   1   2   1   9   0   1 0.11 0.02 0.23 0.36 0.05 0.04 0 1 1 0 1 1
203   1   8   1   8   0   1 0.14 0.02 0.23 0.36 0.05 0.04 1 0 1 1 1 0
204   1   3   1   9   2   2 0.14 0.02 0.14 0.05 0.02 0.05 1 0 1 1 1 0
205   1   3   1   6   0   2 0.14 0.02 0.14 0.05 0.02 0.05 1 1 0 1 1 0
206   1   5   1   4   0   2 0.14 0.02 0.17 0.05 0.02 0.05 0 1 1 1 0 1
207   1   7   1   5   1   2 0.17 0.02 0.17 0.05 0.02 0.05 1 1 1 1 1 0
208   1   4   1  10   1   1 0.14 0.02 0.23 0.36 0.05 0.07 1 1 1 0 1 1
209   1   1   1  10   0   1 0.09 0.02 0.23 0.36 0.05 0.07 1 0 0 1 1 1
210   1   7   1   6   1   1 0.09 0.05 0.26 0.36 0.05 0.07 1 1 1 1 1 0
211   1   9   1   3   0   2 0.17 0.02 0.17 0.02 0.02 0.05 0 1 1 0 1 1
212   1   4   1   6   0   2 0.17 0.02 0.17 0.02 0.02 0.05 0 1 1 0 1 1
213   1   6   1   6   1   1 0.09 0.02 0.26 0.36 0.05 0.07 1 1 1 0 1 1
214   1   1   1   6   0   2 0.20 0.02 0.17 0.05 0.02 0.05 0 1 1 1 1 0
215   1   3   1   6   2   1 0.09 0.02 0.26 0.36 0.05 0.02 0 1 1 1 1 0
216   1   2   1   7   0   2 0.20 0.02 0.17 0.05 0.02 0.08 0 1 1 1 1 0
217   1   6   1   8   0   2 0.23 0.02 0.17 0.05 0.02 0.08 1 0 1 0 1 1
218   1   6   1   6   0   1 0.09 0.02 0.26 0.36 0.02 0.02 1 0 1 1 1 0
219   0   5   1  10   0   2 0.23 0.05 0.17 0.05 0.02 0.08 1 0 1 0 1 1
220   1   3   1   8   0   2 0.23 0.05 0.17 0.05 0.02 0.08 0 0 1 1 1 1
221   1   6   1   9   0   1 0.09 0.02 0.26 0.36 0.02 0.02 1 0 1 1 0 1
222   1   5   1   9   1   2 0.23 0.05 0.17 0.05 0.02 0.08 0 1 1 1 1 1
223   1   4   1   8   0   1 0.09 0.05 0.26 0.36 0.02 0.02 1 1 1 0 1 0
224   1   7   1   8   0   1 0.09 0.05 0.26 0.39 0.02 0.05 0 1 1 0 1 1
225   1   1   1   8   2   1 0.09 0.05 0.26 0.39 0.02 0.05 0 1 1 0 1 1
226   1   7   1   6   1   2 0.23 0.05 0.17 0.05 0.02 0.08 1 1 0 1 1 1
227   1   5   1   8   0   1 0.09 0.05 0.26 0.39 0.02 0.02 0 1 1 0 1 1
228   1   2   1   9   1   2 0.23 0.05 0.17 0.05 0.02 0.08 0 1 1 1 1 1
229   1   1   1   8   1   1 0.12 0.05 0.26 0.42 0.02 0.02 1 0 1 1 1 1
230   1   2   1   8   1   2 0.23 0.05 0.17 0.02 0.02 0.08 1 0 1 1 1 1
231   1   8   1   9   0   1 0.12 0.05 0.26 0.37 0.02 0.02 1 0 0 1 1 1
232   1   8   1   7   2   1 0.12 0.05 0.26 0.37 0.02 0.02 1 0 0 1 1 1
233   1   7   1   5   0   2 0.23 0.05 0.17 0.02 0.02 0.08 1 0 1 1 1 0
234   1   1   1   9   2   2 0.23 0.08 0.17 0.02 0.02 0.11 1 1 1 1 0 0
235   1   9   1   6   0   1 0.07 0.05 0.26 0.37 0.02 0.02 1 1 1 0 1 0
236   1   4   1   7   2   2 0.23 0.08 0.12 0.02 0.02 0.11 1 1 1 0 1 1
237   1   9   1   8   0   1 0.07 0.05 0.26 0.37 0.02 0.02 1 1 0 0 1 1
238   1   9   1   7   0   1 0.07 0.05 0.29 0.40 0.02 0.02 1 1 0 1 1 0
239   1   7   1   7   2   1 0.07 0.05 0.29 0.40 0.02 0.05 1 1 0 1 1 1
240   1   3   1   9   1   2 0.18 0.08 0.07 0.02 0.02 0.11 0 1 1 1 1 1
241   1   2   1   8   0   1 0.02 0.02 0.29 0.40 0.02 0.05 1 1 0 1 1 0
242   1   7   1   9   1   2 0.18 0.08 0.07 0.02 0.02 0.11 1 0 1 1 1 1
243   1   4   1   8   1   2 0.18 0.08 0.02 0.02 0.02 0.11 1 1 1 0 1 1
244   1   6   1   7   0   2 0.18 0.08 0.02 0.02 0.02 0.06 0 1 1 0 1 1
245   1   3   1   7   0   1 0.02 0.02 0.32 0.40 0.02 0.05 1 0 1 0 1 1
246   1   5   1   8   0   2 0.18 0.08 0.02 0.02 0.02 0.06 1 0 1 1 1 0
247   1   5   1   5   0   1 0.02 0.02 0.32 0.40 0.02 0.05 0 1 1 1 1 0
248   1   6   1   5   0   2 0.18 0.08 0.02 0.02 0.02 0.06 1 0 0 1 1 1
249   1   8   1   7   1   1 0.02 0.02 0.32 0.40 0.02 0.08 0 1 1 1 1 1
250   1   2   1   6   0   2 0.18 0.11 0.02 0.02 0.02 0.06 1 1 0 1 0 1
251   1   2   1   4   0   2 0.18 0.11 0.05 0.02 0.02 0.06 1 0 1 1 0 1
252   1   1   1   6   0   1 0.02 0.02 0.32 0.40 0.02 0.03 0 1 1 1 1 0
253   1   1   1   5   0   2 0.18 0.11 0.05 0.02 0.05 0.06 0 1 1 0 1 1
254   1   9   1   8   0   2 0.21 0.11 0.05 0.05 0.05 0.06 0 1 0 1 1 1
255   1   8   1   4   0   1 0.05 0.02 0.32 0.40 0.02 0.03 1 0 1 1 1 0
256   1   3   1   6   0   1 0.05 0.05 0.32 0.40 0.02 0.06 1 1 0 1 0 1
257   1   9   1   5   0   1 0.05 0.05 0.32 0.40 0.05 0.06 1 0 1 1 0 1
258   1   5   1   5   0   1 0.05 0.05 0.32 0.40 0.05 0.06 0 1 1 0 1 1
259   1   8   1   9   0   1 0.05 0.05 0.32 0.43 0.05 0.06 1 1 0 0 1 1
260   1   2   1   6   0   1 0.05 0.05 0.35 0.43 0.05 0.06 1 0 1 1 1 0
261   1   2   1   8   0   1 0.05 0.08 0.35 0.43 0.05 0.06 1 0 0 1 1 1
262   0   6   1  10   0   2 0.21 0.11 0.05 0.05 0.05 0.06 1 0 1 1 0 1
263   1   2   1   6   0   1 0.05 0.08 0.35 0.43 0.05 0.06 1 1 1 0 0 1
264   1   9   1   6   0   2 0.21 0.11 0.05 0.05 0.05 0.06 0 1 1 1 0 1
265   1   8   1   7   0   1 0.05 0.08 0.35 0.46 0.08 0.06 1 1 1 0 0 1
266   1   2   1   7   2   2 0.24 0.11 0.05 0.05 0.05 0.06 0 1 1 1 0 1
267   1   6   1   9   1   1 0.05 0.08 0.35 0.46 0.08 0.06 1 1 1 1 1 1
268   1   4   1   6   1   1 0.05 0.08 0.30 0.46 0.08 0.02 1 1 1 1 1 0
269   1   8   1   7   2   1 0.05 0.08 0.25 0.46 0.08 0.02 1 1 1 0 1 1
270   1   5   1   9   1   2 0.24 0.11 0.05 0.05 0.05 0.02 1 1 1 1 0 1
271   0   6   1  10   3   1 0.02 0.08 0.20 0.46 0.08 0.02 1 1 1 1 0 1
272   0   1   1  -9   0   1 0.02 0.08 0.20 0.46 0.08 0.02 1 1 1 0 1 0
273   1   4   1   8   0   2 0.24 0.11 0.05 0.05 0.05 0.02 0 1 1 0 1 1
274   1   7   1   8   1   2 0.24 0.11 0.05 0.05 0.05 0.02 1 1 1 0 1 1
275   1   8   1   9   0   2 0.24 0.11 0.05 0.05 0.02 0.02 1 1 0 0 1 1
276   1   6   1   7   0   2 0.24 0.11 0.08 0.08 0.02 0.02 1 1 0 0 1 1
277   1   1   1   6   2   2 0.24 0.11 0.08 0.08 0.02 0.02 1 1 0 0 1 1
278   1   9   1   5   0   1 0.02 0.08 0.20 0.46 0.08 0.02 1 0 1 1 0 1
279   1   8   1   7   0   2 0.19 0.11 0.08 0.08 0.02 0.02 1 0 1 1 0 1
280   1   3   1   7   0   2 0.19 0.14 0.08 0.08 0.02 0.02 1 0 1 1 1 0
281   1   1   1   8   2   2 0.19 0.14 0.08 0.08 0.02 0.02 1 0 1 0 1 1
282   1   7   1   7   0   2 0.14 0.14 0.08 0.08 0.02 0.02 1 1 1 0 0 1
283   1   2   1   9   0   1 0.02 0.11 0.20 0.46 0.11 0.02 1 0 0 1 1 1
284   1   3   1   7   0   2 0.14 0.14 0.08 0.11 0.02 0.02 0 1 1 1 0 1
285   0   2   1 -10   0   2 0.14 0.14 0.08 0.11 0.05 0.02 1 1 1 0 1 0
286   1   7   1   8   1   1 0.02 0.11 0.20 0.46 0.11 0.02 0 1 1 1 1 1
287   1   4   1   6   0   1 0.02 0.11 0.20 0.46 0.06 0.02 1 1 1 0 1 0
288   1   5   1   8   0   2 0.14 0.14 0.08 0.11 0.05 0.02 1 1 1 0 1 0
289   0   3   1 -10   0   2 0.14 0.14 0.08 0.11 0.05 0.05 1 1 1 0 1 0
290   1   6   1   7   0   1 0.02 0.11 0.20 0.49 0.06 0.02 0 1 0 1 1 1
291   1   4   1   9   2   2 0.14 0.14 0.08 0.11 0.05 0.05 0 1 1 0 1 1
292   1   1   1   6   0   2 0.14 0.14 0.08 0.11 0.05 0.02 0 1 0 1 1 1
293   1   1   1   6   0   2 0.17 0.14 0.11 0.11 0.05 0.02 1 1 0 1 1 0
294   1   6   1   8   0   2 0.17 0.14 0.11 0.11 0.05 0.02 1 1 1 1 0 0
295   1   9   1  10   2   2 0.17 0.14 0.11 0.11 0.05 0.05 0 1 1 1 1 0
296   1   8   1   8   0   2 0.17 0.14 0.11 0.11 0.02 0.05 1 1 0 0 1 1
297   1   3   1   8   0   1 0.02 0.11 0.23 0.49 0.06 0.02 1 0 1 1 0 1
298   1   7   1   8   0   2 0.17 0.14 0.14 0.14 0.02 0.05 1 1 1 0 0 1
299   0   3   1 -10   0   2 0.17 0.14 0.14 0.14 0.02 0.05 0 1 1 1 1 0
300   1   5   1   6   2   1 0.02 0.14 0.23 0.49 0.06 0.02 0 1 1 0 1 1
301   1   4   1   8   0   2 0.17 0.14 0.14 0.14 0.02 0.05 1 1 1 0 0 1
302   1   9   1   5   0   2 0.17 0.14 0.14 0.17 0.05 0.05 1 0 0 1 1 1
303   1   6   1   7   1   2 0.17 0.17 0.14 0.17 0.05 0.05 1 0 1 1 1 1
304   1   7   1   9   0   2 0.17 0.17 0.14 0.12 0.05 0.05 0 0 1 1 1 1
305   1   5   1   8   0   1 0.02 0.14 0.18 0.49 0.06 0.02 0 1 1 1 1 0
306   1   1   1   8   0   1 0.05 0.14 0.18 0.49 0.06 0.05 0 1 1 1 1 0
307   1   5   1   8   0   2 0.17 0.17 0.14 0.12 0.05 0.05 0 1 1 1 0 1
308   0   2   1 -10   0   1 0.05 0.14 0.18 0.49 0.06 0.05 1 0 1 1 0 1
309   1   7   1   6   0   2 0.20 0.17 0.14 0.12 0.05 0.05 1 1 1 0 0 1
310   0   1   1 -10   0   2 0.20 0.17 0.14 0.12 0.08 0.05 0 1 1 1 0 1
311   1   3   1   8   0   1 0.05 0.14 0.18 0.49 0.06 0.05 0 1 1 0 1 1
312   1   1   1   6   0   2 0.20 0.17 0.14 0.12 0.08 0.05 0 1 1 0 1 1
