  1   0   2   1  -3   3   1 0.40 0.90 0.40 0.40 0.90 0.40 0 1 1 1 0 1
  2   1   7   1   4   1   1 0.40 0.90 0.40 0.40 0.90 0.40 1 1 1 1 1 1
  3   1   8   1   5   1   1 0.35 0.90 0.40 0.40 0.90 0.35 1 1 1 1 1 1
  4   1   4   1  -2   1   2 0.05 0.55 0.05 0.05 0.55 0.05 0 1 1 1 1 1
  5   0   4   1  -1   4   1 0.35 0.90 0.35 0.40 0.90 0.30 0 0 0 1 1 1
  6   1   8   1   3   1   1 0.35 0.90 0.35 0.40 0.90 0.30 1 1 1 1 1 1
  7   0   9   2  -5   0   2 0.10 0.60 0.10 0.10 0.60 0.10 1 0 1 1 0 1
  8   1   9   1   3   2   2 0.05 0.55 0.05 0.05 0.50 0.05 0 0 0 0 0 0
  9   1   8   2   3   1   2 0.10 0.60 0.10 0.10 0.60 0.10 1 1 1 1 0 1
 10   1   4   1   4   1   1 0.30 0.90 0.35 0.35 0.90 0.30 1 1 1 1 1 1
 11   1   9   2   3   1   1 0.40 0.90 0.40 0.40 0.90 0.40 1 1 1 1 1 1
 12   0  12   2   9   0   2 0.10 0.60 0.05 0.10 0.60 0.10 1 1 0 0 1 1
 13   1   8   1   2   1   1 0.30 0.90 0.30 0.30 0.90 0.30 1 1 1 1 1 1
 14   1   1   2   5   1   1 0.40 0.90 0.35 0.35 0.90 0.40 1 0 1 1 1 1
 15   1   1   2   4   1   2 0.10 0.60 0.05 0.10 0.60 0.10 0 1 1 1 1 1
 16   1   5   1   5   1   2 0.05 0.55 0.05 0.05 0.50 0.05 0 1 1 1 1 1
 17   1   5   1   7   1   1 0.25 0.90 0.30 0.25 0.90 0.30 1 1 0 1 1 1
 18   1   7   2   3   1   1 0.40 0.90 0.35 0.30 0.90 0.40 1 1 1 1 1 1
 19   1   3   1   5   1   2 0.05 0.55 0.05 0.05 0.45 0.05 1 1 1 0 1 1
 20   1   2   2   4   1   2 0.10 0.55 0.05 0.10 0.60 0.10 1 1 1 1 1 0
 21   1   6   2   4   1   2 0.10 0.50 0.05 0.10 0.60 0.10 1 0 1 1 1 1
 22   0   1   1 -10   0   1 0.20 0.90 0.30 0.25 0.90 0.30 0 1 1 1 0 1
 23   1   9   1   5   1   1 0.20 0.90 0.30 0.25 0.90 0.30 1 1 1 1 1 1
 24   0  11   2   8   0   1 0.40 0.85 0.35 0.30 0.85 0.40 1 1 1 1 0 0
 25   1   2   2   4   1   2 0.10 0.50 0.02 0.10 0.60 0.10 1 1 1 1 1 0
 26   1   8   1   8   1   1 0.20 0.90 0.25 0.25 0.90 0.25 1 1 1 1 1 1
 27   1   6   2   8   1   1 0.40 0.85 0.35 0.30 0.85 0.40 1 1 1 1 1 1
 28   1   3   1   6   1   2 0.05 0.55 0.05 0.05 0.40 0.05 1 0 1 1 1 1
 29   1   9   2   5   1   2 0.10 0.50 0.02 0.05 0.60 0.10 1 0 1 1 1 1
 30   1   7   2   6   1   1 0.40 0.80 0.35 0.25 0.85 0.40 1 1 1 1 1 1
 31   1   9   1   6   1   1 0.20 0.90 0.20 0.25 0.90 0.20 1 1 1 1 1 1
 32   1   4   1   5   1   1 0.20 0.90 0.15 0.25 0.90 0.15 0 1 1 1 1 1
 33   1   3   1   5   1   2 0.05 0.55 0.05 0.05 0.40 0.02 1 1 1 1 0 1
 34   1   1   1   6   1   2 0.05 0.55 0.05 0.05 0.40 0.02 1 1 0 1 1 1
 35   1   8   2   4   0   2 0.10 0.50 0.02 0.05 0.60 0.10 1 1 0 1 1 0
 36   0  11   2  10   0   2 0.10 0.50 0.02 0.05 0.60 0.10 0 1 0 1 1 1
 37   1   1   2   5   1   2 0.10 0.50 0.02 0.05 0.60 0.10 1 1 1 1 0 1
 38   1   6   1   4   1   1 0.20 0.90 0.15 0.20 0.90 0.15 1 1 1 1 1 0
 39   1   6   1   4   1   2 0.05 0.50 0.05 0.05 0.40 0.02 1 0 1 1 1 1
 40   1   8   1   6   1   1 0.20 0.90 0.15 0.15 0.90 0.15 1 1 1 1 1 0
 41   1   5   1   4   1   2 0.05 0.50 0.02 0.05 0.40 0.02 1 1 1 1 0 1
 42   1   1   1   6   1   1 0.20 0.90 0.15 0.15 0.85 0.15 1 1 0 1 1 1
 43   1   4   2   2   1   2 0.10 0.50 0.02 0.02 0.60 0.10 1 1 1 1 0 1
 44   1   3   1   7   1   1 0.20 0.85 0.15 0.15 0.85 0.15 1 1 1 1 1 0
 45   1   4   1   4   1   2 0.05 0.50 0.02 0.05 0.40 0.02 1 1 1 1 0 1
 46   1   6   1   6   1   2 0.05 0.50 0.02 0.02 0.40 0.02 0 1 1 1 1 1
 47   1   3   1   7   1   1 0.15 0.85 0.15 0.15 0.85 0.15 1 1 1 1 1 0
 48   1   4   2   2   1   1 0.40 0.80 0.35 0.25 0.80 0.35 1 1 1 1 1 1
 49   1   3   2   2   1   2 0.10 0.50 0.02 0.02 0.60 0.10 0 1 1 1 1 1
 50   1   5   1   4   1   1 0.15 0.85 0.10 0.15 0.85 0.15 1 1 1 0 1 1
 51   1   4   2   6   1   1 0.35 0.80 0.30 0.25 0.80 0.35 1 1 1 1 1 1
 52   1   3   1   2   1   1 0.15 0.80 0.10 0.15 0.85 0.15 1 1 1 0 1 1
 53   1   7   1   5   1   1 0.15 0.80 0.10 0.15 0.85 0.10 1 0 1 1 1 1
 54   1   8   2   7   1   1 0.35 0.75 0.25 0.25 0.80 0.35 1 1 1 1 1 1
 55   1   3   2   8   1   2 0.10 0.45 0.02 0.02 0.60 0.10 1 1 1 0 1 1
 56   1   3   2   3   1   2 0.10 0.45 0.02 0.02 0.55 0.10 0 1 1 1 1 1
 57   1   3   1   4   1   2 0.05 0.50 0.02 0.02 0.40 0.02 1 1 1 1 0 1
 58   1   3   2   2   1   2 0.10 0.45 0.02 0.02 0.55 0.10 1 1 1 0 1 1
 59   1   5   2   3   1   2 0.10 0.45 0.02 0.02 0.55 0.05 1 1 1 0 1 1
 60   1   8   1   6   1   2 0.05 0.50 0.02 0.02 0.40 0.02 1 0 1 1 1 1
 61   1   6   1   8   1   2 0.05 0.50 0.02 0.02 0.40 0.02 1 1 1 1 1 0
 62   1   9   2   4   1   1 0.30 0.70 0.25 0.25 0.80 0.35 1 1 1 1 1 1
 63   1   9   2   3   1   2 0.10 0.45 0.02 0.02 0.55 0.02 1 1 1 1 1 0
 64   1   9   2   4   1   2 0.10 0.45 0.02 0.02 0.55 0.02 1 1 1 1 0 1
 65   1   3   2   7   1   1 0.30 0.70 0.20 0.25 0.80 0.30 1 1 1 1 1 1
 66   1   3   1   5   1   2 0.05 0.50 0.02 0.02 0.35 0.02 0 1 1 1 1 1
 67   1   9   1   1   1   1 0.15 0.80 0.10 0.10 0.85 0.10 1 0 1 1 1 1
 68   1   5   2   3   1   2 0.10 0.45 0.02 0.02 0.55 0.02 1 1 0 1 1 1
 69   1   4   2   2   1   2 0.10 0.40 0.02 0.02 0.55 0.02 1 0 1 1 1 1
 70   1   9   2   2   1   2 0.10 0.40 0.02 0.02 0.50 0.02 1 1 1 0 1 1
 71   1   4   2  -2   1   2 0.10 0.40 0.02 0.02 0.50 0.02 1 1 1 0 1 1
 72   1   2   2  -1   1   1 0.30 0.65 0.20 0.25 0.80 0.25 1 1 1 1 1 0
 73   1   2   1   6   1   2 0.05 0.45 0.02 0.02 0.35 0.02 1 0 1 1 1 1
 74   1   1   2   3   1   1 0.30 0.60 0.20 0.25 0.80 0.25 1 1 1 1 1 1
 75   1   5   2  -1   1   1 0.30 0.60 0.15 0.20 0.80 0.25 1 1 1 1 1 1
 76   1   4   2  -2   1   1 0.25 0.60 0.15 0.15 0.80 0.25 1 1 1 1 1 1
 77   1   1   2  -4   1   1 0.25 0.55 0.10 0.15 0.80 0.25 1 1 1 1 1 1
 78   1   2   2  -3   1   1 0.25 0.50 0.05 0.15 0.80 0.25 1 1 0 1 1 1
 79   1   5   2  -3   1   1 0.20 0.50 0.05 0.15 0.80 0.25 1 1 0 1 1 1
 80   1   8   1   4   1   2 0.05 0.45 0.02 0.02 0.35 0.02 1 1 0 1 1 1
 81   1   2   1   6   1   2 0.05 0.45 0.02 0.02 0.35 0.02 1 1 0 1 1 1
 82   1   6   1   7   1   1 0.10 0.80 0.10 0.10 0.85 0.10 1 1 1 1 0 1
 83   1   3   1   5   1   2 0.02 0.45 0.02 0.02 0.35 0.02 1 0 1 1 1 1
 84   1   1   2   2   1   1 0.15 0.50 0.05 0.15 0.80 0.25 1 1 1 1 1 1
 85   1   5   2  -2   0   2 0.10 0.40 0.02 0.02 0.45 0.02 1 0 1 1 0 1
 86   1   8   2  -2   1   1 0.15 0.50 0.05 0.10 0.80 0.20 1 1 1 1 0 1
 87   0   4   1  10   0   2 0.02 0.45 0.02 0.02 0.35 0.02 1 1 0 1 0 1
 88   1   8   2   4   1   1 0.15 0.50 0.02 0.10 0.80 0.20 1 1 1 0 1 1
 89   1   9   2   4   1   1 0.10 0.50 0.02 0.10 0.80 0.20 1 1 0 1 1 1
 90   1   8   2   2   1   1 0.10 0.50 0.02 0.10 0.75 0.20 0 1 1 1 1 1
 91   1   6   1   5   1   2 0.02 0.45 0.02 0.02 0.35 0.02 1 0 1 1 1 1
 92   1   7   2   2   1   1 0.10 0.50 0.02 0.05 0.75 0.20 1 0 1 1 1 1
 93   1   6   1   2   1   2 0.02 0.45 0.02 0.02 0.35 0.02 1 1 0 1 1 1
 94   1   2   2  -4   1   1 0.10 0.50 0.02 0.02 0.75 0.20 0 1 1 1 1 1
 95   1   7   2  -3   1   2 0.10 0.40 0.02 0.02 0.45 0.02 1 0 1 1 1 1
 96   1   2   1   6   1   1 0.05 0.80 0.10 0.10 0.85 0.10 1 1 0 1 1 1
 97   1   3   2  -5   1   1 0.10 0.50 0.02 0.02 0.75 0.20 1 1 1 1 1 0
 98   1   9   1   5   1   2 0.02 0.45 0.02 0.02 0.35 0.02 1 0 1 1 1 1
 99   1   5   1   5   1   1 0.05 0.80 0.10 0.05 0.85 0.10 1 1 1 0 1 1
100   1   3   2  -2   0   1 0.10 0.50 0.02 0.02 0.70 0.20 1 1 0 1 1 0
101   1   2   2  -1   0   2 0.10 0.40 0.02 0.02 0.45 0.02 0 1 1 1 0 1
102   1   4   2  -2   1   1 0.10 0.50 0.02 0.02 0.70 0.20 1 1 1 1 1 0
103   1   4   1   6   2   1 0.05 0.80 0.10 0.05 0.80 0.10 1 1 1 1 1 0
104   1   6   1   3   1   2 0.02 0.45 0.02 0.02 0.35 0.02 1 1 1 1 1 0
105   1   6   1   5   1   1 0.05 0.75 0.05 0.05 0.80 0.10 1 1 1 1 1 0
106   1   5   1   2   1   1 0.05 0.75 0.05 0.05 0.75 0.10 1 1 1 1 1 0
107   1   6   1   1   1   2 0.02 0.40 0.02 0.02 0.35 0.02 1 0 1 1 1 1
108   1   7   2  -2   1   2 0.10 0.40 0.02 0.02 0.48 0.02 1 1 1 1 0 1
109   1   7   2   5   1   1 0.10 0.45 0.02 0.02 0.70 0.20 1 1 1 1 0 1
110   1   8   1   6   1   2 0.02 0.40 0.02 0.02 0.35 0.02 1 1 1 1 1 0
111   0  10   2  -6   0   1 0.10 0.40 0.02 0.02 0.70 0.20 0 1 1 1 0 1
112   1   3   2  -4   1   2 0.05 0.40 0.02 0.02 0.48 0.02 1 1 1 1 0 1
113   1   7   1   5   1   1 0.05 0.75 0.05 0.02 0.75 0.10 1 1 0 1 1 1
114   1   9   2  -1   1   1 0.10 0.40 0.02 0.02 0.70 0.20 1 1 1 1 1 1
115   1   8   2  -3   1   2 0.05 0.40 0.02 0.02 0.48 0.02 1 0 1 1 1 1
116   1   5   1   2   1   2 0.02 0.35 0.02 0.02 0.35 0.02 1 1 1 0 1 1
117   1   8   1   6   0   2 0.02 0.35 0.02 0.02 0.30 0.02 0 1 1 0 1 1
118   1   1   1   6   1   1 0.02 0.75 0.05 0.02 0.75 0.10 1 1 1 1 1 0
119   0   7   2  -9   0   2 0.05 0.40 0.02 0.02 0.48 0.02 1 0 1 1 0 1
120   1   9   1   5   1   1 0.02 0.75 0.05 0.02 0.75 0.10 1 1 0 1 1 1
121   1   2   1   8   1   1 0.02 0.75 0.05 0.02 0.75 0.10 1 1 1 0 1 1
122   1   2   2   2   1   1 0.05 0.35 0.02 0.02 0.70 0.20 1 1 1 1 1 0
123   1   8   1   6   0   2 0.02 0.35 0.02 0.02 0.30 0.02 1 1 0 1 1 0
124   1   9   1   7   1   1 0.02 0.75 0.05 0.02 0.75 0.05 1 1 1 1 1 0
125   1   7   1   8   1   1 0.02 0.70 0.05 0.02 0.75 0.05 1 1 0 1 1 1
126   0   5   1  10   0   1 0.02 0.70 0.05 0.02 0.75 0.05 0 1 1 1 0 1
127   1   3   2   4   1   1 0.05 0.35 0.02 0.02 0.70 0.20 1 1 0 1 1 1
128   1   7   2   4   1   1 0.02 0.35 0.02 0.02 0.70 0.20 1 1 1 1 1 1
129   1   1   2   3   1   1 0.02 0.30 0.02 0.02 0.70 0.20 1 0 1 1 1 1
130   0  10   2  -8   0   2 0.05 0.40 0.02 0.02 0.48 0.02 1 1 0 0 1 1
131   1   2   2   4   1   1 0.02 0.30 0.02 0.02 0.70 0.15 1 1 1 1 1 0
132   1   7   1   2   1   1 0.02 0.70 0.05 0.02 0.75 0.05 1 1 1 0 1 1
133   1   1   2  -1   1   2 0.05 0.40 0.02 0.02 0.48 0.02 1 1 1 1 0 1
134   1   7   2  -3   1   2 0.05 0.35 0.02 0.02 0.48 0.02 1 1 0 1 1 1
135   1   5   2   3   1   2 0.05 0.35 0.02 0.02 0.43 0.02 1 1 1 1 0 1
136   1   6   1   6   1   2 0.02 0.35 0.02 0.02 0.30 0.02 1 0 1 1 1 1
137   1   8   2   4   1   2 0.05 0.30 0.02 0.02 0.43 0.02 1 1 1 1 1 0
138   1   7   2  -1   1   2 0.05 0.30 0.02 0.02 0.43 0.02 1 1 1 1 1 0
139   1   9   1   6   1   2 0.02 0.35 0.02 0.02 0.30 0.02 1 1 1 0 1 1
140   1   3   2  -1   1   2 0.05 0.30 0.02 0.02 0.43 0.02 1 1 1 0 1 1
141   0   8   2  -9   0   2 0.05 0.30 0.02 0.02 0.38 0.02 0 1 1 0 1 1
142   1   9   1   7   1   1 0.02 0.65 0.05 0.02 0.75 0.05 1 1 0 1 1 1
143   1   4   1   6   1   1 0.02 0.65 0.05 0.02 0.75 0.05 1 1 1 1 0 1
144   1   6   2   4   1   2 0.05 0.30 0.02 0.02 0.38 0.02 1 1 0 1 1 1
145   1   6   1   4   1   1 0.02 0.60 0.05 0.02 0.75 0.05 1 1 1 1 0 1
146   0   9   2 -10   0   1 0.02 0.30 0.02 0.02 0.70 0.15 1 1 0 1 0 1
147   1   6   2  -2   2   1 0.02 0.30 0.02 0.02 0.70 0.15 1 1 0 1 0 1
148   1   9   1   8   1   2 0.02 0.35 0.02 0.02 0.30 0.02 1 1 1 1 1 0
149   0   6   1  10   0   1 0.02 0.60 0.05 0.02 0.75 0.02 0 1 1 1 1 0
150   1   5   2   4   1   2 0.05 0.30 0.02 0.02 0.33 0.02 1 1 1 1 1 0
151   1   7   1   6   1   1 0.02 0.60 0.05 0.02 0.75 0.02 1 1 1 0 1 1
152   1   2   1   6   1   2 0.02 0.35 0.02 0.02 0.30 0.02 1 1 1 1 1 0
153   1   4   1   7   1   2 0.02 0.35 0.02 0.02 0.25 0.02 1 0 1 1 1 1
154   1   8   1   4   1   2 0.02 0.35 0.02 0.02 0.25 0.02 1 0 1 1 1 1
155   1   5   2   4   1   1 0.02 0.30 0.02 0.02 0.70 0.15 1 0 1 1 1 1
156   1   8   2  -2   0   2 0.05 0.25 0.02 0.02 0.33 0.02 1 1 0 1 1 0
157   1   1   1   6   1   1 0.02 0.60 0.05 0.02 0.75 0.02 1 1 1 0 1 1
158   1   1   1   1   1   1 0.02 0.60 0.05 0.02 0.70 0.02 1 1 1 1 0 1
159   1   1   2  -2   1   1 0.02 0.30 0.02 0.02 0.70 0.10 1 1 1 0 1 1
160   0  10   2  -5   0   2 0.05 0.25 0.02 0.02 0.33 0.02 1 1 0 1 0 1
161   1   7   1   3   1   1 0.02 0.60 0.05 0.02 0.70 0.02 0 1 1 1 1 1
162   1   9   2  -3   1   1 0.02 0.30 0.02 0.02 0.70 0.10 1 0 1 1 1 1
163   1   6   1   2   1   1 0.02 0.60 0.05 0.02 0.70 0.02 1 1 0 1 1 1
164   1   3   2  -2   1   1 0.02 0.30 0.02 0.02 0.70 0.10 1 1 1 1 1 0
165   1   4   2  -4   1   2 0.05 0.25 0.02 0.02 0.33 0.02 1 1 1 1 0 1
166   1   4   2  -3   0   2 0.05 0.25 0.02 0.02 0.33 0.02 1 1 0 0 1 1
167   0   7   2  -8   0   2 0.05 0.25 0.05 0.02 0.33 0.02 0 1 0 1 1 1
168   1   7   2  -2   0   2 0.05 0.25 0.05 0.02 0.33 0.02 1 1 0 0 1 1
169   1   3   1   4   1   1 0.02 0.60 0.05 0.02 0.70 0.02 1 1 1 0 1 1
170   1   3   2   2   1   1 0.02 0.30 0.02 0.02 0.70 0.10 1 1 1 0 1 1
171   1   5   2  -3   0   2 0.05 0.25 0.05 0.05 0.33 0.02 0 1 1 0 1 1
172   1   9   1   6   1   1 0.02 0.60 0.05 0.02 0.65 0.02 1 1 0 1 1 1
173   1   1   1   5   0   2 0.02 0.35 0.02 0.02 0.25 0.02 0 1 1 0 1 1
174   1   5   1   7   0   2 0.02 0.35 0.02 0.02 0.25 0.02 1 1 1 0 1 0
175   1   2   1   7   1   1 0.02 0.60 0.05 0.02 0.65 0.02 1 1 1 1 0 1
176   1   3   2   2   1   2 0.05 0.25 0.05 0.05 0.33 0.02 1 1 1 1 0 1
177   1   4   2  -2   1   1 0.02 0.30 0.02 0.02 0.70 0.10 1 1 1 1 1 0
178   1   7   1   5   2   2 0.02 0.35 0.02 0.05 0.25 0.05 1 1 1 1 0 1
179   1   2   2  -1   0   2 0.05 0.25 0.05 0.05 0.33 0.02 0 1 1 1 1 0
180   1   4   2   3   1   1 0.02 0.30 0.02 0.02 0.70 0.10 1 1 0 1 1 1
181   1   6   2  -1   1   1 0.02 0.25 0.02 0.02 0.70 0.10 1 1 0 1 1 1
182   1   9   2   1   1   1 0.02 0.25 0.02 0.02 0.65 0.10 1 1 1 0 1 1
183   0   1   1  -6   3   2 0.02 0.30 0.02 0.02 0.25 0.05 1 1 0 1 1 1
184   1   6   2  -3   1   1 0.02 0.25 0.02 0.02 0.60 0.10 1 1 1 0 1 1
185   1   6   1   6   1   1 0.02 0.60 0.05 0.02 0.65 0.02 1 1 0 1 1 1
186   1   7   2  -8   1   2 0.08 0.25 0.05 0.05 0.33 0.02 1 0 1 1 1 1
187   1   6   2  -5   1   1 0.02 0.25 0.02 0.02 0.60 0.05 1 1 1 1 0 1
188   1   9   2  -3   1   2 0.08 0.25 0.05 0.05 0.33 0.02 1 1 0 1 1 1
189   1   7   1   1   1   2 0.02 0.30 0.02 0.02 0.25 0.05 1 0 1 1 1 1
190   1   5   1   6   1   1 0.02 0.60 0.05 0.02 0.60 0.02 1 0 1 1 1 1
191   1   5   1   6   1   2 0.02 0.30 0.02 0.02 0.25 0.05 1 1 1 1 1 0
192   1   5   1   2   0   2 0.02 0.30 0.02 0.02 0.25 0.05 1 1 1 0 0 1
193   1   9   1   6   1   2 0.02 0.30 0.02 0.02 0.25 0.05 1 1 0 1 1 1
194   1   6   2   2   1   2 0.08 0.25 0.05 0.02 0.33 0.02 1 1 0 1 1 1
195   1   3   1   7   1   1 0.02 0.60 0.05 0.02 0.55 0.02 1 1 0 1 1 1
196   1   1   1   6   0   2 0.02 0.30 0.02 0.02 0.20 0.05 1 1 0 1 1 0
197   1   5   2   3   1   1 0.02 0.25 0.02 0.02 0.60 0.05 1 1 1 1 0 1
198   1   3   1   3   0   2 0.02 0.30 0.05 0.02 0.20 0.05 1 1 0 0 1 1
199   1   8   2   3   1   1 0.02 0.25 0.02 0.02 0.60 0.02 1 1 1 1 0 1
200   1   7   2  -4   0   2 0.03 0.25 0.05 0.02 0.33 0.02 0 1 1 0 1 1
201   1   2   1  -2   1   1 0.02 0.60 0.05 0.02 0.55 0.02 1 1 0 1 1 1
202   1   3   1   3   1   1 0.02 0.60 0.05 0.02 0.55 0.02 0 1 1 1 1 1
203   1   8   2   2   0   2 0.03 0.25 0.05 0.02 0.33 0.02 1 0 1 1 0 1
204   1   8   2   4   1   2 0.03 0.25 0.05 0.02 0.33 0.02 1 1 1 1 1 0
205   1   6   2   1   0   2 0.02 0.25 0.05 0.02 0.33 0.02 1 0 1 0 1 1
206   1   5   1   3   0   2 0.02 0.30 0.05 0.05 0.20 0.05 1 1 0 0 1 1
207   1   6   2  -3   1   2 0.02 0.28 0.05 0.05 0.33 0.02 1 0 1 1 1 1
208   1   4   2  -7   1   1 0.02 0.20 0.02 0.02 0.60 0.02 1 1 1 1 1 0
209   0   2   1 -10   0   2 0.02 0.30 0.08 0.05 0.20 0.05 0 1 1 1 0 1
210   1   2   2   1   1   1 0.02 0.20 0.02 0.02 0.60 0.02 1 1 0 1 1 1
211   1   2   2  -2   2   2 0.02 0.28 0.02 0.05 0.33 0.02 1 1 0 1 1 1
212   1   1   2  -6   0   2 0.02 0.23 0.02 0.05 0.33 0.02 0 0 1 1 1 1
213   1   4   1   5   0   2 0.02 0.30 0.08 0.05 0.20 0.05 1 0 0 1 1 1
214   1   9   1   7   1   1 0.02 0.55 0.05 0.02 0.55 0.02 1 1 1 0 1 1
215   1   8   1   4   1   1 0.02 0.50 0.05 0.02 0.55 0.02 1 1 0 1 1 1
216   1   4   2   5   1   2 0.02 0.23 0.02 0.05 0.33 0.02 1 1 1 1 0 1
217   1   7   2  -3   1   1 0.02 0.20 0.02 0.02 0.55 0.02 1 1 0 1 1 1
218   1   7   2  -2   1   1 0.02 0.20 0.02 0.02 0.50 0.02 0 1 1 1 1 1
219   1   3   2  -7   0   2 0.02 0.23 0.02 0.05 0.33 0.02 1 0 1 1 0 1
220   1   4   1   2   0   2 0.02 0.30 0.08 0.05 0.20 0.05 1 1 0 1 1 0
221   1   2   1   5   0   2 0.02 0.30 0.11 0.05 0.20 0.08 1 0 0 1 1 1
222   1   9   2   2   0   2 0.02 0.26 0.02 0.05 0.36 0.02 0 1 1 0 1 1
223   1   2   1   4   1   1 0.02 0.45 0.05 0.02 0.55 0.02 1 1 1 1 0 1
224   0   4   1  -2   0   1 0.02 0.45 0.02 0.02 0.55 0.02 1 1 0 1 0 1
225   1   5   2  -1   0   1 0.02 0.20 0.02 0.02 0.45 0.02 1 0 1 1 0 1
226   1   6   2  -4   1   2 0.05 0.26 0.02 0.05 0.36 0.02 0 1 1 1 1 1
227   0  12   2  -1   0   2 0.05 0.26 0.02 0.05 0.36 0.02 0 1 1 1 0 1
228   1   4   1   1   0   2 0.02 0.33 0.11 0.05 0.20 0.08 0 1 0 1 1 1
229   1   1   2   1   1   2 0.05 0.26 0.02 0.05 0.36 0.02 1 1 1 1 0 1
230   0   3   1 -10   0   1 0.02 0.45 0.02 0.02 0.55 0.02 0 1 1 1 0 1
231   1   1   1   6   0   2 0.02 0.33 0.14 0.05 0.20 0.08 1 0 1 1 1 0
232   1   2   2  -2   1   2 0.05 0.21 0.02 0.05 0.36 0.02 1 1 0 1 1 1
233   0   7   2 -10   0   1 0.02 0.20 0.02 0.02 0.45 0.02 0 1 0 1 1 1
234   1   1   2  -7   1   1 0.02 0.20 0.02 0.02 0.45 0.02 1 1 0 1 1 1
235   1   6   1   5   1   1 0.02 0.45 0.02 0.02 0.55 0.02 0 1 1 1 1 1
236   1   4   1   5   1   1 0.02 0.45 0.02 0.02 0.55 0.02 0 1 1 1 1 1
237   1   6   2   3   1   2 0.05 0.21 0.02 0.02 0.36 0.02 1 1 1 1 0 1
238   1   2   1   7   1   1 0.02 0.40 0.02 0.02 0.55 0.02 1 1 1 1 0 1
239   0   6   1  10   0   2 0.02 0.33 0.14 0.05 0.20 0.08 0 1 1 1 1 0
240   1   1   1   8   0   2 0.02 0.33 0.14 0.05 0.20 0.08 1 1 0 1 1 0
241   1   2   1   7   1   1 0.02 0.35 0.02 0.02 0.55 0.02 1 1 1 0 1 1
242   1   9   1   5   0   2 0.02 0.33 0.14 0.05 0.20 0.11 1 0 0 1 1 1
243   0   5   1   9   0   2 0.02 0.36 0.17 0.05 0.20 0.11 0 1 1 1 1 0
244   1   5   2   4   0   2 0.05 0.21 0.02 0.02 0.36 0.02 0 1 1 0 1 1
245   1   1   1   5   0   2 0.02 0.36 0.17 0.05 0.20 0.11 1 0 1 1 1 0
246   0   3   1 -10   0   2 0.02 0.36 0.17 0.05 0.20 0.11 0 0 1 1 1 1
247   1   7   1   5   0   2 0.02 0.36 0.17 0.05 0.20 0.11 1 0 1 0 1 1
248   1   1   1   6   1   1 0.02 0.35 0.02 0.02 0.55 0.02 1 1 1 1 1 0
249   1   1   2   6   1   2 0.05 0.21 0.02 0.02 0.36 0.02 1 1 1 0 1 1
250   1   1   1   6   0   2 0.02 0.39 0.17 0.08 0.20 0.11 1 1 1 0 1 0
251   1   4   1   5   0   2 0.02 0.39 0.17 0.08 0.20 0.14 0 0 1 1 1 1
252   1   8   2  -1   1   1 0.02 0.20 0.02 0.02 0.45 0.02 1 1 1 1 1 0
253   0  11   2  -3   3   2 0.05 0.16 0.02 0.02 0.36 0.02 1 1 1 1 1 0
254   1   1   2  -4   0   2 0.05 0.16 0.02 0.02 0.36 0.02 1 1 0 1 1 0
255   1   7   1   6   0   2 0.05 0.39 0.17 0.08 0.20 0.14 1 1 1 1 0 0
256   1   3   1   7   1   1 0.02 0.35 0.02 0.02 0.55 0.02 1 1 1 1 1 0
257   1   2   2   4   1   2 0.05 0.16 0.02 0.02 0.36 0.02 1 0 1 1 1 1
258   0   3   1 -10   0   1 0.02 0.35 0.02 0.02 0.50 0.02 0 1 1 1 0 1
259   0   9   2 -10   0   2 0.05 0.16 0.02 0.02 0.36 0.02 0 1 1 1 0 1
260   1   2   1   7   0   2 0.05 0.39 0.17 0.08 0.20 0.14 1 0 1 0 1 1
261   1   8   2   5   1   1 0.02 0.15 0.02 0.02 0.45 0.02 1 1 1 0 1 1
262   1   5   2   6   1   2 0.05 0.16 0.02 0.02 0.36 0.02 1 1 1 1 0 1
263   1   9   2   2   1   2 0.05 0.16 0.02 0.02 0.36 0.02 1 1 1 1 0 1
264   1   5   1   7   1   1 0.02 0.35 0.02 0.02 0.50 0.02 1 0 1 1 1 1
265   1   7   2   1   1   1 0.02 0.15 0.02 0.02 0.45 0.02 1 1 1 1 1 0
266   1   1   1   7   1   1 0.02 0.35 0.02 0.02 0.50 0.02 1 0 1 1 1 1
267   1   1   1   4   2   2 0.05 0.42 0.17 0.11 0.20 0.14 1 0 1 1 1 1
268   1   1   2  -2   1   1 0.02 0.15 0.02 0.02 0.40 0.02 1 1 1 1 1 0
269   1   3   2  -2   1   1 0.02 0.15 0.02 0.02 0.35 0.02 1 0 1 1 1 1
270   1   7   2  -5   1   2 0.02 0.16 0.02 0.02 0.36 0.02 1 1 0 1 1 1
271   1   6   2  -6   1   1 0.02 0.15 0.02 0.02 0.35 0.02 1 1 0 1 1 1
272   1   6   2  -5   1   1 0.02 0.15 0.02 0.02 0.30 0.02 1 1 1 1 0 1
273   1   9   2  -4   0   2 0.02 0.16 0.02 0.02 0.31 0.02 0 0 1 1 1 1
274   1   9   1   7   0   2 0.05 0.42 0.17 0.11 0.15 0.09 1 0 1 0 1 1
275   0   6   1  10   0   1 0.02 0.35 0.02 0.02 0.50 0.02 1 0 1 1 0 1
276   0   1   1  -8   0   1 0.02 0.35 0.02 0.02 0.50 0.02 0 0 1 1 1 1
277   1   4   1   6   0   2 0.05 0.42 0.17 0.11 0.15 0.09 1 1 0 1 0 1
278   1   1   1   7   1   1 0.02 0.35 0.02 0.02 0.50 0.02 1 1 0 1 1 1
279   1   8   2  -4   1   1 0.02 0.15 0.02 0.02 0.30 0.02 1 0 1 1 1 1
280   1   9   1   5   0   2 0.05 0.42 0.17 0.11 0.15 0.09 1 1 1 1 0 0
281   1   2   1   6   0   2 0.05 0.42 0.17 0.11 0.18 0.09 1 0 1 0 1 1
282   0   8   2 -10   0   1 0.02 0.15 0.02 0.02 0.30 0.02 0 0 1 1 1 1
283   1   1   1   7   1   1 0.02 0.30 0.02 0.02 0.50 0.02 1 1 0 1 1 1
284   1   6   1   6   1   1 0.02 0.30 0.02 0.02 0.45 0.02 1 1 0 1 1 1
285   1   7   1   5   1   1 0.02 0.30 0.02 0.02 0.40 0.02 0 1 1 1 1 1
286   0   5   1   9   0   1 0.02 0.25 0.02 0.02 0.40 0.02 1 0 1 1 0 1
287   1   7   1   5   0   2 0.05 0.45 0.17 0.14 0.18 0.09 1 1 0 1 1 0
288   1   7   1   3   0   2 0.05 0.45 0.20 0.14 0.18 0.12 0 0 1 1 1 1
289   1   3   1   4   0   1 0.02 0.25 0.02 0.02 0.40 0.02 0 1 0 1 1 1
290   1   1   2  -3   0   2 0.02 0.16 0.02 0.02 0.31 0.02 0 1 0 1 1 1
291   1   8   2  -5   0   2 0.05 0.16 0.02 0.02 0.31 0.02 0 0 1 1 1 1
292   0   8   2 -10   0   2 0.05 0.19 0.02 0.02 0.31 0.02 1 1 1 0 1 0
293   1   4   1   7   1   1 0.02 0.25 0.02 0.02 0.40 0.02 1 1 1 0 1 1
294   1   8   1   6   0   2 0.05 0.45 0.20 0.14 0.18 0.12 1 0 1 1 0 1
295   1   4   2  -4   0   1 0.02 0.15 0.02 0.02 0.30 0.02 1 0 0 1 1 1
296   1   2   2  -2   0   1 0.02 0.15 0.02 0.02 0.30 0.02 1 0 1 0 1 1
297   1   2   1   5   0   2 0.05 0.48 0.20 0.14 0.18 0.12 1 1 0 1 1 0
298   1   4   1   6   1   1 0.02 0.25 0.02 0.02 0.40 0.02 1 1 0 1 1 1
299   1   5   2  -5   0   1 0.02 0.18 0.02 0.02 0.30 0.02 0 1 1 1 1 0
300   1   5   1   6   4   2 0.05 0.48 0.20 0.14 0.18 0.12 1 0 0 1 1 1
301   1   4   2   2   0   2 0.05 0.19 0.02 0.02 0.31 0.02 1 0 0 1 1 1
302   1   8   1   7   1   1 0.02 0.25 0.02 0.02 0.40 0.02 1 1 1 1 1 0
303   1   6   2   4   0   1 0.02 0.18 0.02 0.02 0.30 0.02 0 1 0 1 1 1
304   1   2   1   6   1   1 0.02 0.20 0.02 0.02 0.40 0.02 0 1 1 1 1 1
305   1   7   1   6   0   2 0.05 0.48 0.20 0.14 0.18 0.12 1 0 0 1 1 1
306   1   8   1   6   0   1 0.02 0.20 0.02 0.02 0.40 0.02 0 1 1 0 1 1
307   1   7   1   7   0   2 0.05 0.48 0.23 0.14 0.18 0.12 1 0 1 1 1 0
308   1   5   2   1   0   1 0.05 0.18 0.05 0.02 0.30 0.02 0 1 0 1 1 1
309   1   2   1   8   0   2 0.05 0.51 0.23 0.14 0.18 0.15 1 1 1 0 1 0
310   1   5   1   6   1   1 0.05 0.20 0.02 0.02 0.40 0.02 1 1 0 1 1 1
311   1   9   2  -3   0   1 0.05 0.18 0.05 0.02 0.30 0.02 1 1 0 1 1 0
312   1   2   2  -2   0   1 0.05 0.18 0.08 0.02 0.30 0.05 1 1 0 1 1 0
313   1   5   2   3   1   1 0.05 0.18 0.08 0.02 0.30 0.05 1 1 1 0 1 1
314   1   8   1   7   0   2 0.05 0.51 0.23 0.14 0.18 0.15 1 1 0 1 0 1
315   1   4   1   6   0   1 0.05 0.20 0.02 0.02 0.40 0.02 1 1 1 0 0 1
316   1   4   2   1   0   2 0.05 0.19 0.05 0.02 0.31 0.02 1 0 1 1 1 0
317   1   6   2  -3   0   2 0.05 0.22 0.05 0.02 0.31 0.05 1 0 1 0 1 1
318   1   9   2  -4   0   1 0.05 0.13 0.08 0.02 0.30 0.05 1 0 0 1 1 1
319   1   2   2  -5   0   2 0.05 0.22 0.05 0.05 0.31 0.05 0 1 1 1 0 1
320   1   3   1   6   1   2 0.05 0.51 0.23 0.14 0.21 0.15 0 1 1 1 1 1
321   1   3   2   2   0   1 0.05 0.13 0.11 0.02 0.30 0.05 1 1 0 0 1 1
322   1   5   1   6   1   1 0.05 0.20 0.02 0.02 0.40 0.02 0 1 1 1 1 1
323   0   2   1 -10   3   1 0.05 0.20 0.02 0.02 0.35 0.02 0 1 1 1 1 1
324   0  12   2   3   0   1 0.05 0.13 0.11 0.05 0.30 0.05 1 0 0 1 1 1
