  1   1   3   0   0   1 0.70 1.00 0.70 1.00   1   0   1   0   1   3   2   1   4
  0   1   9   0   0   1 0.00 0.00 0.00 0.00   1   0   1   0   1   4   2   3   1
  1   1   3  -1   1   1 0.66 1.00 0.66 1.00   0   0   0   0   1   2   1   4   3
  1   1   1  -4   1   1 0.66 1.00 0.66 1.00   0   0   0   0   1   2   1   3   4
  1   1   2  -5   1   2 0.30 0.50 0.30 0.50   0   0   0   0   1   3   4   1   2
  1   1   3   0   0   1 0.68 1.00 0.68 1.00   1   0   1   0   1   3   4   1   2
  1   1   5   0   0   1 0.64 1.00 0.64 1.00   1   0   1   0   1   2   4   3   1
  1   1   1  -4   1   1 0.60 1.00 0.60 1.00   0   0   0   0   1   1   3   2   4
  1   1   2   0   0   2 0.30 0.50 0.30 0.50   1   0   1   0   1   4   1   3   2
  1   1   2   0   0   2 0.26 0.52 0.26 0.52   1   0   1   0   1   2   3   1   4
  0   1   3   1   1   1 0.00 0.00 0.00 0.00   0   0   0   0   1   2   4   1   3
  1   1   4  -5   1   2 0.22 0.52 0.22 0.52   0   0   0   0   1   3   4   2   1
  1   1   4  -6   1   2 0.22 0.54 0.22 0.54   0   0   0   0   1   4   2   1   3
  1   1   1  -3   1   1 0.60 1.00 0.60 1.00   0   0   0   0   1   3   2   1   4
  1   1   1   0   1   1 0.62 1.00 0.62 1.00   0   0   0   0   1   1   4   2   3
  0   1   8  -7   1   1 0.00 0.00 0.00 0.00   0   0   0   0   1   4   2   3   1
  1   1   4  -2   1   2 0.24 0.54 0.24 0.54   0   0   0   0   1   1   3   2   4
  0   1   6  -9   1   1 0.00 0.00 0.00 0.00   0   0   0   0   1   1   2   4   3
  1   1   4   0   0   2 0.24 0.56 0.24 0.56   1   0   1   0   1   3   4   1   2
  1   1   6   0   0   2 0.20 0.56 0.20 0.56   1   0   1   0   1   4   2   1   3
  1   1   4  -9   1   2 0.16 0.58 0.16 0.58   0   0   0   0   1   1   3   4   2
  0   1   4   6   1   1 0.00 0.00 0.00 0.00   0   0   0   0   1   2   4   3   1
  1   1   2   0   1   2 0.16 0.58 0.16 0.58   0   0   0   0   1   2   1   4   3
  1   1   5  -5   1   1 0.62 1.00 0.62 1.00   0   0   0   0   1   4   1   3   2
  1   1   1  -2   1   1 0.64 1.00 0.64 1.00   0   0   0   0   1   3   2   4   1
  1   1   6   6   1   2 0.18 0.60 0.18 0.60   0   0   0   0   1   4   1   3   2
  1   1   5  -1   1   1 0.64 1.00 0.64 1.00   0   0   0   0   1   3   1   2   4
  1   1   3   2   1   1 0.66 1.00 0.66 1.00   0   0   0   0   1   1   2   3   4
  0   1  10  10   1   1 0.00 0.00 0.00 0.00   0   0   0   0   1   1   3   2   4
  1   1   5  -3   1   1 0.66 1.00 0.66 1.00   0   0   0   0   1   3   1   2   4
  1   1   3   0   0   1 0.68 1.00 0.68 1.00   1   0   1   0   1   1   3   4   2
  0   1   1  -6   1   1 0.00 0.00 0.00 0.00   0   0   0   0   1   1   4   2   3
  1   1   6  10   1   2 0.18 0.60 0.18 0.60   0   0   0   0   1   2   3   1   4
  1   1   2   2   1   2 0.20 0.62 0.20 0.62   0   0   0   0   1   2   4   3   1
  1   1   6   0   0   2 0.20 0.62 0.20 0.62   1   0   1   0   1   3   4   2   1
  0   1   7  -4   1   1 0.00 0.00 0.00 0.00   0   0   0   0   1   1   4   2   3
  1   1   6   6   1   2 0.16 0.64 0.16 0.64   0   0   0   0   1   2   1   3   4
  0   1   2  -6   1   1 0.00 0.00 0.00 0.00   0   0   0   0   1   1   3   2   4
  1   1   5   0   0   1 0.64 1.00 0.64 1.00   1   0   1   0   1   3   4   2   1
  0   1   5   7   1   1 0.00 0.00 0.00 0.00   0   0   0   0   1   3   2   1   4
  1   1   3   0   0   1 0.60 1.00 0.60 1.00   1   0   1   0   1   3   2   1   4
  1   1   6   0   0   2 0.16 0.64 0.16 0.64   1   1   1   0   1   3   2   4   1
  1   1   5   0   0   1 0.56 1.00 0.56 1.00   1   0   1   0   1   3   1   4   2
  1   1   4  -2   1   2 0.12 0.60 0.12 0.66   0   0   0   0   1   1   2   4   3
  1   1   1   0   0   1 0.52 1.00 0.52 1.00   1   0   1   0   1   2   1   4   3
  1   1   2  -3   1   2 0.12 0.60 0.12 0.66   0   0   0   0   1   3   2   4   1
  1   1   3   0   0   1 0.48 1.00 0.48 1.00   1   0   1   0   2   4   3   2   1
  0   1   9   7   1   1 0.00 0.00 0.00 0.00   0   0   0   0   2   3   1   2   4
  1   1   3   0   0   1 0.44 1.00 0.44 1.00   1   0   1   0   2   2   1   3   4
  1   1   5   0   0   1 0.40 1.00 0.40 1.00   1   0   1   0   2   2   1   4   3
  1   1   2  -3   1   2 0.14 0.62 0.14 0.68   0   0   0   0   2   2   4   1   3
  1   1   2   0   1   2 0.14 0.62 0.14 0.68   0   0   0   0   2   1   3   4   2
  1   1   4  -4   1   2 0.16 0.64 0.16 0.70   0   0   0   0   2   1   4   2   3
  1   1   6   6   1   2 0.16 0.64 0.16 0.70   0   0   0   0   2   2   3   1   4
  1   1   3   5   1   1 0.36 1.00 0.36 1.00   0   0   0   0   2   2   4   3   1
  1   1   6   0   0   2 0.18 0.66 0.18 0.72   1   0   1   0   2   2   3   4   1
  1   1   5  -5   1   1 0.36 1.00 0.36 1.00   0   0   0   0   2   2   1   4   3
  1   1   3   0   0   1 0.38 1.00 0.38 1.00   1   0   1   0   2   2   1   4   3
  1   1   6   7   1   2 0.14 0.66 0.14 0.72   0   0   0   0   2   4   3   2   1
  1   1   5  -4   1   1 0.34 1.00 0.34 1.00   0   0   0   0   2   3   4   1   2
  1   1   1   0   0   1 0.34 1.00 0.34 1.00   1   0   1   0   2   3   4   2   1
  1   1   3   4   1   1 0.30 1.00 0.30 1.00   0   0   0   0   3   3   1   2   4
  1   1   3   0   1   1 0.30 1.00 0.30 1.00   0   0   0   0   3   1   2   4   3
  1   1   5   0   0   1 0.32 1.00 0.32 1.00   0   0   1   0   3   4   1   3   2
  1   1   6   5   1   2 0.14 0.68 0.14 0.74   0   0   0   0   3   3   1   2   4
  1   1   3   0   0   1 0.32 1.00 0.28 1.00   1   0   1   0   3   4   2   1   3
  1   1   1   0   0   1 0.28 1.00 0.24 1.00   0   0   1   0   3   2   3   4   1
  1   1   5  -5   1   1 0.28 1.00 0.20 1.00   0   0   0   0   4   4   3   2   1
  1   1   3   0   0   1 0.30 1.00 0.20 1.00   1   0   1   0   4   2   4   1   3
  1   1   1  -3   1   1 0.26 1.00 0.16 1.00   0   0   0   0   4   2   4   3   1
  1   1   3   5   1   1 0.26 1.00 0.16 1.00   0   0   0   0   5   4   2   1   3
  1   4   2  -2   1   2 0.16 0.68 0.16 0.74   0   0   0   0   1   1   4   3   2
  1   4   5  -4   1   1 0.28 1.00 0.18 1.00   0   0   0   0   1   3   4   2   1
  1   4   3   2   1   1 0.28 1.00 0.18 1.00   0   0   0   0   1   4   1   3   2
  1   4   6   5   1   2 0.16 0.70 0.16 0.76   0   0   0   0   1   2   4   3   1
  1   4   2   0   1   2 0.18 0.70 0.18 0.76   0   0   0   0   1   1   4   3   2
  1   4   6   6   1   2 0.18 0.72 0.18 0.78   0   0   0   0   1   2   3   4   1
  1   4   5   0   0   1 0.30 1.00 0.20 1.00   1   0   1   0   1   1   4   3   2
  1   4   5   0   0   1 0.26 1.00 0.16 1.00   1   0   1   0   1   4   3   2   1
  1   4   1   0   0   1 0.22 1.00 0.12 1.00   1   0   1   0   1   3   4   1   2
  1   4   2  -2   1   2 0.20 0.72 0.20 0.78   0   0   0   0   1   2   4   3   1
  0   4   4   9   1   1 0.00 0.00 0.00 0.00   0   0   0   0   1   3   2   1   4
  1   4   4  -5   1   2 0.20 0.74 0.20 0.80   0   0   0   0   1   1   4   2   3
  1   4   3   4   1   1 0.18 1.00 0.08 1.00   0   0   0   0   1   1   4   3   2
  1   4   3   4   1   1 0.18 1.00 0.08 1.00   0   0   0   0   1   3   1   2   4
  1   4   6   8   1   2 0.22 0.74 0.22 0.80   0   0   0   0   1   3   1   2   4
  1   4   1  -3   1   1 0.20 1.00 0.10 1.00   0   0   0   0   1   4   1   3   2
  1   4   1  -4   1   1 0.20 1.00 0.10 1.00   0   0   0   0   1   3   4   2   1
  0   4   7  -8   1   1 0.00 0.00 0.00 0.00   0   0   0   0   1   1   2   3   4
  1   4   5  -5   1   1 0.22 1.00 0.12 1.00   0   0   0   0   1   4   3   1   2
  1   4   3   2   1   1 0.22 1.00 0.12 1.00   0   0   0   0   1   3   1   2   4
  1   4   3   4   1   1 0.24 1.00 0.14 1.00   0   0   0   0   1   3   1   4   2
  1   4   4  -6   1   2 0.22 0.76 0.22 0.82   0   0   0   0   1   4   1   3   2
  1   4   4  -6   1   2 0.24 0.76 0.24 0.82   0   0   0   0   1   2   3   1   4
  1   4   5  -7   1   1 0.24 1.00 0.14 1.00   0   0   0   0   1   1   4   3   2
  1   4   3   4   1   1 0.26 1.00 0.16 1.00   0   0   0   0   1   2   1   4   3
  0   4   2  -6   1   1 0.00 0.00 0.00 0.00   0   0   0   0   1   3   2   4   1
  1   4   1  -4   1   1 0.26 1.00 0.16 1.00   0   0   0   0   1   2   1   4   3
  1   4   5  -3   1   1 0.28 1.00 0.18 1.00   0   0   0   0   1   3   2   1   4
  1   4   2  -2   1   2 0.24 0.78 0.24 0.84   0   0   0   0   1   1   2   3   4
  1   4   4  -6   1   2 0.26 0.78 0.26 0.84   0   0   0   0   1   2   1   4   3
  1   4   6   6   1   2 0.26 0.80 0.26 0.86   0   0   0   0   1   1   3   2   4
  1   4   4  -6   1   2 0.28 0.80 0.28 0.86   0   0   0   0   1   4   2   3   1
  0   4   1  -7   1   1 0.00 0.00 0.00 0.00   0   0   0   0   1   1   4   2   3
  1   4   1  -5   1   1 0.28 1.00 0.18 1.00   0   0   0   0   1   3   4   1   2
  1   4   6   7   1   2 0.28 0.82 0.28 0.88   0   0   0   0   1   3   1   2   4
  0   4   6 -10   1   1 0.00 0.00 0.00 0.00   0   0   0   0   1   2   1   4   3
  1   4   2  -2   1   2 0.30 0.82 0.30 0.88   0   0   0   0   1   1   3   2   4
  1   4   1  -1   1   1 0.30 1.00 0.20 1.00   0   0   0   0   1   1   2   4   3
  0   4   5   7   1   1 0.00 0.00 0.00 0.00   0   0   0   0   1   3   4   1   2
  1   4   2  -3   1   2 0.30 0.84 0.30 0.90   0   0   0   0   1   2   3   4   1
  1   4   4  -6   1   2 0.32 0.84 0.32 0.90   0   0   0   0   1   4   1   3   2
  1   4   6   8   1   2 0.32 0.86 0.32 0.92   0   0   0   0   1   2   3   4   1
  0   4  10   5   1   1 0.00 0.00 0.00 0.00   0   0   0   0   1   3   1   4   2
  0   4   8  -2   1   1 0.00 0.00 0.00 0.00   0   0   0   0   1   2   4   1   3
  0   4   3   0   1   1 0.00 0.00 0.00 0.00   0   0   0   0   1   3   4   2   1
  0   4   9   6   1   1 0.00 0.00 0.00 0.00   0   0   0   0   1   3   1   4   2
  1   4   5  -1   1   1 0.30 1.00 0.20 1.00   0   0   0   0   2   3   4   2   1
  1   4   5  -3   1   1 0.32 1.00 0.22 1.00   0   0   0   0   2   2   3   4   1
  1   4   1  -4   1   1 0.32 1.00 0.22 1.00   0   0   0   0   2   1   3   2   4
  0   3   5   5   1   1 0.00 0.00 0.00 0.00   0   0   0   0   1   4   3   1   2
  0   3   2  -3   1   1 0.00 0.00 0.00 0.00   0   0   0   0   1   4   2   1   3
  1   3   3   3   1   1 0.34 1.00 0.24 1.00   0   0   0   0   1   2   3   4   1
  1   3   5  -4   1   1 0.34 1.00 0.24 1.00   0   0   0   0   1   2   3   4   1
  1   3   6   5   1   2 0.34 0.86 0.34 0.92   0   0   0   0   1   3   4   2   1
  1   3   3   5   1   1 0.36 1.00 0.26 1.00   0   0   0   0   1   2   4   3   1
  1   3   6   6   1   2 0.34 0.88 0.34 0.94   0   0   0   0   1   3   4   1   2
  1   3   4  -6   1   2 0.36 0.88 0.36 0.94   0   0   0   0   1   4   3   2   1
  1   3   3   4   1   1 0.36 1.00 0.26 1.00   0   0   0   0   1   1   2   3   4
  1   3   3   5   1   1 0.38 1.00 0.28 1.00   0   0   0   0   1   3   4   1   2
  0   3   7  -6   1   1 0.00 0.00 0.00 0.00   0   0   0   0   1   3   4   2   1
  0   3   1  -8   1   1 0.00 0.00 0.00 0.00   0   0   0   0   1   4   1   2   3
  1   3   2  -3   1   2 0.36 0.90 0.36 0.96   0   0   0   0   1   2   3   1   4
  0   3   3   1   1   1 0.00 0.00 0.00 0.00   0   0   0   0   1   3   4   2   1
  1   3   4  -6   1   2 0.38 0.90 0.38 0.96   0   0   0   0   1   3   2   4   1
  1   3   2   0   0   2 0.38 0.92 0.38 0.98   1   0   1   0   1   4   2   3   1
  1   3   4   0   0   2 0.34 0.92 0.34 0.98   0   0   1   0   1   4   2   3   1
  1   3   3   3   1   1 0.38 1.00 0.28 1.00   0   0   0   0   1   1   2   4   3
  1   3   6   7   1   2 0.34 0.94 0.30 1.00   0   0   0   0   1   3   4   1   2
  0   3   9   7   1   1 0.00 0.00 0.00 0.00   0   0   0   0   1   2   3   4   1
  1   3   6   7   1   2 0.36 0.94 0.30 1.00   0   0   0   0   1   2   1   4   3
  1   3   2  -2   1   2 0.36 0.96 0.32 1.00   0   0   0   0   1   4   3   1   2
  1   3   1  -4   1   1 0.40 1.00 0.30 1.00   0   0   0   0   1   2   1   4   3
  1   3   2  -5   1   2 0.38 0.96 0.32 1.00   0   0   0   0   1   1   4   3   2
  1   3   1  -3   1   1 0.40 1.00 0.30 1.00   0   0   0   0   1   3   2   4   1
  0   3   4   3   1   1 0.00 0.00 0.00 0.00   0   0   0   0   1   2   3   1   4
  1   3   4  -6   1   2 0.38 0.98 0.34 1.00   0   0   0   0   1   4   3   1   2
  1   3   1  -3   1   1 0.42 1.00 0.32 1.00   0   0   0   0   1   4   1   2   3
  1   3   5  -3   1   1 0.42 1.00 0.32 1.00   0   0   0   0   1   2   4   1   3
  1   3   5  -3   1   1 0.44 1.00 0.34 1.00   0   0   0   0   1   1   2   3   4
  1   3   3   3   1   1 0.44 1.00 0.34 1.00   0   0   0   0   1   1   3   4   2
  1   3   5  -2   1   1 0.46 1.00 0.36 1.00   0   0   0   0   1   3   4   1   2
  1   3   1  -5   1   1 0.46 1.00 0.36 1.00   0   0   0   0   1   3   1   2   4
  1   3   1  -5   1   1 0.48 1.00 0.38 1.00   0   0   0   0   1   2   1   3   4
  1   3   2  -2   1   2 0.40 0.98 0.34 1.00   0   0   0   0   1   4   1   3   2
  1   3   6   6   1   2 0.40 1.00 0.36 1.00   0   0   0   0   1   2   4   1   3
  1   3   6   7   1   2 0.42 1.00 0.36 1.00   0   0   0   0   1   3   1   4   2
  1   3   5   0   0   1 0.48 1.00 0.38 1.00   1   0   1   0   1   3   4   1   2
  1   3   4   0   0   2 0.42 1.00 0.38 1.00   1   0   1   0   1   1   4   3   2
  0   3   6  -8   1   1 0.00 0.00 0.00 0.00   0   0   0   0   1   2   3   1   4
  1   3   2   1   1   2 0.38 1.00 0.34 1.00   0   0   0   0   1   1   2   4   3
  0   3   8  -3   1   1 0.00 0.00 0.00 0.00   0   0   0   0   1   2   1   4   3
  1   3   5  -4   1   1 0.44 1.00 0.34 1.00   0   0   0   0   1   2   4   1   3
  0   3  10   6   1   1 0.00 0.00 0.00 0.00   0   0   0   0   1   3   1   2   4
  1   3   1  -2   1   1 0.44 1.00 0.34 1.00   0   0   0   0   1   3   4   1   2
  1   3   4  -6   1   2 0.38 1.00 0.34 1.00   0   0   0   0   1   4   2   3   1
  1   3   2  -2   1   2 0.40 1.00 0.36 1.00   0   0   0   0   2   3   1   4   2
  1   3   4  -5   1   2 0.40 1.00 0.36 1.00   0   0   0   0   2   4   3   2   1
  1   3   5  -3   1   1 0.46 1.00 0.36 1.00   0   0   0   0   2   4   1   3   2
  1   3   4  -5   1   2 0.42 1.00 0.38 1.00   0   0   0   0   2   3   2   1   4
  1   5   3   5   1   1 0.46 1.00 0.36 1.00   0   0   0   0   1   2   3   4   1
  1   5   4  -6   1   2 0.42 1.00 0.38 1.00   0   0   0   0   1   1   3   2   4
  1   5   6   6   1   2 0.44 1.00 0.40 1.00   0   0   0   0   1   2   4   3   1
  0   5   8  -4   1   1 0.00 0.00 0.00 0.00   0   0   0   0   1   4   1   2   3
  1   5   4  -6   1   2 0.44 1.00 0.40 1.00   0   0   0   0   1   1   2   4   3
  0   5   7  -6   1   1 0.00 0.00 0.00 0.00   0   0   0   0   1   2   1   3   4
  1   5   2  -2   1   2 0.46 1.00 0.42 1.00   0   0   0   0   1   3   2   1   4
  1   5   4  -6   1   2 0.46 1.00 0.42 1.00   0   0   0   0   1   2   3   1   4
  1   5   3   2   1   1 0.48 1.00 0.38 1.00   0   0   0   0   1   4   1   3   2
  1   5   1  -4   1   1 0.48 1.00 0.38 1.00   0   0   0   0   1   3   1   2   4
  1   5   5  -5   1   1 0.50 1.00 0.40 1.00   0   0   0   0   1   1   2   4   3
  1   5   2  -1   1   2 0.48 1.00 0.44 1.00   0   0   0   0   1   3   2   4   1
  0   5   6  -9   1   1 0.00 0.00 0.00 0.00   0   0   0   0   1   2   4   3   1
  1   5   4  -9   1   2 0.48 1.00 0.44 1.00   0   0   0   0   1   3   2   4   1
  1   5   4  -6   1   2 0.50 1.00 0.46 1.00   0   0   0   0   1   2   4   1   3
  1   5   2  -2   1   2 0.50 1.00 0.46 1.00   0   0   0   0   1   1   2   4   3
  1   5   3   2   1   1 0.50 1.00 0.40 1.00   0   0   0   0   1   1   3   4   2
  1   5   5   0   0   1 0.52 1.00 0.42 1.00   1   0   1   0   1   4   1   3   2
  1   5   6   0   0   2 0.52 1.00 0.48 1.00   1   0   1   0   1   4   3   1   2
  1   5   2   0   0   2 0.48 1.00 0.44 1.00   1   0   1   0   1   4   2   3   1
  1   5   2   0   0   2 0.44 1.00 0.40 1.00   0   0   1   0   1   4   2   3   1
  1   5   5   0   0   1 0.48 1.00 0.38 1.00   1   0   1   0   1   4   2   1   3
  0   5   4   3   1   1 0.00 0.00 0.00 0.00   0   0   0   0   1   4   1   2   3
  1   5   1   1   1   1 0.44 1.00 0.34 1.00   0   0   0   0   1   1   3   2   4
  1   5   6   0   0   2 0.44 1.00 0.36 1.00   1   0   1   0   1   2   1   4   3
  0   5   5   8   1   1 0.00 0.00 0.00 0.00   0   0   0   0   1   3   4   2   1
  0   5   3   2   1   1 0.00 0.00 0.00 0.00   0   0   0   0   1   4   1   2   3
  1   5   3   5   1   1 0.44 1.00 0.34 1.00   0   0   0   0   1   4   1   2   3
  1   5   5  -4   1   1 0.46 1.00 0.36 1.00   0   0   0   0   1   3   4   1   2
  1   5   4  -6   1   2 0.40 1.00 0.32 1.00   0   0   0   0   1   1   4   2   3
  1   5   5  -4   1   1 0.46 1.00 0.36 1.00   0   0   0   0   1   3   2   4   1
  1   5   1  -5   1   1 0.48 1.00 0.38 1.00   0   0   0   0   1   3   4   2   1
  1   5   2  -3   1   2 0.40 1.00 0.32 1.00   0   0   0   0   1   1   2   4   3
  1   5   1  -5   1   1 0.48 1.00 0.38 1.00   0   0   0   0   1   1   4   2   3
  1   5   5  -4   1   1 0.50 1.00 0.40 1.00   0   0   0   0   1   2   1   4   3
  1   5   6   5   1   2 0.42 1.00 0.34 1.00   0   0   0   0   1   4   1   3   2
  1   5   1  -5   1   1 0.50 1.00 0.40 1.00   0   0   0   0   1   1   2   3   4
  0   5   9   5   1   1 0.00 0.00 0.00 0.00   0   0   0   0   1   3   4   2   1
  0   5   1  -6   1   1 0.00 0.00 0.00 0.00   0   0   0   0   1   4   2   1   3
  0   5   2  -5   1   1 0.00 0.00 0.00 0.00   0   0   0   0   1   3   2   1   4
  1   5   6   6   1   2 0.42 1.00 0.34 1.00   0   0   0   0   1   1   3   4   2
  1   5   3   5   1   1 0.52 1.00 0.42 1.00   0   0   0   0   1   4   3   1   2
  1   5   6   7   1   2 0.44 1.00 0.36 1.00   0   0   0   0   1   4   2   1   3
  1   5   1   0   0   1 0.52 1.00 0.42 1.00   1   0   1   0   1   2   3   1   4
  1   5   3   3   1   1 0.48 1.00 0.38 1.00   0   0   0   0   1   3   4   1   2
  0   5  10   6   1   1 0.00 0.00 0.00 0.00   0   0   0   0   1   2   3   4   1
  1   5   5  -4   1   1 0.48 1.00 0.38 1.00   0   0   0   0   2   1   4   3   2
  1   5   6   6   1   2 0.44 1.00 0.36 1.00   0   0   0   0   2   2   1   3   4
  1   5   2  -3   1   2 0.46 1.00 0.38 1.00   0   0   0   0   2   1   4   3   2
  1   5   2  -6   1   2 0.46 1.00 0.38 1.00   0   0   0   0   2   2   1   3   4
  1   5   5  -2   1   1 0.50 1.00 0.40 1.00   0   0   0   0   2   2   3   4   1
  1   5   6   6   1   2 0.48 1.00 0.40 1.00   0   0   0   0   2   4   2   1   3
  1   5   1  -5   1   1 0.50 1.00 0.40 1.00   0   0   0   0   2   4   3   2   1
  1   2   5  -3   1   1 0.52 1.00 0.42 1.00   0   0   0   0   1   3   2   1   4
  1   2   4  -6   1   2 0.48 1.00 0.40 1.00   0   0   0   0   1   4   1   2   3
  1   2   4  -6   1   2 0.50 1.00 0.42 1.00   0   0   0   0   1   1   2   3   4
  1   2   2  -3   1   2 0.50 1.00 0.42 1.00   0   0   0   0   1   3   1   4   2
  1   2   4  -6   1   2 0.52 1.00 0.44 1.00   0   0   0   0   1   2   1   4   3
  0   2  10   6   1   1 0.00 0.00 0.00 0.00   0   0   0   0   1   3   4   2   1
  1   2   4  -3   1   2 0.52 1.00 0.44 1.00   0   0   0   0   1   3   4   1   2
  1   2   5  -3   1   1 0.52 1.00 0.42 1.00   0   0   0   0   1   1   2   3   4
  0   2   2  -4   1   1 0.00 0.00 0.00 0.00   0   0   0   0   1   1   3   2   4
  1   2   5  -4   1   1 0.54 1.00 0.44 1.00   0   0   0   0   1   1   4   2   3
  0   2   9   4   1   1 0.00 0.00 0.00 0.00   0   0   0   0   1   1   4   2   3
  1   2   6   6   1   2 0.54 1.00 0.46 1.00   0   0   0   0   1   2   3   4   1
  1   2   6   6   1   2 0.54 1.00 0.46 1.00   0   0   0   0   1   2   4   1   3
  1   2   2  -2   1   2 0.56 1.00 0.48 1.00   0   0   0   0   1   1   3   2   4
  0   2   5  10   1   1 0.00 0.00 0.00 0.00   0   0   0   0   1   1   2   3   4
  1   2   2  -4   1   2 0.56 1.00 0.48 1.00   0   0   0   0   1   2   3   1   4
  1   2   6   7   1   2 0.58 1.00 0.50 1.00   0   0   0   0   1   4   1   2   3
  1   2   5  -4   1   1 0.54 1.00 0.44 1.00   0   0   0   0   1   1   2   3   4
  1   2   6   6   1   2 0.58 1.00 0.50 1.00   0   0   0   0   1   1   3   2   4
  1   2   4  -6   1   2 0.60 1.00 0.52 1.00   0   0   0   0   1   3   4   2   1
  1   2   3   3   1   1 0.56 1.00 0.46 1.00   0   0   0   0   1   2   4   1   3
  1   2   3   5   1   1 0.56 1.00 0.46 1.00   0   0   0   0   1   3   2   4   1
  1   2   1  -7   1   1 0.58 1.00 0.48 1.00   0   0   0   0   1   3   1   2   4
  1   2   5  -5   1   1 0.58 1.00 0.48 1.00   0   0   0   0   1   2   3   4   1
  1   2   1  -6   1   1 0.60 1.00 0.50 1.00   0   0   0   0   1   1   2   4   3
  0   2   4   4   1   1 0.00 0.00 0.00 0.00   0   0   0   0   1   3   4   2   1
  0   2   1  -6   1   1 0.00 0.00 0.00 0.00   0   0   0   0   1   1   2   4   3
  1   2   6   7   1   2 0.60 1.00 0.52 1.00   0   0   0   0   1   3   1   4   2
  1   2   3   8   1   1 0.60 1.00 0.50 1.00   0   0   0   0   1   4   1   2   3
  0   2   8  -4   1   1 0.00 0.00 0.00 0.00   0   0   0   0   1   1   2   3   4
  0   2   3  -1   1   1 0.00 0.00 0.00 0.00   0   0   0   0   1   3   4   1   2
  1   2   3   3   1   1 0.62 1.00 0.52 1.00   0   0   0   0   1   4   2   1   3
  1   2   1  -3   1   1 0.62 1.00 0.52 1.00   0   0   0   0   1   3   4   1   2
  1   2   1  -5   1   1 0.64 1.00 0.54 1.00   0   0   0   0   1   3   1   2   4
  1   2   2   1   1   2 0.62 1.00 0.54 1.00   0   0   0   0   1   2   3   4   1
  1   2   2   2   1   2 0.62 1.00 0.54 1.00   0   0   0   0   1   2   3   4   1
  1   2   1  -3   1   1 0.64 1.00 0.54 1.00   0   0   0   0   1   4   3   1   2
  1   2   3   3   1   1 0.66 1.00 0.56 1.00   0   0   0   0   1   1   2   4   3
  1   2   6   6   1   2 0.64 1.00 0.56 1.00   0   0   0   0   1   2   3   4   1
  0   2   6  -8   1   1 0.00 0.00 0.00 0.00   0   0   0   0   1   4   3   2   1
  1   2   3   5   1   1 0.66 1.00 0.56 1.00   0   0   0   0   1   1   4   3   2
  1   2   2  -3   1   2 0.64 1.00 0.56 1.00   0   0   0   0   1   2   3   1   4
  1   2   4  -6   1   2 0.66 1.00 0.58 1.00   0   0   0   0   1   2   3   1   4
  0   2   7  -6   1   1 0.00 0.00 0.00 0.00   0   0   0   0   1   1   2   4   3
  1   2   1  -4   1   1 0.68 1.00 0.58 1.00   0   0   0   0   1   1   2   4   3
  1   2   5  -5   1   1 0.68 1.00 0.58 1.00   0   0   0   0   1   4   3   1   2
