  1   5   5  -2   1   1 0.90 0.90 0.90 0.90   0   0   0   0   1   4   1   3   2
  1   5   1   0   0   1 0.90 0.90 0.90 0.90   1   0   1   0   1   3   1   2   4
  1   5   5   0   0   1 0.86 0.92 0.86 0.92   1   0   1   0   1   3   4   1   2
  1   5   4   0   0   2 0.40 0.40 0.40 0.40   1   1   1   0   1   2   1   3   4
  1   5   6   0   0   2 0.36 0.36 0.36 0.40   1   0   1   0   1   4   3   1   2
  1   5   2   0   0   2 0.32 0.36 0.32 0.42   1   0   1   0   1   2   1   4   3
  1   5   6   0   0   2 0.28 0.38 0.28 0.42   1   1   1   0   1   4   2   1   3
  0   5   6  -8   1   1 0.00 0.00 0.00 0.00   0   0   0   0   1   2   3   4   1
  1   5   6   3   1   2 0.24 0.34 0.24 0.44   0   0   0   0   1   3   4   1   2
  1   5   6   0   0   2 0.24 0.34 0.24 0.44   1   0   1   0   1   4   1   2   3
  0   5   8  -2   1   1 0.00 0.00 0.00 0.00   0   0   0   0   1   4   3   2   1
  1   5   3   5   1   1 0.82 0.92 0.82 0.92   0   0   0   0   1   2   3   4   1
  1   5   3   0   0   1 0.82 0.94 0.82 0.94   1   0   1   0   1   2   4   1   3
  1   5   6   0   0   2 0.20 0.36 0.20 0.46   1   0   1   0   1   1   3   4   2
  0   5   4   7   1   1 0.00 0.00 0.00 0.00   0   0   0   0   1   1   4   3   2
  1   5   6   0   0   2 0.16 0.36 0.16 0.46   1   1   1   0   1   1   2   4   3
  0   5   7  -8   1   1 0.00 0.00 0.00 0.00   0   0   0   0   1   1   4   2   3
  1   5   2   0   0   2 0.12 0.32 0.12 0.48   0   1   0   0   1   4   2   3   1
  1   5   5   0   1   1 0.78 0.94 0.78 0.94   0   0   0   0   1   2   4   1   3
  1   5   2  -1   1   2 0.12 0.28 0.12 0.48   0   0   0   0   1   4   1   2   3
  0   5   1  -7   1   1 0.00 0.00 0.00 0.00   0   0   0   0   1   1   4   2   3
  1   5   1   0   0   1 0.78 0.96 0.78 0.96   1   1   0   1   1   4   2   1   3
  1   5   3   0   0   1 0.74 0.92 0.80 0.92   1   1   1   1   1   4   2   1   3
  1   5   4  -8   1   2 0.14 0.28 0.14 0.50   0   0   0   0   1   1   2   4   3
  1   5   3   0   0   1 0.70 0.88 0.76 0.88   1   1   1   0   1   4   3   1   2
  1   5   2   0   0   2 0.14 0.30 0.14 0.50   1   0   1   0   1   4   2   3   1
  1   5   4   0   0   2 0.10 0.30 0.10 0.52   0   1   0   0   1   4   1   2   3
  1   5   1   0   0   1 0.66 0.84 0.72 0.88   1   1   0   0   1   3   2   4   1
  1   5   4  -2   1   2 0.10 0.26 0.10 0.52   0   0   0   0   1   2   4   1   3
  1   5   2  -3   1   2 0.12 0.26 0.12 0.54   0   0   0   0   1   2   1   3   4
  0   5   3  -2   1   1 0.00 0.00 0.00 0.00   0   0   0   0   1   1   2   4   3
  1   5   5   0   0   1 0.62 0.80 0.72 0.90   1   0   1   0   1   3   4   1   2
  1   5   5   0   0   1 0.58 0.80 0.68 0.90   1   1   1   1   1   1   3   4   2
  0   5  10   9   1   1 0.00 0.00 0.00 0.00   0   0   0   0   1   3   1   2   4
  1   5   2   0   0   2 0.12 0.28 0.12 0.54   0   1   0   0   1   2   3   1   4
  0   5   2  -4   1   1 0.00 0.00 0.00 0.00   0   0   0   0   1   4   2   3   1
  1   5   3   0   0   1 0.54 0.76 0.64 0.86   1   1   1   0   1   2   4   1   3
  0   5   9   6   1   1 0.00 0.00 0.00 0.00   0   0   0   0   1   1   4   2   3
  1   5   4  -6   1   2 0.14 0.24 0.14 0.56   0   0   0   0   1   1   4   2   3
  1   5   1  -6   1   1 0.50 0.72 0.60 0.86   0   0   0   0   1   2   1   4   3
  1   5   4  -7   1   2 0.14 0.24 0.14 0.56   0   0   0   0   1   4   3   1   2
  1   5   1   0   0   1 0.50 0.72 0.60 0.88   1   0   1   0   1   2   3   1   4
  0   5   5  10   1   1 0.00 0.00 0.00 0.00   0   0   0   0   1   1   4   2   3
  1   5   1   0   0   1 0.46 0.74 0.56 0.88   1   0   1   0   1   2   3   1   4
  1   5   5   0   0   1 0.42 0.74 0.52 0.90   1   1   1   0   1   2   3   1   4
  1   5   3   8   1   1 0.38 0.70 0.48 0.90   0   0   0   0   1   3   2   1   4
  1   5   1   0   0   1 0.38 0.70 0.48 0.92   1   1   1   0   2   4   3   2   1
  1   5   5   0   0   1 0.34 0.66 0.44 0.92   1   0   1   0   2   4   3   1   2
  1   5   4  -7   1   2 0.16 0.26 0.16 0.58   0   0   0   0   2   1   2   4   3
  1   5   6   5   1   2 0.16 0.26 0.16 0.58   0   0   0   0   2   1   3   4   2
  1   5   2  -2   1   2 0.18 0.28 0.18 0.60   0   0   0   0   2   3   1   4   2
  1   5   6   0   0   2 0.18 0.28 0.18 0.60   1   1   1   0   2   1   4   2   3
  1   5   6   0   0   2 0.14 0.24 0.14 0.62   0   1   1   0   2   3   4   2   1
  1   5   3   0   0   1 0.30 0.66 0.40 0.94   1   1   1   0   2   1   4   2   3
  1   5   6   2   1   2 0.14 0.20 0.10 0.62   0   0   0   0   2   3   2   1   4
  1   5   6   3   1   2 0.16 0.20 0.10 0.64   0   0   0   0   2   4   3   1   2
  1   5   2  -1   1   2 0.16 0.22 0.12 0.64   0   0   0   0   2   4   3   2   1
  1   5   1  -6   1   1 0.26 0.62 0.36 0.94   0   0   0   0   2   1   4   2   3
  1   5   3   5   1   1 0.26 0.62 0.36 0.96   0   0   0   0   2   1   4   2   3
  1   5   3   4   1   1 0.28 0.64 0.38 0.96   0   0   0   0   2   4   1   2   3
  1   5   2  -3   1   2 0.18 0.22 0.12 0.66   0   0   0   0   2   3   2   1   4
  1   5   4  -6   1   2 0.18 0.24 0.14 0.66   0   0   0   0   2   2   1   4   3
  1   5   1  -5   1   1 0.28 0.64 0.38 0.98   0   0   0   0   2   4   3   1   2
  1   5   5   0   0   1 0.30 0.66 0.40 0.98   1   1   1   0   2   4   3   2   1
  1   5   5   0   0   1 0.26 0.62 0.36 1.00   1   1   1   0   2   2   3   4   1
  1   5   2  -3   1   2 0.20 0.24 0.14 0.68   0   0   0   0   2   1   4   3   2
  1   5   3   0   0   1 0.22 0.58 0.32 1.00   1   1   1   0   2   1   3   4   2
  1   5   1   0   0   1 0.18 0.54 0.28 1.00   1   1   1   0   2   3   1   4   2
  1   5   1  -6   1   1 0.14 0.50 0.24 1.00   0   0   0   0   2   2   3   4   1
  1   5   5  -2   1   1 0.14 0.50 0.24 1.00   0   0   0   0   2   3   1   2   4
  1   5   1  -3   1   1 0.16 0.52 0.26 1.00   0   0   0   0   3   4   3   1   2
  1   5   5  -1   1   1 0.16 0.52 0.26 1.00   0   0   0   0   3   3   1   2   4
  1   5   6   3   1   2 0.20 0.26 0.16 0.68   0   0   0   0   3   2   3   1   4
  1   5   6   3   1   2 0.22 0.26 0.16 0.70   0   0   0   0   3   4   2   1   3
  1   5   3   4   1   1 0.18 0.54 0.28 1.00   0   0   0   0   3   4   2   1   3
  1   5   5  -2   1   1 0.18 0.54 0.28 1.00   0   0   0   0   3   2   1   3   4
  1   5   5   0   0   1 0.20 0.56 0.30 1.00   0   1   0   0   3   2   3   4   1
  1   5   3   4   1   1 0.20 0.52 0.30 1.00   0   0   0   0   3   1   2   4   3
  1   5   1   0   0   1 0.22 0.52 0.32 1.00   1   1   1   0   3   3   4   2   1
  1   5   5   0   0   1 0.18 0.48 0.28 1.00   0   1   0   0   4   1   3   4   2
  1   5   1  -6   1   1 0.18 0.44 0.28 1.00   0   0   0   0   4   3   2   4   1
  1   5   5   0   0   1 0.20 0.44 0.30 1.00   1   0   1   0   5   4   2   1   3
  1   5   5   0   0   1 0.16 0.46 0.26 1.00   0   1   1   0   6   2   3   4   1
  1   5   5  -2   1   1 0.16 0.42 0.22 1.00   0   0   0   0   7   4   1   3   2
  1   3   2   0   0   2 0.22 0.28 0.18 0.70   1   0   1   0   1   2   3   4   1
  1   3   2   0   0   2 0.18 0.28 0.14 0.72   1   1   1   1   1   2   3   1   4
  0   3   5   6   1   1 0.00 0.00 0.00 0.00   0   0   0   0   1   4   3   1   2
  1   3   6   0   0   2 0.14 0.24 0.10 0.68   1   0   1   0   1   4   2   1   3
  1   3   4  -9   1   2 0.10 0.24 0.06 0.68   0   0   0   0   1   2   1   4   3
  0   3   8   0   1   1 0.00 0.00 0.00 0.00   0   0   0   0   1   1   3   2   4
  1   3   5   0   0   1 0.18 0.42 0.22 1.00   0   1   0   0   1   1   2   3   4
  1   3   2   0   0   2 0.10 0.26 0.06 0.70   0   1   0   1   1   2   3   1   4
  0   3   4   5   1   1 0.00 0.00 0.00 0.00   0   0   0   0   1   1   2   4   3
  1   3   4  -7   1   2 0.12 0.22 0.08 0.66   0   0   0   0   1   4   3   1   2
  1   3   6   2   1   2 0.12 0.22 0.08 0.66   0   0   0   0   1   4   2   1   3
  0   3  10  10   1   1 0.00 0.00 0.00 0.00   0   0   0   0   1   3   2   4   1
  0   3   1  -9   1   1 0.00 0.00 0.00 0.00   0   0   0   0   1   3   1   2   4
  1   3   1   0   0   1 0.18 0.38 0.24 1.00   1   1   1   0   1   1   3   4   2
  1   3   6   0   0   2 0.14 0.24 0.10 0.68   0   1   0   1   1   1   4   2   3
  0   3   7  -8   1   1 0.00 0.00 0.00 0.00   0   0   0   0   1   2   3   4   1
  0   3   9   8   1   1 0.00 0.00 0.00 0.00   0   0   0   0   1   4   3   2   1
  1   3   3   0   0   1 0.14 0.34 0.20 1.00   0   1   0   0   1   2   1   3   4
  0   3   6 -10   1   1 0.00 0.00 0.00 0.00   0   0   0   0   1   1   2   4   3
  1   3   4  -4   1   2 0.14 0.20 0.10 0.64   0   0   0   0   1   2   4   3   1
  1   3   5  -2   1   1 0.14 0.30 0.20 1.00   0   0   0   0   1   1   4   2   3
  1   3   1  -6   1   1 0.16 0.30 0.22 1.00   0   0   0   0   1   3   4   2   1
  1   3   3   0   0   1 0.16 0.32 0.22 1.00   1   1   0   0   1   4   1   2   3
  1   3   3   0   0   1 0.12 0.28 0.24 1.00   0   1   1   1   1   3   4   2   1
  1   3   1   0   0   1 0.12 0.24 0.20 0.96   0   1   0   1   1   2   3   4   1
  1   3   1   0   0   1 0.14 0.20 0.20 0.92   0   0   0   1   1   1   4   2   3
  1   3   5  -2   1   1 0.14 0.20 0.22 0.88   0   0   0   0   1   3   1   2   4
  1   3   3   0   0   1 0.16 0.22 0.22 0.88   0   0   1   0   1   3   2   1   4
  1   3   3   7   1   1 0.16 0.22 0.18 0.90   0   0   0   0   1   3   4   2   1
  1   3   5   0   0   1 0.18 0.24 0.18 0.90   0   0   0   1   1   2   1   4   3
  1   3   2  -1   1   2 0.16 0.20 0.12 0.64   0   0   0   0   1   4   2   1   3
  1   3   4  -9   1   2 0.16 0.22 0.12 0.66   0   0   0   0   1   3   1   2   4
  1   3   4   0   0   2 0.18 0.22 0.14 0.66   1   1   1   0   1   1   2   3   4
  1   3   6   3   1   2 0.14 0.18 0.10 0.68   0   0   0   0   1   1   3   4   2
  1   3   5  -2   1   1 0.18 0.24 0.20 0.86   0   0   0   0   1   2   3   1   4
  1   3   2  -1   1   2 0.14 0.18 0.10 0.68   0   0   0   0   1   1   2   3   4
  1   3   2  -2   1   2 0.16 0.20 0.12 0.70   0   0   0   0   1   4   1   3   2
  0   3   2  -6   1   1 0.00 0.00 0.00 0.00   0   0   0   0   1   4   1   2   3
  0   3   3  -3   1   1 0.00 0.00 0.00 0.00   0   0   0   0   1   2   4   1   3
  1   3   1  -7   1   1 0.20 0.26 0.20 0.86   0   0   0   0   1   1   3   4   2
  1   3   4  -8   1   2 0.16 0.20 0.12 0.70   0   0   0   0   1   2   4   1   3
  1   3   5   0   0   1 0.20 0.26 0.22 0.88   1   1   0   0   1   4   3   1   2
  1   3   3   0   0   1 0.16 0.22 0.22 0.88   1   1   1   0   1   1   4   2   3
  1   3   1  -7   1   1 0.12 0.18 0.18 0.90   0   0   0   0   1   2   3   4   1
  1   3   6   5   1   2 0.18 0.22 0.14 0.72   0   0   0   0   1   2   3   4   1
  1   3   6   1   1   2 0.18 0.22 0.14 0.72   0   0   0   0   1   1   4   2   3
  1   3   2  -1   1   2 0.20 0.24 0.16 0.74   0   0   0   0   2   4   2   3   1
  1   3   2  -1   1   2 0.20 0.24 0.16 0.74   0   0   0   0   2   3   2   4   1
  1   3   6   0   0   2 0.22 0.26 0.18 0.76   1   1   0   0   2   1   4   2   3
  1   3   5   0   0   1 0.12 0.18 0.18 0.90   0   0   1   0   2   4   1   3   2
  1   3   2  -2   1   2 0.18 0.22 0.18 0.76   0   0   0   0   2   3   1   2   4
  1   3   1  -4   1   1 0.14 0.20 0.14 0.92   0   0   0   0   2   3   1   4   2
  1   3   6   5   1   2 0.18 0.22 0.20 0.78   0   0   0   0   2   2   4   1   3
  1   3   3   0   0   1 0.14 0.20 0.14 0.92   0   0   0   1   2   4   3   2   1
  1   3   3   4   1   1 0.16 0.22 0.16 0.88   0   0   0   0   2   2   3   4   1
  1   3   3   4   1   1 0.16 0.22 0.16 0.88   0   0   0   0   2   4   2   1   3
  1   3   1   0   0   1 0.18 0.24 0.18 0.90   1   1   0   0   2   4   1   3   2
  1   3   1  -5   1   1 0.14 0.20 0.18 0.90   0   0   0   0   2   2   3   4   1
  1   3   3   5   1   1 0.14 0.20 0.20 0.92   0   0   0   0   2   1   4   3   2
  1   3   5  -2   1   1 0.16 0.22 0.20 0.92   0   0   0   0   2   3   1   4   2
  1   3   4   0   0   2 0.20 0.24 0.20 0.78   1   1   0   0   2   3   2   1   4
  1   3   5  -3   1   1 0.16 0.22 0.22 0.94   0   0   0   0   2   3   2   1   4
  1   3   3   3   1   1 0.18 0.24 0.22 0.94   0   0   0   0   2   1   2   3   4
  1   3   6   3   1   2 0.16 0.20 0.22 0.80   0   0   0   0   3   3   1   2   4
  1   3   5   0   0   1 0.18 0.24 0.24 0.96   0   0   1   0   3   4   1   3   2
  1   3   3   0   0   1 0.20 0.26 0.20 0.96   1   0   0   0   3   3   2   4   1
  1   3   1   0   0   1 0.16 0.26 0.20 0.98   1   1   0   0   3   3   2   4   1
  1   3   4   0   0   2 0.16 0.20 0.22 0.80   1   0   0   0   3   4   1   3   2
  1   3   5   0   1   1 0.12 0.22 0.22 0.98   0   0   0   0   4   1   3   2   4
  1   3   3   0   0   1 0.12 0.22 0.22 1.00   1   0   1   1   4   4   3   1   2
  1   3   1  -6   1   1 0.08 0.24 0.18 0.96   0   0   0   0   4   2   4   3   1
  1   3   4  -4   1   2 0.12 0.22 0.24 0.82   0   0   0   0   4   4   2   1   3
  1   3   3   0   0   1 0.08 0.24 0.18 0.96   0   0   1   1   5   3   2   1   4
  1   3   3   0   0   1 0.10 0.26 0.14 0.92   0   0   0   1   6   3   4   2   1
  1   3   3   0   0   1 0.10 0.26 0.14 0.88   0   1   0   0   7   2   4   3   1
  1   3   3   3   1   1 0.12 0.22 0.16 0.88   0   0   0   0   8   4   1   2   3
  1   1   6   0   0   2 0.12 0.22 0.24 0.82   1   0   1   1   1   1   2   3   4
  1   1   2   0   0   2 0.08 0.24 0.20 0.78   1   0   1   1   1   4   1   3   2
  1   1   2   0   0   2 0.04 0.24 0.16 0.74   0   1   0   0   1   3   4   1   2
  1   1   3   3   1   1 0.12 0.22 0.16 0.90   0   0   0   0   1   3   4   1   2
  1   1   2   0   1   2 0.04 0.20 0.16 0.74   0   0   0   0   1   3   2   4   1
  0   1   7  -6   1   1 0.00 0.00 0.00 0.00   0   0   0   0   1   2   3   4   1
  1   1   6   0   0   2 0.06 0.20 0.18 0.76   0   0   1   1   1   3   2   1   4
  0   1   6  -5   1   1 0.00 0.00 0.00 0.00   0   0   0   0   1   4   2   3   1
  1   1   4  -4   1   2 0.06 0.22 0.14 0.72   0   0   0   0   1   4   3   2   1
  1   1   1   0   0   1 0.14 0.24 0.18 0.90   1   1   0   0   1   4   3   2   1
  1   1   1  -6   1   1 0.10 0.20 0.18 0.92   0   0   0   0   1   2   1   3   4
  1   1   3   5   1   1 0.10 0.20 0.20 0.92   0   0   0   0   1   4   2   1   3
  0   1   4   4   1   1 0.00 0.00 0.00 0.00   0   0   0   0   1   2   1   3   4
  0   1  10   9   1   1 0.00 0.00 0.00 0.00   0   0   0   0   1   3   1   2   4
  1   1   1  -4   1   1 0.12 0.22 0.20 0.94   0   0   0   0   1   1   2   4   3
  0   1   1  -9   1   1 0.00 0.00 0.00 0.00   0   0   0   0   1   2   1   4   3
  1   1   3   0   0   1 0.12 0.22 0.22 0.94   0   1   1   0   1   4   2   1   3
  0   1   2  -3   1   1 0.00 0.00 0.00 0.00   0   0   0   0   1   1   4   3   2
  1   1   4  -3   1   2 0.08 0.22 0.14 0.72   0   0   0   0   1   1   4   2   3
  0   1   5   6   1   1 0.00 0.00 0.00 0.00   0   0   0   0   1   3   1   2   4
  1   1   5  -2   1   1 0.14 0.18 0.18 0.96   0   0   0   0   1   1   2   3   4
  1   1   4  -5   1   2 0.08 0.24 0.16 0.74   0   0   0   0   1   3   2   1   4
  1   1   3   0   0   1 0.14 0.18 0.18 0.96   0   0   0   1   1   2   4   3   1
  1   1   4  -8   1   2 0.10 0.24 0.16 0.74   0   0   0   0   1   2   3   4   1
  1   1   2  -1   1   2 0.10 0.26 0.18 0.76   0   0   0   0   1   4   3   1   2
  1   1   4   0   0   2 0.12 0.26 0.18 0.76   1   1   1   0   1   2   1   3   4
  1   1   5  -2   1   1 0.16 0.20 0.20 0.92   0   0   0   0   1   3   2   1   4
  1   1   6   5   1   2 0.08 0.22 0.14 0.78   0   0   0   0   1   3   2   1   4
  1   1   2   0   1   2 0.08 0.22 0.14 0.78   0   0   0   0   1   3   4   1   2
  1   1   5  -1   1   1 0.16 0.20 0.20 0.92   0   0   0   0   1   1   3   2   4
  0   1   8  -1   1   1 0.00 0.00 0.00 0.00   0   0   0   0   1   4   3   2   1
  1   1   5   0   1   1 0.18 0.22 0.22 0.94   0   0   0   0   1   4   2   1   3
  1   1   3   2   1   1 0.18 0.22 0.22 0.94   0   0   0   0   1   1   4   3   2
  1   1   6   4   1   2 0.10 0.24 0.16 0.80   0   0   0   0   1   2   3   1   4
  1   1   5   0   1   1 0.20 0.24 0.24 0.96   0   0   0   0   1   2   4   3   1
  1   1   1  -7   1   1 0.20 0.24 0.24 0.96   0   0   0   0   1   2   3   1   4
  1   1   6   4   1   2 0.10 0.24 0.16 0.80   0   0   0   0   1   3   2   1   4
  0   1   9   5   1   1 0.00 0.00 0.00 0.00   0   0   0   0   1   1   2   3   4
  1   1   1   0   0   1 0.22 0.26 0.26 0.98   1   1   0   0   1   2   3   1   4
  1   1   6   4   1   2 0.12 0.26 0.18 0.82   0   0   0   0   1   1   4   2   3
  1   1   3   0   0   1 0.18 0.22 0.26 0.98   1   1   1   0   1   3   4   1   2
  1   1   1  -6   1   1 0.14 0.18 0.22 1.00   0   0   0   0   1   4   3   1   2
  1   1   4  -6   1   2 0.12 0.26 0.18 0.82   0   0   0   0   1   4   3   1   2
  1   1   5   0   0   1 0.14 0.18 0.22 1.00   0   0   1   1   1   1   3   2   4
  0   1   3   0   1   1 0.00 0.00 0.00 0.00   0   0   0   0   1   4   2   1   3
  1   1   2   0   0   2 0.14 0.28 0.20 0.84   0   1   0   1   1   4   1   3   2
  1   1   6   0   0   2 0.14 0.24 0.20 0.80   0   1   1   1   2   1   4   3   2
  1   1   2  -1   1   2 0.16 0.20 0.16 0.76   0   0   0   0   2   1   3   2   4
  1   1   2   0   0   2 0.16 0.20 0.16 0.76   0   0   0   1   2   4   2   1   3
  1   1   6   4   1   2 0.18 0.22 0.18 0.72   0   0   0   0   2   2   3   1   4
  1   1   1   0   0   1 0.16 0.20 0.18 0.96   0   0   0   1   2   1   4   2   3
  1   1   3   0   0   1 0.16 0.20 0.18 0.92   0   1   0   1   2   2   4   3   1
  1   1   3   4   1   1 0.18 0.16 0.20 0.88   0   0   0   0   2   3   1   2   4
  1   1   4  -7   1   2 0.18 0.22 0.18 0.72   0   0   0   0   2   2   1   4   3
  1   1   1   0   0   1 0.18 0.16 0.20 0.88   1   0   1   0   2   3   1   4   2
  1   1   3   4   1   1 0.14 0.18 0.16 0.90   0   0   0   0   2   3   2   1   4
  1   1   5   0   0   1 0.14 0.18 0.16 0.90   0   0   1   1   2   3   4   1   2
  1   1   2   0   0   2 0.20 0.24 0.20 0.74   1   0   0   0   2   3   4   2   1
  1   1   6   6   1   2 0.16 0.24 0.20 0.74   0   0   0   0   3   2   1   4   3
  1   1   2  -1   1   2 0.16 0.26 0.22 0.76   0   0   0   0   3   4   1   3   2
  1   1   1  -6   1   1 0.16 0.20 0.12 0.86   0   0   0   0   3   3   4   2   1
  1   1   3   4   1   1 0.16 0.20 0.12 0.86   0   0   0   0   3   1   4   2   3
  1   1   1  -8   1   1 0.18 0.22 0.14 0.88   0   0   0   0   3   3   4   2   1
  1   1   5   0   0   1 0.18 0.22 0.14 0.88   1   1   1   0   3   4   2   1   3
  1   1   2   0   0   2 0.18 0.26 0.22 0.76   1   1   0   0   3   4   2   1   3
  1   1   5  -1   1   1 0.14 0.18 0.10 0.90   0   0   0   0   4   1   2   4   3
  1   1   2   0   1   2 0.14 0.22 0.24 0.78   0   0   0   0   4   3   1   2   4
  1   2   6   3   1   2 0.14 0.22 0.24 0.78   0   0   0   0   1   4   3   2   1
  1   2   5   0   1   1 0.14 0.18 0.10 0.90   0   0   0   0   1   2   4   1   3
  1   2   3   5   1   1 0.16 0.20 0.12 0.92   0   0   0   0   1   1   3   2   4
  1   2   6   2   1   2 0.16 0.24 0.26 0.80   0   0   0   0   1   2   1   4   3
  1   2   6   2   1   2 0.16 0.24 0.26 0.80   0   0   0   0   1   4   3   1   2
  1   2   3   3   1   1 0.16 0.20 0.12 0.92   0   0   0   0   1   3   2   4   1
  1   2   6   0   0   2 0.18 0.26 0.28 0.82   1   1   0   0   1   3   1   2   4
  1   2   5  -1   1   1 0.18 0.22 0.14 0.94   0   0   0   0   1   3   4   1   2
  1   2   4   0   0   2 0.14 0.22 0.28 0.82   0   1   0   0   1   4   2   3   1
  1   2   2   0   0   2 0.14 0.18 0.30 0.84   0   0   1   0   1   4   1   3   2
  1   2   3   3   1   1 0.18 0.22 0.14 0.94   0   0   0   0   1   3   2   1   4
  1   2   4   0   0   2 0.16 0.18 0.26 0.84   0   0   1   1   1   4   3   2   1
  1   2   1  -7   1   1 0.20 0.24 0.16 0.96   0   0   0   0   1   2   3   4   1
  0   2   2  -6   1   1 0.00 0.00 0.00 0.00   0   0   0   0   1   4   3   1   2
  1   2   3   3   1   1 0.20 0.24 0.16 0.96   0   0   0   0   1   2   1   3   4
  1   2   5  -1   1   1 0.22 0.26 0.18 0.98   0   0   0   0   1   4   1   3   2
  0   2   3   0   1   1 0.00 0.00 0.00 0.00   0   0   0   0   1   3   4   1   2
  0   2   5   8   1   1 0.00 0.00 0.00 0.00   0   0   0   0   1   2   3   1   4
  1   2   2   0   0   2 0.16 0.20 0.22 0.80   0   0   1   1   1   4   2   3   1
  1   2   2  -1   1   2 0.18 0.20 0.18 0.76   0   0   0   0   1   1   3   2   4
  1   2   4   0   0   2 0.18 0.22 0.18 0.76   1   1   0   0   1   1   4   2   3
  1   2   6   2   1   2 0.14 0.18 0.20 0.78   0   0   0   0   1   3   1   4   2
  0   2   1  -9   1   1 0.00 0.00 0.00 0.00   0   0   0   0   1   3   4   1   2
  1   2   5   0   0   1 0.22 0.26 0.18 0.98   1   1   0   0   1   1   4   2   3
  1   2   2  -1   1   2 0.14 0.18 0.20 0.78   0   0   0   0   1   3   4   1   2
  0   2   6  -9   1   1 0.00 0.00 0.00 0.00   0   0   0   0   1   3   2   1   4
  0   2   4   4   1   1 0.00 0.00 0.00 0.00   0   0   0   0   1   4   1   3   2
  1   2   4  -7   1   2 0.16 0.20 0.22 0.80   0   0   0   0   1   1   3   4   2
  1   2   3   0   0   1 0.18 0.22 0.20 1.00   0   0   1   1   1   4   3   1   2
  1   2   1   0   0   1 0.18 0.22 0.16 0.96   0   1   1   1   1   2   4   1   3
  1   2   4   0   0   2 0.16 0.20 0.22 0.80   0   0   0   1   1   4   1   3   2
  1   2   1   0   0   1 0.20 0.18 0.12 0.92   1   0   0   0   1   2   1   3   4
  1   2   5  -1   1   1 0.16 0.18 0.12 0.92   0   0   0   0   1   3   1   2   4
  1   2   1  -7   1   1 0.16 0.20 0.14 0.94   0   0   0   0   1   2   1   4   3
  1   2   2  -1   1   2 0.18 0.22 0.24 0.76   0   0   0   0   1   4   3   1   2
  1   2   5  -1   1   1 0.18 0.20 0.14 0.94   0   0   0   0   1   2   3   1   4
  1   2   1  -6   1   1 0.18 0.22 0.16 0.96   0   0   0   0   1   4   3   1   2
  0   2   8   0   1   1 0.00 0.00 0.00 0.00   0   0   0   0   1   3   2   4   1
  1   2   6   0   0   2 0.18 0.22 0.24 0.76   0   0   1   1   1   3   1   2   4
  0   2   9   9   1   1 0.00 0.00 0.00 0.00   0   0   0   0   1   3   2   4   1
  1   2   2   0   0   2 0.20 0.24 0.20 0.72   0   0   1   1   1   1   3   2   4
  1   2   1   0   0   1 0.20 0.22 0.16 0.96   0   0   0   1   1   2   3   1   4
  1   2   3   0   0   1 0.20 0.24 0.18 0.92   1   1   0   0   1   1   2   4   3
  0   2   7  -8   1   1 0.00 0.00 0.00 0.00   0   0   0   0   1   3   2   4   1
  0   2  10   7   1   1 0.00 0.00 0.00 0.00   0   0   0   0   1   2   3   4   1
  1   2   4  -8   1   2 0.20 0.24 0.16 0.68   0   0   0   0   1   3   1   2   4
  1   2   6   0   0   2 0.22 0.26 0.16 0.68   1   1   0   0   2   2   4   1   3
  1   2   4  -6   1   2 0.18 0.22 0.18 0.70   0   0   0   0   2   1   3   4   2
  1   2   2   0   1   2 0.18 0.22 0.18 0.70   0   0   0   0   2   1   3   2   4
  1   2   4   0   0   2 0.20 0.24 0.20 0.72   0   0   1   0   2   4   1   2   3
  1   2   2  -1   1   2 0.20 0.24 0.16 0.72   0   0   0   0   2   2   3   4   1
  1   2   4  -5   1   2 0.22 0.26 0.16 0.74   0   0   0   0   2   1   4   2   3
  1   2   5  -1   1   1 0.16 0.20 0.18 0.92   0   0   0   0   2   2   1   3   4
  1   2   3   3   1   1 0.16 0.20 0.20 0.94   0   0   0   0   2   4   2   1   3
  1   2   1  -5   1   1 0.18 0.22 0.20 0.94   0   0   0   0   2   1   2   4   3
  1   2   4   0   0   2 0.22 0.26 0.18 0.74   0   0   0   1   2   1   3   4   2
  1   2   1  -5   1   1 0.18 0.22 0.22 0.96   0   0   0   0   2   4   1   2   3
  1   2   6   0   0   2 0.24 0.28 0.18 0.70   1   0   1   0   2   1   3   4   2
  1   2   2   0   0   2 0.20 0.28 0.14 0.70   1   1   0   0   2   2   4   1   3
  1   2   1  -7   1   1 0.20 0.24 0.22 0.96   0   0   0   0   2   4   2   3   1
  1   2   3   4   1   1 0.20 0.24 0.24 0.98   0   0   0   0   2   1   3   2   4
  1   2   6   3   1   2 0.16 0.24 0.14 0.72   0   0   0   0   3   4   2   3   1
  1   2   4  -6   1   2 0.16 0.24 0.16 0.72   0   0   0   0   3   2   3   1   4
  1   2   4  -6   1   2 0.18 0.26 0.16 0.74   0   0   0   0   3   1   3   4   2
  1   2   6   4   1   2 0.18 0.26 0.18 0.74   0   0   0   0   3   1   2   4   3
  1   2   2   0   1   2 0.20 0.28 0.18 0.76   0   0   0   0   3   2   4   3   1
  1   4   2   0   0   2 0.20 0.28 0.20 0.76   0   1   0   0   1   2   3   1   4
  1   4   3   0   0   1 0.22 0.26 0.24 0.98   0   1   0   0   1   2   4   1   3
  1   4   4  -7   1   2 0.22 0.24 0.20 0.78   0   0   0   0   1   2   1   3   4
  1   4   3   0   0   1 0.22 0.22 0.26 1.00   1   0   1   0   1   2   1   3   4
  1   4   6   0   0   2 0.22 0.24 0.22 0.78   1   1   0   0   1   1   2   4   3
  1   4   3   0   0   1 0.18 0.22 0.22 1.00   0   0   1   1   1   4   2   3   1
  1   4   4  -5   1   2 0.18 0.20 0.22 0.80   0   0   0   0   1   2   4   1   3
  0   4   6 -10   1   1 0.00 0.00 0.00 0.00   0   0   0   0   1   3   2   4   1
  1   4   3   4   1   1 0.18 0.24 0.18 0.96   0   0   0   0   1   4   1   3   2
  1   4   3   0   0   1 0.20 0.24 0.18 0.96   1   1   0   0   1   2   4   3   1
  1   4   5  -1   1   1 0.16 0.20 0.20 0.98   0   0   0   0   1   1   4   3   2
  1   4   1   0   0   1 0.16 0.20 0.20 0.98   0   1   0   0   1   2   3   4   1
  1   4   1  -4   1   1 0.18 0.16 0.22 1.00   0   0   0   0   1   4   2   3   1
  1   4   5  -1   1   1 0.18 0.16 0.22 1.00   0   0   0   0   1   2   3   1   4
  1   4   3   3   1   1 0.20 0.18 0.24 1.00   0   0   0   0   1   3   1   2   4
  0   4   7  -9   1   1 0.00 0.00 0.00 0.00   0   0   0   0   1   3   1   2   4
  1   4   2   0   0   2 0.18 0.20 0.24 0.80   1   0   1   0   1   3   2   1   4
  1   4   4  -4   1   2 0.14 0.22 0.20 0.82   0   0   0   0   1   4   3   2   1
  1   4   2  -3   1   2 0.14 0.22 0.20 0.82   0   0   0   0   1   4   1   2   3
  0   4   9   4   1   1 0.00 0.00 0.00 0.00   0   0   0   0   1   2   1   4   3
  1   4   6   2   1   2 0.16 0.24 0.22 0.84   0   0   0   0   1   1   3   2   4
  1   4   1   0   0   1 0.20 0.18 0.24 1.00   0   0   0   1   1   4   1   3   2
  1   4   5   0   0   1 0.22 0.20 0.26 0.96   0   0   1   0   1   3   2   1   4
  1   4   6   5   1   2 0.16 0.24 0.22 0.84   0   0   0   0   1   4   1   3   2
  1   4   4   0   0   2 0.18 0.26 0.24 0.86   0   0   1   0   1   3   2   4   1
  1   4   6   4   1   2 0.18 0.26 0.20 0.86   0   0   0   0   1   1   2   3   4
  1   4   2   0   0   2 0.20 0.28 0.20 0.88   0   1   0   0   1   2   4   3   1
  1   4   6   4   1   2 0.20 0.24 0.22 0.88   0   0   0   0   1   4   1   2   3
  1   4   2  -1   1   2 0.22 0.24 0.22 0.90   0   0   0   0   1   2   1   3   4
  0   4   8   0   1   1 0.00 0.00 0.00 0.00   0   0   0   0   1   1   2   3   4
  1   4   1   0   0   1 0.22 0.20 0.22 0.96   0   0   0   1   1   1   2   3   4
  0   4  10   6   1   1 0.00 0.00 0.00 0.00   0   0   0   0   1   2   3   1   4
  0   4   1 -10   1   1 0.00 0.00 0.00 0.00   0   0   0   0   1   2   4   1   3
  0   4   3  -1   1   1 0.00 0.00 0.00 0.00   0   0   0   0   1   3   2   4   1
  0   4   4   4   1   1 0.00 0.00 0.00 0.00   0   0   0   0   1   2   3   4   1
  1   4   5   0   0   1 0.24 0.22 0.22 0.92   0   0   1   0   1   1   2   3   4
  1   4   1  -5   1   1 0.24 0.22 0.18 0.92   0   0   0   0   1   3   2   4   1
  1   4   4   0   1   2 0.22 0.26 0.24 0.90   0   0   0   0   1   3   1   4   2
  1   4   5   0   0   1 0.26 0.24 0.18 0.94   1   0   0   0   1   4   3   1   2
  1   4   6   4   1   2 0.24 0.26 0.24 0.92   0   0   0   0   1   4   1   3   2
  1   4   4  -5   1   2 0.24 0.28 0.26 0.92   0   0   0   0   1   2   1   4   3
  1   4   5  -1   1   1 0.22 0.24 0.20 0.94   0   0   0   0   1   1   2   3   4
  1   4   2   0   1   2 0.26 0.28 0.26 0.94   0   0   0   0   1   1   4   2   3
  1   4   1  -7   1   1 0.22 0.26 0.20 0.96   0   0   0   0   1   3   1   4   2
  0   4   5  10   1   1 0.00 0.00 0.00 0.00   0   0   0   0   1   3   1   2   4
  0   4   2  -6   1   1 0.00 0.00 0.00 0.00   0   0   0   0   1   2   1   3   4
  1   4   2   0   0   2 0.26 0.30 0.28 0.94   1   1   0   0   2   3   1   2   4
  1   4   3   6   1   1 0.24 0.26 0.22 0.96   0   0   0   0   2   1   3   4   2
  1   4   3   5   1   1 0.24 0.28 0.22 0.98   0   0   0   0   2   3   1   4   2
  1   4   6   4   1   2 0.22 0.26 0.28 0.96   0   0   0   0   2   4   3   2   1
  1   4   3   0   0   1 0.26 0.28 0.24 0.98   1   1   0   0   2   2   3   4   1
  1   4   3   4   1   1 0.22 0.24 0.24 1.00   0   0   0   0   2   2   4   1   3
  1   4   1   0   0   1 0.22 0.24 0.26 1.00   1   0   1   0   2   3   4   2   1
  1   4   2   0   0   2 0.22 0.26 0.30 0.96   1   0   1   0   2   3   1   2   4
  1   4   1  -7   1   1 0.18 0.26 0.22 1.00   0   0   0   0   2   1   3   4   2
  1   4   5   0   1   1 0.18 0.26 0.22 1.00   0   0   0   0   2   1   2   4   3
  1   4   4  -5   1   2 0.18 0.28 0.26 0.98   0   0   0   0   2   4   1   2   3
  1   4   2   0   0   2 0.18 0.28 0.26 0.98   0   0   1   0   2   3   4   1   2
  1   4   1  -5   1   1 0.20 0.28 0.24 1.00   0   0   0   0   2   2   1   4   3
  1   4   5   0   0   1 0.20 0.28 0.24 1.00   0   0   1   1   2   3   1   2   4
  1   4   5   0   0   1 0.22 0.30 0.20 0.96   1   1   1   0   2   2   4   3   1
  1   4   2  -1   1   2 0.20 0.30 0.22 1.00   0   0   0   0   3   1   3   2   4
  1   4   3   0   0   1 0.18 0.26 0.16 0.96   0   0   0   1   3   3   2   4   1
  1   4   1  -7   1   1 0.18 0.26 0.16 0.92   0   0   0   0   3   4   2   3   1
  1   4   2   0   0   2 0.20 0.30 0.22 1.00   1   1   1   0   3   2   3   4   1
  1   4   2  -1   1   2 0.16 0.26 0.18 1.00   0   0   0   0   3   4   2   3   1
  1   4   5  -1   1   1 0.20 0.28 0.18 0.92   0   0   0   0   3   1   4   2   3
  1   4   5  -1   1   1 0.20 0.28 0.18 0.94   0   0   0   0   3   2   1   3   4
  1   4   3   0   0   1 0.22 0.30 0.20 0.94   1   1   1   0   4   2   3   4   1
  1   4   2   1   1   2 0.16 0.26 0.18 1.00   0   0   0   0   4   3   1   2   4
  1   4   3   3   1   1 0.18 0.26 0.16 0.96   0   0   0   0   5   2   1   3   4
