0.04 0.04 0.04 0.04   2 
0.04 0.04 0.04 0.04   2 
0.06 0.06 0.06 0.06   2 
0.06 0.06 0.06 0.06   2 
0.24 0.24 0.24 0.24   1 
0.08 0.08 0.08 0.08   2 
0.10 0.10 0.04 0.10   2 
0.16 0.16 0.12 0.12   1 
0.16 0.16 0.12 0.12   1 
0.18 0.18 0.12 0.12   1 
0.18 0.18 0.14 0.14   1 
0.10 0.10 0.04 0.10   2 
0.12 0.12 0.06 0.12   2 
0.20 0.20 0.14 0.14   1 
0.12 0.12 0.06 0.12   2 
0.20 0.20 0.14 0.14   1 
0.16 0.22 0.12 0.16   1 
0.16 0.22 0.12 0.16   1 
0.14 0.14 0.08 0.14   2 
0.16 0.22 0.12 0.16   1 
0.14 0.14 0.08 0.14   2 
0.12 0.12 0.06 0.12   2 
0.12 0.12 0.06 0.12   2 
0.18 0.18 0.08 0.08   1 
0.18 0.20 0.08 0.04   1 
0.20 0.20 0.10 0.04   1 
0.14 0.14 0.08 0.10   2 
0.16 0.22 0.10 0.06   1 
0.16 0.16 0.10 0.10   2 
0.16 0.22 0.12 0.06   1 
0.16 0.22 0.12 0.06   1 
0.14 0.20 0.08 0.08   1 
0.14 0.20 0.08 0.10   1 
0.16 0.22 0.10 0.10   1 
0.16 0.22 0.10 0.12   1 
0.16 0.16 0.10 0.12   2 
0.18 0.24 0.12 0.12   1 
0.18 0.18 0.12 0.12   2 
0.20 0.20 0.14 0.14   1 
0.18 0.16 0.12 0.12   1 
0.06 0.14 0.08 0.08   1 
0.02 0.16 0.10 0.06   1 
0.04 0.18 0.08 0.08   1 
0.16 0.14 0.08 0.16   2 
0.04 0.18 0.08 0.08   1 
0.06 0.20 0.10 0.10   1 
0.06 0.20 0.10 0.10   1 
0.08 0.22 0.12 0.12   1 
0.08 0.22 0.12 0.12   1 
0.16 0.16 0.10 0.16   2 
0.08 0.22 0.12 0.12   1 
0.08 0.18 0.08 0.12   1 
0.14 0.18 0.12 0.18   2 
0.10 0.18 0.08 0.14   1 
0.14 0.18 0.12 0.20   2 
0.16 0.20 0.14 0.20   2 
0.10 0.20 0.10 0.14   1 
0.08 0.18 0.12 0.08   1 
0.08 0.18 0.12 0.08   1 
0.08 0.18 0.12 0.08   1 
0.12 0.20 0.14 0.06   2 
0.08 0.18 0.14 0.08   1 
0.10 0.20 0.14 0.10   1 
0.12 0.20 0.16 0.06   2 
0.10 0.20 0.14 0.10   1 
0.10 0.20 0.14 0.10   1 
0.10 0.20 0.14 0.10   1 
0.10 0.20 0.16 0.10   1 
0.14 0.22 0.12 0.08   2 
0.12 0.22 0.12 0.12   1 
0.12 0.22 0.08 0.12   1 
0.14 0.24 0.08 0.14   1 
0.16 0.24 0.08 0.10   2 
0.14 0.24 0.10 0.14   1 
0.16 0.26 0.10 0.16   1 
0.18 0.26 0.10 0.08   2 
0.16 0.26 0.12 0.16   1 
0.14 0.28 0.14 0.18   1 
0.10 0.18 0.12 0.14   2 
0.12 0.18 0.12 0.16   2 
0.08 0.22 0.12 0.14   1 
0.14 0.20 0.14 0.12   2 
0.16 0.22 0.12 0.14   2 
0.16 0.24 0.12 0.14   2 
0.12 0.20 0.10 0.16   1 
0.14 0.18 0.10 0.14   2 
0.08 0.18 0.08 0.14   1 
0.16 0.20 0.08 0.10   2 
0.10 0.18 0.08 0.16   1 
0.18 0.20 0.08 0.10   2 
0.10 0.20 0.10 0.16   1 
0.14 0.18 0.10 0.12   2 
0.14 0.18 0.12 0.14   2 
0.16 0.20 0.12 0.14   2 
0.12 0.20 0.10 0.18   1 
0.12 0.22 0.12 0.18   1 
0.18 0.22 0.10 0.12   2 
0.16 0.18 0.10 0.12   1 
0.12 0.20 0.12 0.14   1 
0.14 0.18 0.12 0.14   2 
0.14 0.18 0.12 0.14   2 
0.12 0.22 0.12 0.14   1 
0.12 0.22 0.12 0.14   1 
0.14 0.22 0.14 0.16   1 
0.14 0.24 0.14 0.16   1 
0.12 0.16 0.10 0.18   2 
0.12 0.18 0.10 0.18   2 
0.16 0.20 0.10 0.18   1 
0.14 0.16 0.12 0.16   1 
0.10 0.20 0.08 0.16   2 
0.14 0.18 0.14 0.16   1 
0.16 0.18 0.14 0.18   1 
0.12 0.18 0.10 0.12   2 
0.12 0.20 0.10 0.14   1 
0.12 0.20 0.10 0.14   1 
0.12 0.20 0.10 0.14   1 
0.12 0.20 0.10 0.14   1 
0.14 0.22 0.12 0.16   1 
0.14 0.22 0.12 0.16   1 
0.14 0.22 0.12 0.16   1 
0.10 0.20 0.12 0.10   2 
0.14 0.22 0.12 0.16   1 
0.10 0.20 0.14 0.10   2 
0.14 0.18 0.12 0.16   1 
0.16 0.18 0.14 0.18   1 
0.14 0.18 0.10 0.08   2 
0.14 0.18 0.12 0.10   2 
0.14 0.18 0.12 0.12   1 
0.16 0.20 0.12 0.10   2 
0.14 0.18 0.12 0.12   1 
0.16 0.20 0.14 0.12   2 
0.18 0.22 0.14 0.12   2 
0.14 0.18 0.12 0.10   2 
0.12 0.22 0.10 0.10   1 
0.12 0.22 0.12 0.12   1 
0.14 0.24 0.12 0.12   1 
0.14 0.18 0.12 0.10   2 
0.08 0.18 0.12 0.12   1 
0.08 0.18 0.12 0.14   1 
0.12 0.20 0.10 0.12   2 
0.10 0.20 0.08 0.14   1 
0.12 0.22 0.10 0.14   2 
0.12 0.22 0.10 0.12   1 
0.12 0.22 0.10 0.12   1 
0.14 0.18 0.08 0.10   1 
0.16 0.20 0.08 0.10   1 
0.16 0.20 0.08 0.10   1 
0.12 0.22 0.10 0.12   1 
0.10 0.18 0.12 0.16   2 
0.10 0.18 0.14 0.16   2 
0.08 0.24 0.12 0.14   1 
0.08 0.24 0.14 0.16   1 
0.06 0.26 0.10 0.12   1 
0.12 0.20 0.14 0.18   2 
0.06 0.28 0.10 0.12   1 
0.10 0.22 0.12 0.10   2 
0.12 0.24 0.10 0.12   2 
0.12 0.26 0.10 0.12   2 
0.06 0.28 0.10 0.12   1 
0.06 0.28 0.10 0.12   1 
0.14 0.26 0.12 0.14   2 
0.08 0.28 0.12 0.14   1 
0.08 0.28 0.12 0.14   1 
0.08 0.28 0.12 0.14   1 
0.08 0.28 0.12 0.14   1 
0.12 0.20 0.10 0.10   2 
0.08 0.24 0.12 0.10   1 
0.12 0.20 0.10 0.12   2 
0.06 0.16 0.10 0.12   1 
0.06 0.16 0.10 0.14   1 
0.14 0.18 0.12 0.14   2 
0.08 0.18 0.12 0.14   1 
0.08 0.18 0.12 0.16   1 
0.10 0.20 0.14 0.16   1 
0.16 0.18 0.14 0.14   2 
0.16 0.20 0.14 0.16   2 
0.14 0.22 0.12 0.18   2 
0.14 0.22 0.12 0.18   2 
0.12 0.22 0.10 0.14   1 
0.12 0.22 0.10 0.14   1 
0.14 0.24 0.12 0.12   1 
0.12 0.20 0.10 0.16   2 
0.16 0.26 0.14 0.12   1 
0.12 0.20 0.10 0.18   2 
0.18 0.22 0.12 0.10   1 
0.14 0.18 0.12 0.14   2 
0.16 0.14 0.14 0.12   1 
0.18 0.16 0.10 0.14   1 
0.18 0.16 0.10 0.14   1 
0.16 0.18 0.14 0.14   2 
0.12 0.16 0.12 0.12   2 
0.14 0.16 0.10 0.14   1 
0.14 0.18 0.12 0.14   2 
0.14 0.18 0.12 0.16   1 
0.12 0.10 0.12 0.12   2 
0.08 0.16 0.10 0.14   1 
0.10 0.16 0.10 0.14   1 
0.10 0.16 0.10 0.14   1 
0.12 0.18 0.12 0.12   1 
0.10 0.12 0.14 0.14   2 
0.12 0.20 0.14 0.12   1 
0.12 0.20 0.14 0.12   1 
0.12 0.14 0.10 0.16   2 
0.14 0.16 0.10 0.14   1 
0.14 0.16 0.10 0.14   1 
0.14 0.16 0.10 0.14   1 
0.12 0.16 0.10 0.16   2 
0.14 0.16 0.10 0.14   1 
0.14 0.18 0.12 0.14   2 
0.14 0.16 0.10 0.14   1 
0.14 0.16 0.10 0.14   1 
0.16 0.18 0.14 0.14   2 
0.16 0.18 0.12 0.12   1 
0.14 0.16 0.14 0.14   1 
0.16 0.20 0.14 0.16   2 
0.14 0.16 0.16 0.14   1 
0.14 0.16 0.12 0.18   2 
0.14 0.16 0.12 0.18   2 
0.12 0.14 0.12 0.16   1 
0.14 0.10 0.14 0.14   1 
0.14 0.10 0.14 0.14   1 
0.14 0.14 0.12 0.12   2 
0.12 0.12 0.12 0.16   1 
0.14 0.16 0.12 0.14   2 
0.14 0.14 0.08 0.14   1 
0.12 0.14 0.10 0.16   2 
0.14 0.16 0.08 0.14   1 
0.14 0.16 0.12 0.14   2 
0.14 0.16 0.14 0.14   2 
0.12 0.12 0.10 0.16   1 
