  2   5   1   3   0   1   2 1 0 0 0 0.30 0.30 0.30 0.30
  3   5   2   5  -8   0   2 0 0 0 0 0.40 0.40 0.40 0.40
  4   4   1  13   0   1   2 1 1 0 0 0.26 0.30 0.30 0.30
  5   1   2   6   0   1   1 0 0 1 0 0.80 0.80 0.80 0.80
  6   4   1  10   0   1   1 0 0 1 0 0.70 0.70 0.70 0.70
  7   3   2  14   0   1   1 1 0 0 0 0.80 0.80 0.76 0.80
  8   1   2   3   0   1   2 1 1 0 0 0.42 0.42 0.42 0.42
  9   5   2   3   0   0   2 0 0 0 0 0.38 0.38 0.42 0.42
 10   4   2  11   0   1   2 0 0 1 0 0.38 0.38 0.44 0.44
 11   5   1  11   6   0   2 0 0 0 0 0.22 0.26 0.32 0.32
 12   3   2   3  -1   0   2 0 0 0 0 0.40 0.40 0.40 0.44
 13   2   2   1  -3   0   2 0 0 0 0 0.40 0.40 0.40 0.46
 14   1   2   9   0   1   2 1 1 1 0 0.42 0.42 0.42 0.46
 15   2   1   5   0   1   2 1 1 1 0 0.22 0.26 0.32 0.32
 16   2   2  15  -1   0   2 0 0 0 0 0.38 0.38 0.38 0.48
 17   1   2  15   2   0   2 0 0 0 0 0.38 0.38 0.38 0.48
 18   2   2  14  -5   0   1 0 0 0 0 0.76 0.82 0.76 0.82
 19   3   2  12  10   0   1 0 0 0 0 0.76 0.82 0.78 0.82
 20   1   1   1   0   1   2 1 1 1 0 0.18 0.22 0.28 0.34
 21   5   2  16   0   1   1 1 1 1 0 0.78 0.84 0.78 0.84
 22   5   2   4   6   0   1 0 0 0 0 0.74 0.80 0.74 0.84
 23   1   2  10   0   1   1 1 1 1 0 0.74 0.80 0.74 0.86
 24   5   1  16   7   0   1 0 0 0 0 0.70 0.70 0.66 0.70
 25   3   2   6  -6   0   1 0 0 0 0 0.70 0.76 0.70 0.86
 26   2   1   6   0   1   1 1 1 1 0 0.72 0.72 0.66 0.72
 27   4   2   8   9   0   1 0 0 0 0 0.70 0.76 0.70 0.88
 28   1   1  10   0   1   1 1 1 1 1 0.68 0.68 0.62 0.72
 29   1   1   6   0   1   1 1 1 0 1 0.64 0.64 0.58 0.68
 30   5   1  11   7   0   2 0 0 0 0 0.14 0.18 0.24 0.34
 31   3   1  13   0   1   2 0 0 1 0 0.14 0.18 0.24 0.36
 32   2   2   1  -9   0   2 0 0 0 0 0.40 0.40 0.40 0.50
 33   1   2  16   0   1   1 1 1 1 1 0.72 0.78 0.72 0.88
 34   2   2  12  10   0   1 0 0 0 0 0.68 0.74 0.68 0.84
 35   2   2   9   4   0   2 0 0 0 0 0.40 0.40 0.40 0.50
 36   2   2   5   0   1   2 1 1 1 1 0.42 0.42 0.42 0.52
 37   5   1   5  -4   0   2 0 0 0 0 0.16 0.20 0.20 0.36
 38   2   2   7   0   1   2 0 1 1 0 0.38 0.38 0.38 0.48
 39   5   1   8   7   0   1 0 0 0 0 0.60 0.60 0.58 0.64
 40   1   2   1  -4   0   2 0 0 0 0 0.38 0.34 0.34 0.48
 41   3   2   6   0   1   1 1 1 1 1 0.68 0.74 0.68 0.84
 42   3   1   5  -6   0   2 0 0 0 0 0.16 0.20 0.20 0.38
 43   5   1   4   5   0   1 0 0 0 0 0.60 0.60 0.60 0.64
 44   2   2   4   0   1   1 1 1 1 1 0.64 0.70 0.64 0.80
 45   4   1  14   1   0   1 0 0 0 0 0.62 0.62 0.60 0.66
 46   2   1   1   0   1   2 1 0 0 1 0.18 0.22 0.22 0.38
 47   4   2  15   0   0   2 0 0 0 0 0.40 0.34 0.34 0.50
 48   4   1   2   0   1   1 1 1 0 0 0.62 0.62 0.62 0.66
 49   1   2   3  -1   0   2 0 0 0 0 0.40 0.36 0.36 0.50
 50   4   2   7   5   0   2 0 0 0 0 0.42 0.36 0.36 0.52
 51   5   2  16   7   0   1 0 0 0 0 0.60 0.66 0.60 0.76
 52   1   1  11   8   0   2 0 0 0 0 0.14 0.22 0.22 0.34
 53   2   2   6  -3   0   1 0 0 0 0 0.60 0.66 0.60 0.76
 54   1   1   4   0   1   1 0 1 1 0 0.58 0.58 0.62 0.68
 55   3   1   2 -10   0   1 0 0 0 0 0.58 0.54 0.58 0.68
 56   4   2  15   0   1   2 1 0 0 1 0.42 0.38 0.38 0.52
 57   5   2  15   0   0   2 0 0 0 0 0.38 0.38 0.38 0.48
 58   1   1  12   0   1   1 1 1 1 0 0.60 0.54 0.58 0.70
 59   2   2  10   2   0   1 0 0 0 0 0.62 0.68 0.62 0.78
 60   4   1  12   8   0   1 0 0 0 0 0.56 0.50 0.54 0.70
 61   4   2   3   0   1   2 1 0 1 0 0.38 0.40 0.40 0.48
 62   2   1  10   0   1   1 1 0 0 0 0.56 0.50 0.54 0.72
 63   3   1   4   0   1   1 1 0 0 0 0.52 0.52 0.56 0.72
 64   1   2  11   8   0   2 0 0 0 0 0.34 0.40 0.36 0.50
 65   1   2   1   0   1   2 1 1 1 1 0.34 0.42 0.36 0.50
 66   5   1  10   5   0   1 0 0 0 0 0.48 0.52 0.56 0.74
 67   1   2   9   0   1   2 1 1 1 1 0.30 0.38 0.32 0.46
 68   2   2  15   0   0   2 0 0 0 0 0.26 0.34 0.28 0.42
 69   3   1   1  -7   0   2 0 0 0 0 0.14 0.24 0.24 0.34
 70   1   2   2   0   1   1 1 1 1 1 0.62 0.68 0.62 0.78
 71   5   1   1  -3   0   2 0 0 0 0 0.16 0.24 0.24 0.36
 72   3   1  12   8   0   1 0 0 0 0 0.48 0.54 0.58 0.74
 73   2   2   3   2   0   2 0 0 0 0 0.26 0.34 0.28 0.42
 74   2   1  16   0   1   1 1 1 1 0 0.50 0.54 0.58 0.76
 75   5   1  16   6   0   1 0 0 0 0 0.46 0.50 0.54 0.76
 76   5   1   6  -4   0   1 0 0 0 0 0.46 0.50 0.54 0.78
 77   5   1  10  -2   0   1 0 0 0 0 0.48 0.52 0.56 0.78
 78   3   2  14   0   0   1 0 0 0 0 0.58 0.64 0.58 0.74
 79   4   1  12   0   1   1 1 1 1 0 0.48 0.52 0.56 0.80
 80   2   2   7   0   1   2 1 1 0 1 0.28 0.36 0.30 0.44
 81   3   1  11   7   0   2 0 0 0 0 0.16 0.26 0.26 0.36
 82   3   1   2  -3   0   1 0 0 0 0 0.44 0.48 0.52 0.80
 83   5   2  12   0   1   1 1 0 0 0 0.58 0.64 0.58 0.74
 84   4   2  14   1   0   1 0 0 0 0 0.54 0.66 0.60 0.76
 85   3   2   5  -3   0   2 0 0 0 0 0.24 0.32 0.30 0.40
 86   2   1  14   0   1   1 1 1 1 1 0.44 0.48 0.52 0.82
 87   5   1   6   2   0   1 0 0 0 0 0.40 0.44 0.48 0.78
 88   1   2   6  -4   0   1 0 0 0 0 0.54 0.66 0.60 0.76
 89   1   2  13   0   0   2 0 0 0 0 0.24 0.32 0.32 0.40
 90   2   2   6  -3   0   1 0 0 0 0 0.56 0.68 0.62 0.78
 91   3   1   3   0   1   2 0 0 1 1 0.18 0.26 0.26 0.38
 92   3   2   8   0   1   1 1 1 1 1 0.56 0.68 0.62 0.78
 93   2   2  16   0   1   1 1 1 1 1 0.52 0.64 0.58 0.74
 94   4   2  16   8   0   1 0 0 0 0 0.48 0.60 0.54 0.70
 95   5   2   5  -2   0   2 0 0 0 0 0.26 0.34 0.32 0.42
 96   5   2  13   0   0   2 0 0 0 0 0.26 0.34 0.34 0.42
 97   5   1  13   0   0   2 0 0 0 0 0.18 0.28 0.22 0.34
 98   3   2   1   0   1   2 1 1 0 1 0.28 0.36 0.34 0.44
 99   1   2  11   7   0   2 0 0 0 0 0.24 0.32 0.36 0.40
100   4   2   2 -10   0   1 0 0 0 0 0.48 0.60 0.54 0.70
101   5   1   9   2   0   2 0 0 0 0 0.20 0.28 0.22 0.34
102   4   2   4   0   1   1 1 1 0 0 0.50 0.62 0.56 0.72
103   2   1   2   0   1   1 1 1 1 0 0.40 0.44 0.48 0.78
104   3   1   7   0   1   2 1 1 1 0 0.20 0.30 0.24 0.36
105   3   2  10   1   0   1 0 0 0 0 0.46 0.58 0.56 0.72
106   5   2  15   0   0   2 0 0 0 0 0.24 0.32 0.36 0.40
107   4   1   1  -6   0   2 0 0 0 0 0.16 0.26 0.20 0.36
108   2   1   3   0   1   2 1 1 0 0 0.16 0.26 0.20 0.38
109   2   1   4   0   1   1 1 1 1 1 0.36 0.40 0.44 0.80
110   3   2  16  10   0   1 0 0 0 0 0.46 0.58 0.58 0.74
111   3   2   9   0   1   2 0 0 1 1 0.26 0.34 0.38 0.42
112   4   2   5   0   0   2 0 0 0 0 0.26 0.34 0.34 0.38
113   5   1   5   0   0   2 0 0 0 0 0.12 0.22 0.22 0.38
114   1   1  11   7   0   2 0 0 0 0 0.12 0.22 0.22 0.40
115   4   1   1  -6   0   2 0 0 0 0 0.14 0.24 0.24 0.40
116   3   1   9   3   0   2 0 0 0 0 0.14 0.24 0.24 0.42
117   4   2   4   4   0   1 0 0 0 0 0.48 0.60 0.58 0.74
118   2   1  10   0   1   1 1 0 1 0 0.32 0.36 0.40 0.76
119   3   1   2  -9   0   1 0 0 0 0 0.28 0.36 0.36 0.76
120   3   1   9  -5   0   2 0 0 0 0 0.16 0.26 0.26 0.42
121   5   1   7   6   0   2 0 0 0 0 0.16 0.26 0.26 0.44
122   4   2  12   0   1   1 1 0 1 0 0.48 0.60 0.60 0.76
123   4   1   8   0   1   1 1 0 1 0 0.28 0.38 0.36 0.78
124   3   2   5   0   0   2 0 0 0 0 0.28 0.36 0.34 0.38
125   4   2   8   0   1   1 1 1 0 0 0.44 0.62 0.56 0.76
126   2   1   8   2   0   1 0 0 0 0 0.24 0.38 0.32 0.78
127   5   1  16   0   1   1 1 0 0 0 0.24 0.40 0.32 0.80
128   3   1   6   0   1   1 1 1 1 0 0.20 0.40 0.34 0.80
129   5   2  14   0   0   1 0 0 0 0 0.40 0.58 0.56 0.78
130   1   1   4   0   1   1 1 1 1 0 0.16 0.36 0.30 0.82
131   3   1  13   0   1   2 1 0 1 0 0.18 0.28 0.28 0.44
132   3   2  15   0   0   2 0 0 0 0 0.28 0.36 0.36 0.40
133   3   1   3   0   0   2 0 0 0 0 0.14 0.80 0.24 0.46
134   2   1  14  -1   0   1 0 0 0 0 0.12 0.32 0.26 0.82
135   3   2  12  10   0   1 0 0 0 0 0.40 0.58 0.58 0.78
136   2   1   4   6   0   1 0 0 0 0 0.12 0.32 0.26 0.84
137   5   2   3   2   0   2 0 0 0 0 0.30 0.38 0.36 0.40
138   2   2   4   0   0   1 0 0 0 0 0.42 0.60 0.58 0.80
139   5   2   9   0   1   2 1 0 0 0 0.30 0.38 0.38 0.42
140   5   1  15   1   0   2 0 0 0 0 0.14 0.30 0.24 0.46
141   2   2   2  -2   0   1 0 0 0 0 0.42 0.60 0.60 0.80
142   4   1  11   3   0   2 0 0 0 0 0.16 0.30 0.26 0.48
143   2   1   6   0   1   1 0 1 0 1 0.14 0.34 0.28 0.84
144   2   2  13   0   0   2 0 0 0 0 0.26 0.40 0.38 0.42
145   3   2   2 -10   0   1 0 0 0 0 0.44 0.62 0.60 0.82
146   3   2  11   0   1   2 0 1 0 0 0.26 0.40 0.40 0.44
147   3   2   8  10   0   1 0 0 0 0 0.44 0.62 0.62 0.82
148   4   1   2   0   1   1 0 1 1 0 0.14 0.30 0.28 0.80
149   3   2   7   0   1   2 0 0 1 1 0.28 0.36 0.40 0.44
150   3   1   8   9   0   1 0 0 0 0 0.16 0.26 0.24 0.80
151   4   1  10   0   1   1 0 0 1 0 0.16 0.26 0.24 0.82
152   4   1   4   7   0   1 0 0 0 0 0.18 0.28 0.20 0.82
153   4   1   3   7   0   2 0 0 0 0 0.16 0.32 0.26 0.48
154   1   2   2  -8   0   1 0 0 0 0 0.46 0.64 0.62 0.84
155   1   1   7   4   0   2 0 0 0 0 0.18 0.32 0.28 0.50
156   4   1  10   2   0   1 0 0 0 0 0.18 0.28 0.20 0.84
157   5   2   8   5   0   1 0 0 0 0 0.46 0.64 0.64 0.84
158   1   1   3   0   1   2 1 1 1 0 0.18 0.34 0.28 0.50
159   3   1   5  -2   0   2 0 0 0 0 0.14 0.30 0.24 0.52
160   4   1  12   8   0   1 0 0 0 0 0.20 0.30 0.22 0.84
161   1   2  11   7   0   2 0 0 0 0 0.28 0.36 0.36 0.40
162   3   1  15   0   1   2 0 0 1 1 0.14 0.30 0.24 0.52
163   5   2  10   2   0   1 0 0 0 0 0.48 0.66 0.64 0.86
164   1   2  14   0   1   1 1 1 1 1 0.48 0.66 0.66 0.86
165   2   1  13   0   1   2 1 1 1 1 0.16 0.32 0.20 0.48
166   1   2   8   0   1   1 1 1 1 1 0.44 0.62 0.62 0.82
167   2   1   6  -3   0   1 0 0 0 0 0.20 0.30 0.22 0.86
168   3   2  16   4   0   1 0 0 0 0 0.40 0.58 0.58 0.78
169   3   2   1   0   1   2 1 0 0 0 0.30 0.38 0.36 0.40
170   4   1   4   1   0   1 0 0 0 0 0.22 0.32 0.24 0.86
171   3   2  13   0   0   2 0 0 0 0 0.26 0.38 0.38 0.42
172   4   2   5   0   1   2 1 1 1 1 0.26 0.40 0.38 0.42
173   2   1   2  -4   0   1 0 0 0 0 0.22 0.32 0.24 0.88
174   3   2  10   1   0   1 0 0 0 0 0.40 0.58 0.58 0.78
175   4   2   7   2   0   2 0 0 0 0 0.22 0.36 0.34 0.38
176   4   1  16   0   1   1 0 0 0 1 0.24 0.34 0.26 0.88
177   4   1   6  -1   0   1 0 0 0 0 0.24 0.34 0.26 0.84
178   4   1   8   0   1   1 0 0 0 1 0.26 0.36 0.28 0.84
179   1   2   2  -2   0   1 0 0 0 0 0.42 0.60 0.60 0.80
180   2   1   8   3   0   1 0 0 0 0 0.26 0.36 0.28 0.80
181   4   2   6  -2   0   1 0 0 0 0 0.42 0.60 0.60 0.80
182   4   2  10   2   0   1 0 0 0 0 0.44 0.62 0.62 0.82
183   3   1  16   6   0   1 0 0 0 0 0.28 0.38 0.30 0.80
184   4   2   9   2   0   2 0 0 0 0 0.22 0.36 0.34 0.38
185   3   2   1  -7   0   2 0 0 0 0 0.24 0.38 0.36 0.40
186   4   1   3  -1   0   2 0 0 0 0 0.12 0.28 0.16 0.44
187   5   2  16   8   0   1 0 0 0 0 0.44 0.62 0.62 0.82
188   4   2  12   0   1   1 1 1 1 1 0.46 0.64 0.64 0.84
189   5   1   4   6   0   1 0 0 0 0 0.28 0.38 0.30 0.82
190   2   2  11   5   0   2 0 0 0 0 0.24 0.38 0.36 0.40
191   5   2  11   5   0   2 0 0 0 0 0.26 0.40 0.38 0.42
192   1   1   3   0   1   2 0 1 0 1 0.12 0.28 0.16 0.44
193   1   2   5   0   0   2 0 0 0 0 0.26 0.40 0.38 0.42
194   4   2   1  -4   0   2 0 0 0 0 0.28 0.42 0.40 0.44
195   3   1  13   0   0   2 0 0 0 0 0.14 0.24 0.18 0.40
196   1   1   1  -1   0   2 0 0 0 0 0.14 0.24 0.18 0.40
197   3   2   5   0   1   2 0 1 0 1 0.28 0.42 0.40 0.44
198   1   2  16   2   0   1 0 0 0 0 0.42 0.60 0.60 0.80
199   1   2  14   0   1   1 1 1 1 1 0.42 0.60 0.60 0.80
200   2   1  10   4   0   1 0 0 0 0 0.30 0.40 0.32 0.82
201   5   1   4   2   0   1 0 0 0 0 0.30 0.40 0.32 0.84
202   2   1  12   0   1   1 1 1 1 1 0.32 0.42 0.34 0.84
203   1   2  16   0   1   1 1 1 1 1 0.38 0.56 0.56 0.76
204   1   1  16   0   1   1 1 1 1 1 0.28 0.38 0.30 0.80
205   3   1  10   5   0   1 0 0 0 0 0.24 0.34 0.26 0.76
206   2   1  16   0   1   1 1 1 1 1 0.24 0.34 0.26 0.76
207   5   2   1  -3   0   2 0 0 0 0 0.30 0.38 0.42 0.40
208   2   1   7   0   1   2 1 1 0 1 0.16 0.26 0.20 0.42
209   1   1  15   0   0   2 0 0 0 0 0.12 0.22 0.20 0.38
210   3   2   9   5   0   2 0 0 0 0 0.30 0.38 0.42 0.40
211   3   2   4   7   0   1 0 0 0 0 0.34 0.52 0.52 0.72
212   2   2   5   0   1   2 1 1 1 0 0.32 0.40 0.44 0.42
213   2   2  14   0   1   1 1 1 1 1 0.34 0.52 0.52 0.72
214   1   2  12   7   0   1 0 0 0 0 0.30 0.48 0.48 0.68
215   2   2   8   0   1   1 1 1 0 1 0.30 0.48 0.48 0.68
216   1   2   7   4   0   2 0 0 0 0 0.28 0.36 0.40 0.42
217   3   2   3  -1   0   2 0 0 0 0 0.28 0.36 0.40 0.44
218   1   1  13   0   1   2 0 1 1 1 0.12 0.22 0.22 0.38
219   4   1   4   2   0   1 0 0 0 0 0.20 0.30 0.22 0.72
220   2   2   3   0   0   2 0 0 0 0 0.30 0.38 0.42 0.44
221   1   1   9   2   0   2 0 0 0 0 0.14 0.18 0.18 0.34
222   2   1  15   0   0   2 0 0 0 0 0.14 0.18 0.18 0.34
223   5   1   7   6   0   2 0 0 0 0 0.16 0.20 0.20 0.36
224   4   2  13   0   1   2 0 0 1 0 0.30 0.38 0.42 0.46
225   4   2   4   0   1   1 1 0 0 1 0.26 0.44 0.50 0.64
226   1   1   9   3   0   2 0 0 0 0 0.16 0.20 0.20 0.36
227   5   1  15   0   0   2 0 0 0 0 0.18 0.22 0.22 0.38
228   2   1   3   0   1   2 1 1 0 1 0.18 0.22 0.22 0.38
229   4   1  15   0   0   2 0 0 0 0 0.14 0.18 0.24 0.34
230   5   2  13  -2   0   2 0 0 0 0 0.32 0.40 0.38 0.46
231   5   1  14   0   1   1 1 1 0 0 0.20 0.30 0.22 0.72
232   4   2  13   0   0   2 0 0 0 0 0.32 0.40 0.38 0.48
233   5   2   6   0   1   1 0 1 1 0 0.22 0.44 0.50 0.60
234   3   1  10   7   0   1 0 0 0 0 0.16 0.26 0.24 0.74
235   3   2   9   0   1   2 1 1 1 0 0.34 0.42 0.40 0.48
236   5   2   8  10   0   1 0 0 0 0 0.22 0.40 0.46 0.60
237   5   1  12   0   1   1 1 1 0 1 0.16 0.26 0.24 0.74
238   5   1   2 -10   0   1 0 0 0 0 0.12 0.22 0.26 0.70
239   3   2   7   0   1   2 0 1 0 0 0.30 0.38 0.36 0.50
240   3   1   4   6   0   1 0 0 0 0 0.12 0.22 0.26 0.70
241   5   2  12   9   0   1 0 0 0 0 0.24 0.40 0.46 0.62
242   3   1   7   0   1   2 0 0 1 1 0.14 0.18 0.24 0.34
243   5   2  12  10   0   1 0 0 0 0 0.24 0.42 0.48 0.62
244   1   1  10   6   0   1 0 0 0 0 0.14 0.24 0.28 0.72
245   3   1  14   0   1   1 0 1 1 1 0.14 0.24 0.28 0.72
246   4   1   7   3   0   2 0 0 0 0 0.16 0.20 0.20 0.30
247   1   2  12   0   1   1 0 0 1 1 0.26 0.42 0.48 0.64
248   5   1  14   0   0   1 0 0 0 0 0.16 0.20 0.24 0.68
249   1   2   7   5   0   2 0 0 0 0 0.30 0.34 0.36 0.50
250   2   1  16   7   0   1 0 0 0 0 0.16 0.20 0.24 0.68
251   5   2   6  -2   0   1 0 0 0 0 0.26 0.44 0.44 0.60
252   1   2   5  -1   0   2 0 0 0 0 0.32 0.34 0.38 0.52
253   2   1   4   4   0   1 0 0 0 0 0.18 0.22 0.26 0.70
254   5   2   2  -8   0   1 0 0 0 0 0.28 0.44 0.44 0.60
255   3   2  15   0   1   2 1 1 0 0 0.32 0.36 0.38 0.52
256   3   1   1  -3   0   2 0 0 0 0 0.16 0.20 0.20 0.30
257   3   1  12  10   0   1 0 0 0 0 0.18 0.22 0.26 0.70
258   2   2  13   0   0   2 0 0 0 0 0.28 0.32 0.40 0.54
259   1   2   7   0   1   2 0 1 1 1 0.28 0.32 0.40 0.54
260   2   1   2  -8   0   1 0 0 0 0 0.20 0.24 0.28 0.72
261   1   2   4   0   1   1 1 1 0 1 0.28 0.46 0.46 0.62
262   1   1   5   0   0   2 0 0 0 0 0.18 0.22 0.22 0.32
263   5   2   2  -9   0   1 0 0 0 0 0.24 0.42 0.46 0.58
264   3   1   8   8   0   1 0 0 0 0 0.20 0.24 0.28 0.72
265   2   2   9  10   0   2 0 0 0 0 0.30 0.28 0.36 0.50
266   5   1   8   0   1   1 1 1 1 1 0.22 0.26 0.30 0.74
267   4   2   9   7   0   2 0 0 0 0 0.30 0.28 0.36 0.50
268   4   1   5   0   1   2 1 1 1 0 0.18 0.22 0.22 0.32
269   3   2  13   0   1   2 1 0 0 0 0.32 0.30 0.38 0.52
270   1   1  12   0   1   1 1 1 1 1 0.18 0.22 0.26 0.70
271   2   1  11   7   0   2 0 0 0 0 0.14 0.18 0.18 0.34
272   4   1  16   8   0   1 0 0 0 0 0.14 0.18 0.22 0.66
273   5   1  12  10   0   1 0 0 0 0 0.14 0.18 0.22 0.66
274   4   2  11   8   0   2 0 0 0 0 0.28 0.30 0.38 0.52
275   3   2  11   0   1   2 1 0 1 0 0.28 0.32 0.40 0.54
276   5   1  15  -1   0   2 0 0 0 0 0.14 0.18 0.18 0.34
277   2   1   3   4   0   2 0 0 0 0 0.16 0.20 0.20 0.36
278   3   1  12   0   1   1 1 1 1 1 0.16 0.20 0.24 0.68
279   5   1  11   0   1   2 1 1 1 0 0.16 0.20 0.20 0.36
280   1   1   4   0   1   1 1 1 1 1 0.12 0.16 0.20 0.64
281   1   2  13   0   0   2 0 0 0 0 0.24 0.32 0.36 0.54
282   2   1  11   6   0   2 0 0 0 0 0.12 0.16 0.16 0.38
283   5   2   4   0   0   1 0 0 0 0 0.24 0.42 0.48 0.58
284   4   2  10   0   1   1 1 1 1 1 0.26 0.44 0.48 0.60
285   1   2  12   9   0   1 0 0 0 0 0.22 0.40 0.44 0.56
286   5   2  14   0   0   1 0 0 0 0 0.22 0.40 0.44 0.56
287   5   2  10   7   0   1 0 0 0 0 0.24 0.42 0.46 0.58
288   2   1  13   0   0   2 0 0 0 0 0.12 0.16 0.16 0.38
289   1   1   6  -6   0   1 0 0 0 0 0.08 0.12 0.16 0.60
290   3   2   4   5   0   1 0 0 0 0 0.24 0.42 0.46 0.58
291   3   2   6   0   1   1 1 0 0 1 0.26 0.44 0.48 0.60
292   3   1  14   0   0   1 0 0 0 0 0.08 0.12 0.16 0.60
293   3   2   7   4   0   2 0 0 0 0 0.24 0.34 0.36 0.56
294   4   1   7   4   0   2 0 0 0 0 0.14 0.18 0.18 0.40
295   5   2   7   4   0   2 0 0 0 0 0.26 0.34 0.38 0.56
296   5   2   6  -6   0   1 0 0 0 0 0.22 0.44 0.48 0.56
297   1   1   5   0   1   2 1 1 1 1 0.14 0.18 0.18 0.40
298   4   1   9   1   0   2 0 0 0 0 0.10 0.14 0.14 0.36
299   1   1  15  -1   0   2 0 0 0 0 0.10 0.14 0.14 0.36
300   5   2   9   2   0   2 0 0 0 0 0.26 0.36 0.38 0.58
301   5   2  10   6   0   1 0 0 0 0 0.22 0.46 0.50 0.56
302   1   1  10   0   1   1 0 0 1 1 0.10 0.14 0.18 0.62
303   4   2  10   6   0   1 0 0 0 0 0.24 0.46 0.50 0.58
304   4   2   3   1   0   2 0 0 0 0 0.28 0.36 0.40 0.58
305   3   1   6  -4   0   1 0 0 0 0 0.10 0.14 0.14 0.58
306   1   2  15   0   0   2 0 0 0 0 0.28 0.38 0.40 0.60
307   1   2  10   7   0   1 0 0 0 0 0.24 0.48 0.52 0.58
308   5   1   6  -6   0   1 0 0 0 0 0.12 0.16 0.14 0.58
309   2   1  13   0   0   2 0 0 0 0 0.12 0.16 0.16 0.38
310   4   1   9   2   0   2 0 0 0 0 0.12 0.16 0.16 0.38
311   4   1  16   6   0   1 0 0 0 0 0.12 0.16 0.16 0.60
312   3   2  16   8   0   1 0 0 0 0 0.26 0.48 0.52 0.60
313   2   1   9   4   0   2 0 0 0 0 0.14 0.18 0.18 0.40
314   1   1  14   0   0   1 0 0 0 0 0.14 0.18 0.16 0.60
315   2   2   8   6   0   1 0 0 0 0 0.26 0.50 0.54 0.60
316   2   2  11   8   0   2 0 0 0 0 0.30 0.38 0.42 0.60
317   4   2   2 -10   0   1 0 0 0 0 0.28 0.50 0.54 0.62
318   5   2  13  -2   0   2 0 0 0 0 0.30 0.40 0.42 0.62
319   5   2   2  -6   0   1 0 0 0 0 0.28 0.52 0.56 0.62
320   4   2  14  -4   0   1 0 0 0 0 0.30 0.52 0.56 0.64
321   1   2  14   0   1   1 1 1 0 1 0.30 0.54 0.58 0.64
322   1   2   5  -3   0   2 0 0 0 0 0.32 0.40 0.44 0.62
323   4   1   8   7   0   1 0 0 0 0 0.14 0.18 0.18 0.62
324   4   2   6  -6   0   1 0 0 0 0 0.26 0.50 0.58 0.60
325   4   2  16   0   1   1 1 1 1 0 0.26 0.50 0.60 0.60
326   3   1   1   0   1   2 0 0 1 1 0.14 0.18 0.18 0.40
327   1   1  15   1   0   2 0 0 0 0 0.16 0.20 0.14 0.36
328   3   2   3   3   0   2 0 0 0 0 0.32 0.42 0.44 0.64
329   5   2   7   6   0   2 0 0 0 0 0.34 0.42 0.46 0.64
330   5   1  13  -6   0   2 0 0 0 0 0.16 0.20 0.14 0.36
331   3   1  15   3   0   2 0 0 0 0 0.18 0.22 0.16 0.38
332   5   1   5  -3   0   2 0 0 0 0 0.18 0.22 0.16 0.38
333   4   2   1  -6   0   2 0 0 0 0 0.34 0.44 0.46 0.66
334   1   1   2   0   1   1 1 1 1 1 0.16 0.20 0.18 0.62
335   3   1   8   9   0   1 0 0 0 0 0.12 0.16 0.14 0.58
336   1   1  14   0   1   1 0 0 0 1 0.12 0.16 0.14 0.58
337   3   2  15   0   1   2 0 1 1 0 0.36 0.44 0.48 0.66
338   4   1  13  -2   0   2 0 0 0 0 0.20 0.24 0.18 0.40
339   2   2   5   0   1   2 1 1 1 1 0.36 0.40 0.44 0.68
340   2   1  15   0   1   2 1 1 1 1 0.20 0.24 0.18 0.40
341   2   2  16   0   1   1 0 1 1 0 0.22 0.46 0.56 0.62
342   5   1   8   8   0   1 0 0 0 0 0.14 0.18 0.16 0.54
343   1   1   8   9   0   1 0 0 0 0 0.14 0.18 0.16 0.54
344   4   1   7   0   1   2 1 1 1 1 0.16 0.20 0.14 0.36
345   1   1   8   0   1   1 1 1 0 1 0.16 0.20 0.18 0.56
346   4   1  11   5   0   2 0 0 0 0 0.12 0.16 0.10 0.32
347   4   1   9   8   0   2 0 0 0 0 0.12 0.16 0.10 0.32
348   1   1  13  -2   0   2 0 0 0 0 0.14 0.18 0.12 0.34
349   1   1   8   6   0   1 0 0 0 0 0.12 0.16 0.18 0.52
350   4   1   6   0   1   1 0 1 1 1 0.12 0.16 0.20 0.52
351   2   2  10   0   1   1 0 1 1 1 0.22 0.42 0.52 0.62
352   5   2  14   0   1   1 1 1 1 0 0.24 0.38 0.48 0.58
353   3   1   4   5   0   1 0 0 0 0 0.14 0.12 0.16 0.48
354   2   1   5   0   1   2 1 1 0 1 0.14 0.18 0.12 0.34
355   4   1   3  -2   0   2 0 0 0 0 0.10 0.14 0.14 0.30
356   5   1   2  -7   0   1 0 0 0 0 0.14 0.12 0.16 0.48
357   3   1   6  -9   0   1 0 0 0 0 0.16 0.14 0.18 0.50
358   1   2   6   0   1   1 0 1 1 1 0.20 0.34 0.44 0.58
359   1   2   8   0   1   1 0 1 1 0 0.20 0.30 0.40 0.54
360   5   1  14   0   1   1 0 0 0 1 0.16 0.14 0.18 0.50
361   4   1  13  -5   0   2 0 0 0 0 0.10 0.14 0.14 0.30
362   5   1  10   3   0   1 0 0 0 0 0.18 0.16 0.20 0.46
363   4   1   5   0   0   2 0 0 0 0 0.12 0.16 0.16 0.32
364   2   1   7   5   0   2 0 0 0 0 0.12 0.16 0.16 0.32
365   1   1   2  -5   0   1 0 0 0 0 0.18 0.16 0.20 0.46
366   4   2  11   8   0   2 0 0 0 0 0.32 0.36 0.40 0.64
367   5   1   9   4   0   2 0 0 0 0 0.14 0.18 0.18 0.34
368   3   2   4   0   1   1 0 0 1 1 0.22 0.26 0.36 0.54
369   4   2   7   0   1   2 1 0 1 0 0.32 0.36 0.40 0.64
370   1   1   7   0   1   2 0 0 1 1 0.14 0.18 0.18 0.34
371   2   2   4   8   0   1 0 0 0 0 0.22 0.26 0.32 0.50
372   2   2  12   0   1   1 1 1 1 0 0.24 0.28 0.32 0.50
373   2   1   9   6   0   2 0 0 0 0 0.16 0.20 0.14 0.30
374   3   1  11   8   0   2 0 0 0 0 0.16 0.20 0.14 0.30
375   5   2   7   0   1   2 1 0 1 1 0.28 0.38 0.36 0.66
376   2   2  10   4   0   1 0 0 0 0 0.20 0.24 0.28 0.52
377   2   1   9   1   0   2 0 0 0 0 0.18 0.22 0.16 0.32
378   1   1   9   0   1   2 1 0 1 1 0.18 0.22 0.16 0.32
379   2   2   6   0   1   1 0 0 1 1 0.20 0.24 0.28 0.52
380   3   2  12   0   1   1 1 1 1 1 0.22 0.26 0.24 0.48
381   5   2  15  -4   0   2 0 0 0 0 0.24 0.38 0.32 0.62
382   5   1   3   3   0   2 0 0 0 0 0.14 0.24 0.12 0.28
383   1   2   4   3   0   1 0 0 0 0 0.18 0.22 0.20 0.44
384   4   1  11   7   0   2 0 0 0 0 0.14 0.24 0.12 0.28
385   4   2  12  10   0   1 0 0 0 0 0.18 0.22 0.20 0.44
386   3   1  10   4   0   1 0 0 0 0 0.20 0.18 0.22 0.48
387   5   1   2  -7   0   1 0 0 0 0 0.20 0.18 0.22 0.48
388   4   1   2  -8   0   1 0 0 0 0 0.22 0.20 0.24 0.50
389   2   2  12  10   0   1 0 0 0 0 0.20 0.24 0.22 0.46
390   2   1   8   0   1   1 1 0 1 1 0.22 0.20 0.24 0.50
391   5   1   7   6   0   2 0 0 0 0 0.16 0.26 0.14 0.30
392   3   2  14   0   1   1 0 0 1 1 0.20 0.24 0.22 0.46
393   4   2   8   7   0   1 0 0 0 0 0.22 0.26 0.18 0.42
394   4   1   5   0   1   2 1 1 0 1 0.16 0.26 0.14 0.30
395   4   2   2  -3   0   1 0 0 0 0 0.22 0.26 0.18 0.42
396   5   2  11   0   1   2 0 1 1 1 0.24 0.40 0.32 0.62
397   1   1   1  -5   0   2 0 0 0 0 0.12 0.22 0.16 0.26
398   5   1   9   0   1   2 1 1 1 1 0.12 0.22 0.16 0.26
399   5   2   1  -2   0   2 0 0 0 0 0.26 0.36 0.28 0.58
400   3   2  13  -2   0   2 0 0 0 0 0.26 0.36 0.28 0.58
401   3   1  14   0   0   1 0 0 0 0 0.18 0.22 0.20 0.46
402   2   2  15  -2   0   2 0 0 0 0 0.28 0.38 0.30 0.60
403   1   1  12  10   0   1 0 0 0 0 0.18 0.22 0.20 0.46
404   2   2  11   0   1   2 1 0 0 1 0.28 0.38 0.30 0.60
405   1   1   2   0   1   1 1 1 1 0 0.20 0.24 0.22 0.48
406   1   2  13   0   1   2 0 1 1 0 0.24 0.40 0.32 0.56
407   4   2  13  -1   0   2 0 0 0 0 0.24 0.36 0.28 0.56
408   4   2   9   3   0   2 0 0 0 0 0.26 0.36 0.28 0.58
409   3   2  10   0   1   1 1 1 0 1 0.24 0.28 0.20 0.44
410   2   1   1  -5   0   2 0 0 0 0 0.08 0.18 0.12 0.22
411   1   1  14  -3   0   1 0 0 0 0 0.16 0.20 0.18 0.48
412   2   2   7   0   1   2 1 1 1 1 0.26 0.38 0.30 0.58
413   5   1   3   0   1   2 0 1 0 1 0.08 0.18 0.12 0.22
414   1   1   5  -4   0   2 0 0 0 0 0.10 0.14 0.14 0.18
415   1   1   6   0   1   1 1 1 0 1 0.16 0.20 0.18 0.50
416   2   2   2 -10   0   1 0 0 0 0 0.20 0.24 0.20 0.40
417   5   1   1  -7   0   2 0 0 0 0 0.10 0.14 0.14 0.18
418   1   2  15   0   1   2 1 0 1 1 0.22 0.34 0.26 0.54
419   3   1   7   7   0   2 0 0 0 0 0.12 0.16 0.16 0.20
420   2   2  16   0   1   1 1 1 1 1 0.20 0.24 0.22 0.40
421   4   2   6  -4   0   1 0 0 0 0 0.16 0.20 0.18 0.36
422   2   1  12  10   0   1 0 0 0 0 0.12 0.16 0.20 0.46
423   4   2   1   0   1   2 1 1 1 1 0.18 0.34 0.22 0.50
424   5   1   1  -3   0   2 0 0 0 0 0.12 0.16 0.16 0.20
425   5   1  13   0   1   2 1 1 1 1 0.14 0.18 0.18 0.22
426   5   2   9   0   1   2 0 1 0 1 0.14 0.30 0.18 0.46
427   3   2   2  -6   0   1 0 0 0 0 0.16 0.20 0.18 0.36
428   4   2   5  -5   0   2 0 0 0 0 0.14 0.26 0.18 0.42
429   3   1   9   0   1   2 0 1 1 0 0.10 0.14 0.14 0.18
430   2   2   3   4   0   2 0 0 0 0 0.16 0.26 0.20 0.42
431   4   2  14   0   1   1 1 0 1 0 0.18 0.22 0.20 0.38
432   4   1  15   3   0   2 0 0 0 0 0.10 0.10 0.10 0.18
433   2   2   2   0   1   1 1 1 0 1 0.14 0.22 0.16 0.38
434   1   1  11   7   0   2 0 0 0 0 0.12 0.10 0.10 0.20
435   1   1  13   0   0   2 0 0 0 0 0.12 0.12 0.12 0.20
436   1   1  16   0   1   1 0 1 1 1 0.12 0.16 0.20 0.46
437   3   2   8   9   0   1 0 0 0 0 0.10 0.18 0.16 0.34
438   2   1  14   0   1   1 1 0 1 1 0.14 0.12 0.16 0.42
439   4   1  14   0   0   1 0 0 0 0 0.10 0.12 0.12 0.38
440   4   1   1   0   0   2 0 0 0 0 0.14 0.12 0.12 0.22
441   3   1  16   7   0   1 0 0 0 0 0.10 0.14 0.12 0.38
442   3   1  11   6   0   2 0 0 0 0 0.14 0.14 0.14 0.22
443   2   1   1   0   1   2 1 0 0 0 0.16 0.14 0.14 0.24
444   5   2   4   5   0   1 0 0 0 0 0.10 0.18 0.18 0.34
445   2   1   7   6   0   2 0 0 0 0 0.12 0.16 0.16 0.24
446   2   2  14  -1   0   1 0 0 0 0 0.12 0.20 0.18 0.36
447   2   2  13   0   1   2 1 1 0 1 0.16 0.28 0.20 0.44
448   1   2   8   0   1   1 0 1 0 1 0.12 0.20 0.20 0.36
449   5   1  12   8   0   1 0 0 0 0 0.12 0.14 0.14 0.40
450   5   2   5  -5   0   2 0 0 0 0 0.12 0.24 0.22 0.40
451   2   1  11   6   0   2 0 0 0 0 0.12 0.16 0.16 0.26
452   3   1   5  -4   0   2 0 0 0 0 0.14 0.18 0.18 0.26
453   4   2  16   7   0   1 0 0 0 0 0.14 0.16 0.20 0.32
454   4   1   6  -2   0   1 0 0 0 0 0.12 0.16 0.14 0.40
455   2   2   9   7   0   2 0 0 0 0 0.12 0.24 0.22 0.40
456   2   1   5   0   1   2 1 1 1 1 0.14 0.18 0.18 0.28
457   2   1  12   8   0   1 0 0 0 0 0.14 0.16 0.16 0.42
458   4   1  14   1   0   1 0 0 0 0 0.14 0.18 0.16 0.42
459   1   1  16   0   1   1 1 1 1 1 0.16 0.18 0.18 0.44
460   3   2   2  -6   0   1 0 0 0 0 0.14 0.16 0.22 0.32
461   4   1  15  -3   0   2 0 0 0 0 0.10 0.14 0.14 0.24
462   5   2   3  -2   0   2 0 0 0 0 0.14 0.26 0.24 0.42
463   1   2   1  -5   0   2 0 0 0 0 0.14 0.26 0.24 0.42
464   5   2   1  -2   0   2 0 0 0 0 0.16 0.28 0.26 0.44
465   1   2   4   3   0   1 0 0 0 0 0.16 0.18 0.22 0.34
466   2   2   1   0   1   2 1 1 1 1 0.16 0.28 0.26 0.44
467   3   1  15   3   0   2 0 0 0 0 0.10 0.14 0.14 0.24
468   1   2   9   1   0   2 0 0 0 0 0.12 0.24 0.22 0.40
469   4   2  15  -2   0   2 0 0 0 0 0.12 0.24 0.22 0.40
470   1   2  10   4   0   1 0 0 0 0 0.16 0.18 0.24 0.34
471   5   2   8   9   0   1 0 0 0 0 0.18 0.20 0.24 0.36
472   3   1   3   2   0   2 0 0 0 0 0.12 0.16 0.16 0.26
473   1   2   3   0   1   2 0 1 1 1 0.14 0.26 0.24 0.42
474   5   2  11   8   0   2 0 0 0 0 0.14 0.22 0.20 0.38
475   4   2   3   3   0   2 0 0 0 0 0.16 0.22 0.20 0.38
476   1   1   7  10   0   2 0 0 0 0 0.12 0.16 0.16 0.26
477   3   1  16  10   0   1 0 0 0 0 0.12 0.14 0.14 0.40
478   2   1  15   0   1   2 0 1 1 0 0.14 0.18 0.18 0.28
479   2   2   8   0   1   1 1 0 1 1 0.18 0.20 0.26 0.36