  1   5   1   7   0   1   2 0 1 0 0 0.20 0.20 0.20 0.20
  2   5   1   5  -3   0   2 0 0 0 0 0.20 0.16 0.20 0.20
  3   4   2   8   8   0   1 0 0 0 0 1.00 0.80 0.80 0.80
  4   1   2   3   0   1   2 1 0 0 0 0.60 0.40 0.40 0.40
  5   2   1   3   0   1   2 0 0 1 0 0.22 0.16 0.22 0.22
  6   5   1  10  -7   0   1 0 0 0 0 0.60 0.60 0.60 0.60
  7   1   2   8   0   1   1 0 1 0 0 1.00 0.80 0.80 0.80
  8   1   1   2   0   1   1 1 1 1 0 0.60 0.60 0.60 0.60
  9   4   2   8   8   0   1 0 0 0 0 1.00 0.76 0.82 0.82
 10   5   1   1  -2   0   2 0 0 0 0 0.22 0.18 0.18 0.22
 11   3   1  10   0   1   1 0 0 1 0 0.56 0.56 0.56 0.62
 12   4   2   4   6   0   1 0 0 0 0 1.00 0.76 0.82 0.82
 13   3   1   5   0   1   2 1 0 0 0 0.24 0.18 0.18 0.24
 14   1   1   9  -4   0   2 0 0 0 0 0.20 0.20 0.20 0.24
 15   2   1  14   0   1   1 1 1 1 0 0.56 0.56 0.52 0.62
 16   5   1   8   0   1   1 1 1 1 0 0.52 0.52 0.48 0.64
 17   4   2  14   0   1   1 1 0 0 0 1.00 0.78 0.84 0.84
 18   2   2   4   0   1   1 1 1 0 1 0.96 0.78 0.84 0.84
 19   3   2   5   0   1   2 1 0 0 0 0.56 0.40 0.40 0.40
 20   2   1   5   0   1   2 1 1 0 0 0.20 0.20 0.20 0.26
 21   3   1   3   0   1   2 1 0 1 0 0.16 0.16 0.22 0.26
 22   2   2  15  -3   0   2 0 0 0 0 0.52 0.42 0.42 0.42
 23   1   2   6  -4   0   1 0 0 0 0 0.92 0.74 0.86 0.80
 24   1   1  10   0   1   1 1 1 0 0 0.48 0.48 0.44 0.64
 25   4   2  13   0   1   2 1 0 1 0 0.52 0.42 0.42 0.42
 26   5   2  14  -3   0   1 0 0 0 0 0.92 0.74 0.86 0.80
 27   2   1  15   0   0   2 0 0 0 0 0.12 0.16 0.18 0.28
 28   5   1  11   5   0   2 0 0 0 0 0.12 0.18 0.18 0.28
 29   1   1  14   0   1   1 1 0 0 0 0.44 0.44 0.44 0.66
 30   2   1  11   7   0   2 0 0 0 0 0.14 0.18 0.20 0.30
 31   2   2  12   0   1   1 1 1 0 0 0.94 0.76 0.88 0.82
 32   5   1  14   0   1   1 0 0 1 0 0.40 0.44 0.46 0.66
 33   5   1  14   0   1   1 0 1 0 0 0.40 0.46 0.42 0.68
 34   1   1   8   0   1   1 1 1 1 1 0.42 0.42 0.42 0.68
 35   5   2   2  -5   0   1 0 0 0 0 0.90 0.72 0.88 0.82
 36   3   1   5  -3   0   2 0 0 0 0 0.14 0.20 0.20 0.30
 37   3   1  16   0   1   1 0 1 1 0 0.38 0.38 0.38 0.64
 38   1   1   1   0   1   2 0 1 1 1 0.16 0.20 0.22 0.32
 39   2   1   9   0   1   2 0 0 1 0 0.16 0.16 0.18 0.28
 40   2   2   9   0   1   2 1 1 1 0 0.48 0.44 0.38 0.44
 41   4   1  15   0   0   2 0 0 0 0 0.18 0.16 0.14 0.28
 42   4   2  16   0   1   1 1 1 1 0 0.90 0.72 0.90 0.84
 43   3   1   5  -1   0   2 0 0 0 0 0.18 0.18 0.14 0.30
 44   5   2   2  -8   0   1 0 0 0 0 0.86 0.68 0.86 0.84
 45   2   1   2   0   1   1 1 1 1 0 0.38 0.34 0.34 0.64
 46   4   2   6   0   1   1 0 0 1 0 0.86 0.68 0.86 0.86
 47   3   1  15  -1   0   2 0 0 0 0 0.20 0.18 0.16 0.30
 48   5   2  11   3   0   2 0 0 0 0 0.44 0.40 0.34 0.44
 49   4   1  10  -4   0   1 0 0 0 0 0.34 0.30 0.30 0.66
 50   3   1   1   0   1   2 1 1 0 1 0.20 0.20 0.16 0.32
 51   4   1   9  -1   0   2 0 0 0 0 0.16 0.16 0.18 0.28
 52   4   2  16   0   1   1 1 0 1 0 0.88 0.70 0.82 0.86
 53   1   2  10   0   1   1 1 1 0 0 0.84 0.70 0.78 0.88
 54   4   1  11   7   0   2 0 0 0 0 0.16 0.16 0.18 0.28
 55   2   2   5   0   1   2 0 1 1 0 0.44 0.40 0.34 0.46
 56   2   1   7   9   0   2 0 0 0 0 0.18 0.18 0.20 0.30
 57   3   2   4  10   0   1 0 0 0 0 0.80 0.66 0.78 0.88
 58   4   1   2   0   1   1 0 0 1 0 0.34 0.30 0.30 0.66
 59   1   2  12  10   0   1 0 0 0 0 0.80 0.66 0.80 0.90
 60   3   1   9  -1   0   2 0 0 0 0 0.18 0.18 0.20 0.30
 61   5   1  12  10   0   1 0 0 0 0 0.36 0.32 0.26 0.68
 62   1   1   7   8   0   2 0 0 0 0 0.20 0.20 0.22 0.32
 63   1   1  15   0   1   2 1 0 1 0 0.20 0.20 0.22 0.32
 64   5   2  10  -5   0   1 0 0 0 0 0.82 0.68 0.80 0.90
 65   3   1   7   0   1   2 1 0 1 1 0.16 0.22 0.18 0.34
 66   2   1  10   0   1   1 1 0 1 1 0.36 0.32 0.26 0.68
 67   1   1  11   6   0   2 0 0 0 0 0.12 0.22 0.14 0.30
 68   4   2  13   0   0   2 0 0 0 0 0.46 0.36 0.30 0.46
 69   4   1   1  -1   0   2 0 0 0 0 0.12 0.24 0.14 0.30
 70   1   1   6   0   1   1 1 1 1 0 0.32 0.34 0.22 0.64
 71   1   1   3   0   1   2 0 1 0 0 0.14 0.24 0.16 0.32
 72   2   2   2   0   1   1 0 1 0 0 0.82 0.68 0.82 0.92
 73   3   2  13   0   1   2 0 0 0 1 0.46 0.36 0.30 0.48
 74   1   1  15  -1   0   2 0 0 0 0 0.14 0.20 0.16 0.32
 75   2   2  11   0   1   2 0 1 0 0 0.48 0.38 0.32 0.44
 76   4   2   3   4   0   2 0 0 0 0 0.48 0.34 0.32 0.44
 77   5   1   1   0   0   2 0 0 0 0 0.16 0.20 0.18 0.34
 78   4   1  14  -1   0   1 0 0 0 0 0.28 0.30 0.18 0.64
 79   4   2   2   0   1   1 1 0 0 0 0.84 0.64 0.82 0.92
 80   2   1   1   0   1   2 0 0 0 1 0.16 0.22 0.18 0.34
 81   1   1  16   6   0   1 0 0 0 0 0.28 0.30 0.18 0.66
 82   3   1  11   0   1   2 0 1 0 1 0.18 0.22 0.20 0.30
 83   1   1  10   0   1   1 1 1 0 0 0.30 0.32 0.20 0.66
 84   4   1  10  -2   0   1 0 0 0 0 0.26 0.28 0.20 0.68
 85   4   2  14   0   0   1 0 0 0 0 0.80 0.64 0.84 0.94
 86   1   2   8   0   1   1 0 1 0 0 0.80 0.66 0.84 0.94
 87   2   1   3   0   1   2 1 0 1 0 0.18 0.18 0.20 0.26
 88   3   2   2   0   1   1 0 0 1 0 0.82 0.62 0.86 0.96
 89   3   1   6   0   1   1 0 0 1 1 0.26 0.28 0.22 0.68
 90   3   1  13   0   1   2 0 1 0 1 0.14 0.18 0.16 0.26
 91   1   2   7   0   1   2 1 1 1 1 0.50 0.34 0.34 0.46
 92   2   2   8   0   1   1 1 1 1 0 0.82 0.62 0.82 0.96
 93   1   1  11   0   1   2 0 0 1 0 0.14 0.14 0.16 0.22
 94   4   2   2   0   1   1 0 0 1 0 0.78 0.58 0.78 0.98
 95   1   1   6   0   1   1 1 1 0 0 0.28 0.30 0.18 0.64
 96   4   2   6   0   1   1 1 1 1 0 0.78 0.58 0.74 0.98
 97   3   2  13   0   1   2 1 1 0 0 0.46 0.30 0.30 0.42
 98   1   1   9   2   0   2 0 0 0 0 0.16 0.14 0.12 0.22
 99   5   1  14   0   1   1 1 0 1 1 0.24 0.26 0.18 0.64
100   5   2   8   0   1   1 0 0 1 1 0.74 0.54 0.70 1.00
101   2   1   7   0   1   2 0 1 0 1 0.16 0.16 0.12 0.24
102   2   2   5   0   1   2 0 0 0 1 0.42 0.26 0.30 0.42
103   3   2   9   1   0   2 0 0 0 0 0.42 0.26 0.32 0.38
104   5   2   4   5   0   1 0 0 0 0 0.74 0.54 0.66 0.96
105   4   1   4   0   1   1 0 0 0 1 0.20 0.26 0.14 0.60
106   5   1  16   0   1   1 0 1 0 0 0.20 0.28 0.14 0.56
107   2   2   3   0   1   2 1 1 0 0 0.44 0.28 0.32 0.38
108   1   1  16   0   1   1 1 1 0 0 0.22 0.24 0.16 0.56
109   2   1  10  -5   0   1 0 0 0 0 0.18 0.20 0.16 0.58
110   3   2   8   0   1   1 1 1 0 0 0.76 0.56 0.66 0.96
111   3   2   5   0   1   2 1 1 0 0 0.40 0.24 0.34 0.40
112   1   1  14   0   1   1 1 0 0 0 0.18 0.20 0.18 0.58
113   5   2  13  -1   0   2 0 0 0 0 0.36 0.20 0.34 0.40
114   4   2   9  -1   0   2 0 0 0 0 0.36 0.20 0.36 0.42
115   4   1   3   3   0   2 0 0 0 0 0.18 0.12 0.14 0.20
116   1   2  16   4   0   1 0 0 0 0 0.72 0.52 0.68 0.98
117   5   2   5  -1   0   2 0 0 0 0 0.38 0.22 0.36 0.42
118   4   2   7   5   0   2 0 0 0 0 0.38 0.22 0.38 0.44
119   5   2   6  -4   0   1 0 0 0 0 0.72 0.52 0.68 0.98
120   2   2  12   8   0   1 0 0 0 0 0.74 0.54 0.70 1.00
121   2   2  16   3   0   1 0 0 0 0 0.74 0.54 0.70 1.00
122   4   2   7   0   1   2 1 0 1 0 0.40 0.24 0.38 0.44
123   2   1  16   3   0   1 0 0 0 0 0.14 0.22 0.18 0.60
124   3   1  12   7   0   1 0 0 0 0 0.14 0.22 0.20 0.60
125   5   2  12   0   1   1 1 1 1 0 0.76 0.56 0.72 1.00
126   4   2  10   0   1   1 1 0 1 0 0.72 0.52 0.68 1.00
127   4   1  12   0   1   1 0 1 0 0 0.16 0.24 0.20 0.62
128   1   2  14   0   1   1 1 1 1 1 0.68 0.52 0.64 1.00
129   5   2   9   0   1   2 1 0 1 0 0.36 0.24 0.34 0.46
130   1   2  15   0   1   2 1 1 1 0 0.32 0.26 0.30 0.46
131   1   2   2   0   1   1 1 1 1 0 0.64 0.48 0.60 0.96
132   4   1   6   0   1   1 1 0 0 0 0.16 0.20 0.22 0.62
133   2   2  15  -2   0   2 0 0 0 0 0.28 0.22 0.26 0.48
134   4   2  10   0   1   1 1 1 1 0 0.60 0.44 0.56 0.96
135   2   2  10   0   1   1 1 1 0 0 0.56 0.40 0.52 0.98
136   2   1   2   0   1   1 0 0 1 0 0.12 0.20 0.22 0.64
137   3   1   4   6   0   1 0 0 0 0 0.12 0.22 0.18 0.64
138   2   2   4   0   1   1 1 1 1 0 0.52 0.36 0.52 0.98
139   4   2   1   0   1   2 1 0 0 0 0.28 0.22 0.26 0.48
140   3   2  10   0   1   1 1 0 1 0 0.48 0.32 0.48 1.00
141   1   2   4   0   1   1 1 1 1 0 0.44 0.32 0.44 1.00
142   5   2   7   2   0   2 0 0 0 0 0.24 0.24 0.28 0.50
143   5   1  11   0   1   2 1 0 1 0 0.18 0.12 0.14 0.20
144   4   2   3   2   0   2 0 0 0 0 0.24 0.24 0.28 0.50
145   1   1  11   2   0   2 0 0 0 0 0.14 0.14 0.10 0.22
146   1   2   9  -2   0   2 0 0 0 0 0.26 0.26 0.30 0.52
147   5   1   1  -2   0   2 0 0 0 0 0.14 0.14 0.10 0.22
148   3   2  16   2   0   1 0 0 0 0 0.40 0.28 0.40 1.00
149   2   1   5  -1   0   2 0 0 0 0 0.16 0.16 0.12 0.24
150   1   1   1   0   0   2 0 0 0 0 0.16 0.16 0.12 0.24
151   2   1  11   3   0   2 0 0 0 0 0.18 0.18 0.14 0.26
152   1   2   3   3   0   2 0 0 0 0 0.26 0.26 0.30 0.52
153   1   2  12   0   1   1 1 0 0 0 0.40 0.28 0.40 1.00
154   4   1  12  10   0   1 0 0 0 0 0.14 0.22 0.18 0.66
155   5   2   9  -3   0   2 0 0 0 0 0.28 0.28 0.32 0.54
156   4   1  11   3   0   2 0 0 0 0 0.18 0.18 0.14 0.26
157   2   2   3   2   0   2 0 0 0 0 0.28 0.28 0.32 0.54
158   5   2   3   2   0   2 0 0 0 0 0.30 0.30 0.34 0.56
159   3   2   7   3   0   2 0 0 0 0 0.30 0.30 0.34 0.56
160   3   2   4   0   1   1 1 0 1 0 0.36 0.30 0.42 1.00
161   1   2   2   0   1   1 0 0 1 0 0.32 0.30 0.38 1.00
162   4   1  15   0   0   2 0 0 0 0 0.20 0.20 0.16 0.28
163   5   1   2  -9   0   1 0 0 0 0 0.14 0.24 0.20 0.66
164   5   2  15   0   0   2 0 0 0 0 0.32 0.32 0.36 0.58
165   2   1   4   0   1   1 1 0 1 1 0.16 0.24 0.20 0.68
166   3   2   6   0   1   1 1 1 1 1 0.32 0.32 0.34 1.00
167   3   1   9  -1   0   2 0 0 0 0 0.20 0.20 0.16 0.28
168   4   2   6  -6   0   1 0 0 0 0 0.28 0.28 0.30 0.96
169   4   1   5   0   1   2 1 1 1 0 0.22 0.22 0.18 0.30
170   3   1  10   0   1   1 0 1 0 1 0.12 0.26 0.16 0.64
171   2   2   9   0   1   2 1 1 0 1 0.32 0.32 0.36 0.58
172   1   2  16   0   1   1 1 1 1 1 0.28 0.28 0.30 0.96
173   4   1   9  -1   0   2 0 0 0 0 0.18 0.18 0.14 0.30
174   5   1  16   0   1   1 0 0 1 1 0.12 0.22 0.16 0.60
175   3   2  12   0   1   1 1 0 1 1 0.24 0.24 0.26 0.92
176   1   2   7   0   1   2 1 1 1 1 0.28 0.28 0.38 0.54
177   5   2  16   5   0   1 0 0 0 0 0.20 0.24 0.22 0.88
178   5   2  12  10   0   1 0 0 0 0 0.20 0.26 0.22 0.88
179   4   1  12   0   1   1 0 1 0 1 0.14 0.22 0.12 0.56
180   5   2   2  -8   0   1 0 0 0 0 0.22 0.26 0.24 0.90
181   5   1   2   0   1   1 1 0 1 1 0.14 0.18 0.12 0.52
182   1   1   4   0   1   1 0 1 0 1 0.10 0.18 0.08 0.48
183   4   2  12   0   1   1 0 1 1 1 0.22 0.28 0.24 0.90
184   1   1  15   0   1   2 1 1 0 1 0.18 0.18 0.14 0.32
185   5   2   7   0   1   2 0 0 1 0 0.24 0.24 0.34 0.50
186   4   1  10   0   1   1 0 0 0 1 0.10 0.14 0.08 0.44
187   1   1   8   0   1   1 0 0 0 1 0.12 0.14 0.10 0.40
188   1   1  13   0   1   2 0 0 0 1 0.14 0.14 0.16 0.28
189   5   2   6  -6   0   1 0 0 0 0 0.24 0.24 0.20 0.86
190   2   2  15   0   1   2 1 0 1 0 0.24 0.24 0.30 0.50
191   2   2  10   0   1   1 0 1 1 1 0.24 0.24 0.20 0.86
192   5   2  16   2   0   1 0 0 0 0 0.26 0.20 0.16 0.82
193   3   1   8   0   1   1 0 0 0 1 0.12 0.16 0.10 0.36
194   2   2   7   0   1   2 1 1 1 1 0.20 0.26 0.26 0.52
195   4   1   6   0   1   1 1 1 1 0 0.14 0.16 0.12 0.32
196   3   1   7   0   1   2 0 0 0 1 0.14 0.14 0.16 0.24
197   2   1   7   0   1   2 0 0 1 1 0.16 0.16 0.18 0.20
198   2   1   4   0   1   1 0 0 0 1 0.10 0.12 0.08 0.32
199   5   1   7   3   0   2 0 0 0 0 0.16 0.16 0.14 0.16
200   3   2  14   0   1   1 1 1 0 0 0.26 0.20 0.16 0.82
201   2   2   6   0   1   1 0 0 0 1 0.22 0.16 0.18 0.84
202   5   1   3   3   0   2 0 0 0 0 0.18 0.18 0.14 0.16
203   5   2   1  -1   0   2 0 0 0 0 0.16 0.22 0.22 0.48
204   4   1   6  -7   0   1 0 0 0 0 0.10 0.12 0.08 0.28
205   5   1   3   2   0   2 0 0 0 0 0.18 0.18 0.16 0.18
206   2   2  13   0   0   2 0 0 0 0 0.16 0.22 0.22 0.48
207   3   1   2   0   1   1 0 0 0 1 0.12 0.14 0.10 0.28
208   5   1   4   0   1   1 0 0 0 1 0.12 0.14 0.10 0.24
209   3   1  14   0   0   1 0 0 0 0 0.14 0.16 0.12 0.20
210   2   1   6  -4   0   1 0 0 0 0 0.14 0.16 0.12 0.20
211   1   1   5  -5   0   2 0 0 0 0 0.20 0.20 0.16 0.18
212   1   2  11   8   0   2 0 0 0 0 0.18 0.24 0.24 0.50
213   5   1  15   0   1   2 1 0 1 0 0.20 0.20 0.18 0.20
214   4   2  15   1   0   2 0 0 0 0 0.18 0.24 0.24 0.50
215   4   2   7   9   0   2 0 0 0 0 0.20 0.26 0.26 0.52
216   5   2  11   4   0   2 0 0 0 0 0.20 0.26 0.26 0.52
217   3   2  16   5   0   1 0 0 0 0 0.22 0.16 0.18 0.80
218   2   2   1  -3   0   2 0 0 0 0 0.22 0.28 0.28 0.54
219   3   2  13  -1   0   2 0 0 0 0 0.22 0.28 0.28 0.54
220   5   1  10  -6   0   1 0 0 0 0 0.16 0.18 0.14 0.22
221   3   2  15   0   0   2 0 0 0 0 0.24 0.30 0.30 0.56
222   4   1  16   3   0   1 0 0 0 0 0.16 0.18 0.14 0.22
223   3   1   1  -2   0   2 0 0 0 0 0.16 0.22 0.14 0.20
224   5   2   6  -1   0   1 0 0 0 0 0.24 0.18 0.20 0.80
225   4   1  13   0   0   2 0 0 0 0 0.16 0.22 0.14 0.22
226   5   1  13   0   0   2 0 0 0 0 0.18 0.24 0.16 0.22
227   3   1   3   0   1   2 1 1 0 0 0.18 0.24 0.16 0.24
228   5   1   5   0   1   2 0 0 1 1 0.14 0.20 0.18 0.24
229   2   2  11   0   1   2 0 1 1 0 0.24 0.30 0.30 0.56
230   5   1   6  -3   0   1 0 0 0 0 0.18 0.20 0.16 0.24
231   5   1   4   0   1   1 1 0 1 1 0.18 0.20 0.16 0.24
232   2   2   6   0   1   1 0 0 0 1 0.24 0.18 0.20 0.82
233   4   1   2  -3   0   1 0 0 0 0 0.14 0.22 0.12 0.20
234   1   2  10   0   1   1 1 1 0 1 0.26 0.20 0.22 0.78
235   3   2   2  -9   0   1 0 0 0 0 0.22 0.16 0.22 0.74
236   3   1   8   8   0   1 0 0 0 0 0.14 0.22 0.12 0.20
237   3   2   7   8   0   2 0 0 0 0 0.26 0.26 0.26 0.58
238   2   1  12   0   1   1 0 1 0 1 0.16 0.24 0.14 0.22
239   3   1   4   0   1   1 0 0 1 1 0.16 0.20 0.14 0.18
240   5   1   8  10   0   1 0 0 0 0 0.18 0.20 0.10 0.14
241   4   1   1   0   1   2 0 0 1 1 0.14 0.20 0.14 0.20
242   5   2  13   0   0   2 0 0 0 0 0.26 0.26 0.26 0.58
243   1   2   4   9   0   1 0 0 0 0 0.22 0.16 0.24 0.74
244   5   2  10  -8   0   1 0 0 0 0 0.24 0.18 0.24 0.76
245   5   1   9  -3   0   2 0 0 0 0 0.16 0.22 0.10 0.16
246   2   1  13  -1   0   2 0 0 0 0 0.16 0.22 0.10 0.16
247   4   2   3   5   0   2 0 0 0 0 0.28 0.28 0.28 0.60
248   1   1   3   0   1   2 1 1 0 0 0.18 0.24 0.12 0.18
249   1   1   2 -10   0   1 0 0 0 0 0.18 0.22 0.10 0.14
250   1   1  13  -2   0   2 0 0 0 0 0.14 0.20 0.12 0.18
251   4   2   9  -1   0   2 0 0 0 0 0.28 0.28 0.28 0.60
252   5   2  13   0   0   2 0 0 0 0 0.30 0.30 0.30 0.62
253   5   1   8  10   0   1 0 0 0 0 0.20 0.22 0.12 0.16
254   5   1   7   8   0   2 0 0 0 0 0.14 0.20 0.14 0.20
255   5   2   1   0   1   2 1 1 1 0 0.30 0.30 0.30 0.62
256   5   1  12  10   0   1 0 0 0 0 0.20 0.24 0.12 0.16
257   3   2   9   0   1   2 0 0 0 1 0.26 0.26 0.26 0.64
258   5   1  15  -1   0   2 0 0 0 0 0.16 0.22 0.14 0.20
259   2   1   8   0   1   1 1 0 0 0 0.22 0.24 0.14 0.18
260   1   2   1  -1   0   2 0 0 0 0 0.26 0.26 0.26 0.60
261   1   2  15   0   1   2 1 1 0 1 0.28 0.28 0.28 0.60
262   1   2  14   0   1   1 1 0 1 0 0.24 0.18 0.26 0.76
263   1   2  15   0   1   2 0 1 1 1 0.24 0.24 0.28 0.56
264   1   2   9   0   1   2 0 0 0 1 0.24 0.20 0.24 0.52
265   5   1  13   0   0   2 0 0 0 0 0.16 0.22 0.16 0.22
266   3   1   8   0   1   1 0 1 0 0 0.18 0.26 0.14 0.18
267   1   2   1   0   1   2 0 0 0 1 0.26 0.20 0.24 0.48
268   5   2   5   0   1   2 0 0 0 1 0.26 0.22 0.26 0.44
269   1   2   5   0   1   2 1 1 1 1 0.28 0.22 0.26 0.40
270   4   1   3   0   1   2 1 1 1 1 0.18 0.24 0.16 0.22
271   3   2   6   0   1   1 0 1 1 1 0.20 0.20 0.22 0.78
272   4   1   7   0   1   2 0 0 0 1 0.14 0.20 0.12 0.18
273   2   2   7   0   1   2 1 1 1 1 0.24 0.18 0.22 0.36
274   5   1  11   0   1   2 1 1 1 1 0.14 0.20 0.12 0.14
275   2   2  10   0   1   1 1 1 1 1 0.20 0.16 0.18 0.74
276   1   2  13   0   1   2 0 0 1 0 0.20 0.14 0.18 0.32
277   3   1  11   6   0   2 0 0 0 0 0.10 0.16 0.08 0.10
278   5   1  13   0   0   2 0 0 0 0 0.10 0.16 0.08 0.10
279   1   1  12   0   1   1 1 1 1 1 0.18 0.22 0.16 0.20
280   2   2  16   0   1   1 0 0 1 1 0.16 0.12 0.14 0.70
281   4   1   5   0   1   2 1 0 1 0 0.12 0.18 0.10 0.12
282   5   1   4   8   0   1 0 0 0 0 0.14 0.18 0.12 0.16
283   4   1   2  -7   0   1 0 0 0 0 0.14 0.18 0.12 0.16
284   2   2   2  -9   0   1 0 0 0 0 0.16 0.12 0.10 0.66
285   3   2  15   0   0   2 0 0 0 0 0.20 0.14 0.14 0.32
286   4   2  13  -1   0   2 0 0 0 0 0.22 0.16 0.14 0.34
287   4   2   4   8   0   1 0 0 0 0 0.18 0.14 0.10 0.66
288   1   1  16   0   1   1 1 1 1 1 0.16 0.20 0.14 0.18
289   5   1  12  10   0   1 0 0 0 0 0.12 0.16 0.10 0.14
290   2   1   1   0   0   2 0 0 0 0 0.08 0.18 0.06 0.12
291   1   1   8   9   0   1 0 0 0 0 0.12 0.16 0.10 0.14
292   2   1  10  -9   0   1 0 0 0 0 0.14 0.18 0.12 0.16
293   4   1   8   8   0   1 0 0 0 0 0.14 0.18 0.12 0.16
294   5   2  15   0   0   2 0 0 0 0 0.22 0.16 0.16 0.34
295   4   2  10  -8   0   1 0 0 0 0 0.18 0.14 0.12 0.68
296   4   2   2  -9   0   1 0 0 0 0 0.20 0.16 0.12 0.68
297   1   2  11   8   0   2 0 0 0 0 0.24 0.18 0.16 0.36
298   5   2  15   0   0   2 0 0 0 0 0.24 0.18 0.18 0.36
299   5   1   9  -2   0   2 0 0 0 0 0.08 0.20 0.06 0.14
300   3   1  13   0   0   2 0 0 0 0 0.10 0.20 0.08 0.14
301   1   2   5  -2   0   2 0 0 0 0 0.26 0.20 0.18 0.38
302   5   2   9  -1   0   2 0 0 0 0 0.26 0.20 0.20 0.38
303   4   2   4   8   0   1 0 0 0 0 0.20 0.16 0.14 0.70
304   4   2  14   0   0   1 0 0 0 0 0.22 0.18 0.14 0.70
305   4   1   1   0   1   2 0 1 0 0 0.10 0.22 0.08 0.16
306   2   2   6  -3   0   1 0 0 0 0 0.22 0.18 0.16 0.72
307   5   2  12   9   0   1 0 0 0 0 0.24 0.20 0.16 0.72
308   2   1   8   0   1   1 0 1 0 0 0.16 0.20 0.14 0.18
309   2   1   9   0   1   2 0 1 0 0 0.12 0.18 0.10 0.16
310   3   1  12  10   0   1 0 0 0 0 0.16 0.16 0.14 0.18
311   1   1   3   6   0   2 0 0 0 0 0.12 0.14 0.10 0.18
312   1   2   2   0   1   1 1 1 0 0 0.24 0.20 0.18 0.74
313   3   2   3   0   1   2 1 1 0 0 0.28 0.22 0.20 0.40
314   5   2   4   7   0   1 0 0 0 0 0.20 0.16 0.18 0.74
315   3   2  15   0   0   2 0 0 0 0 0.24 0.18 0.22 0.40
316   3   2  10  -6   0   1 0 0 0 0 0.20 0.16 0.20 0.76
317   3   1  15   0   0   2 0 0 0 0 0.14 0.14 0.12 0.18
318   5   1   6  -4   0   1 0 0 0 0 0.18 0.16 0.16 0.20
319   2   2  16   3   0   1 0 0 0 0 0.22 0.18 0.20 0.76
320   3   2   1   0   0   2 0 0 0 0 0.24 0.18 0.22 0.42
321   1   1   5  -3   0   2 0 0 0 0 0.14 0.16 0.12 0.20
322   2   2   9  -2   0   2 0 0 0 0 0.26 0.20 0.24 0.42
323   5   2   1  -1   0   2 0 0 0 0 0.26 0.20 0.24 0.44
324   2   2  13   0   0   2 0 0 0 0 0.28 0.22 0.26 0.44
325   2   1  13   0   0   2 0 0 0 0 0.16 0.16 0.14 0.20
326   2   1  11   7   0   2 0 0 0 0 0.16 0.18 0.14 0.22
327   3   2   4   0   1   1 0 0 0 1 0.22 0.18 0.22 0.78
328   2   1   2   0   1   1 1 1 1 0 0.18 0.18 0.16 0.20
329   1   1   4   7   0   1 0 0 0 0 0.14 0.14 0.12 0.22
330   3   2   1   0   1   2 0 0 1 0 0.28 0.22 0.26 0.46
331   4   2  16   6   0   1 0 0 0 0 0.24 0.20 0.22 0.74
332   3   2   9  -2   0   2 0 0 0 0 0.30 0.24 0.22 0.46
333   5   1  15  -1   0   2 0 0 0 0 0.18 0.18 0.16 0.22
334   1   2  14  -3   0   1 0 0 0 0 0.24 0.20 0.24 0.74
335   2   2  12  10   0   1 0 0 0 0 0.26 0.22 0.24 0.76
336   1   2   3   0   1   2 0 0 0 1 0.30 0.24 0.22 0.48
337   4   1   5   0   1   2 0 0 0 1 0.18 0.20 0.16 0.24
338   1   2   4   0   1   1 1 1 1 1 0.26 0.22 0.26 0.76
339   5   1   6  -5   0   1 0 0 0 0 0.14 0.14 0.12 0.22
340   4   1   7   0   1   2 1 1 1 1 0.20 0.20 0.18 0.20
341   3   1   6   0   1   1 1 1 1 1 0.16 0.16 0.14 0.24
342   5   2  16   3   0   1 0 0 0 0 0.22 0.18 0.22 0.72
343   2   2   1  -1   0   2 0 0 0 0 0.32 0.26 0.24 0.44
344   2   2   5   0   1   2 1 1 1 1 0.32 0.26 0.24 0.44
345   1   2   9   0   1   2 0 0 1 0 0.28 0.22 0.20 0.40
346   4   2   8  10   0   1 0 0 0 0 0.22 0.18 0.22 0.72
347   5   1  16   3   0   1 0 0 0 0 0.12 0.12 0.10 0.20
348   2   2  11   0   1   2 1 1 1 0 0.28 0.22 0.16 0.40
349   4   1   8   8   0   1 0 0 0 0 0.12 0.12 0.10 0.20
350   4   2  12  10   0   1 0 0 0 0 0.24 0.20 0.24 0.74
351   1   2  10  -8   0   1 0 0 0 0 0.24 0.20 0.24 0.74
352   1   2   8   8   0   1 0 0 0 0 0.26 0.22 0.26 0.76
353   4   1   9  -4   0   2 0 0 0 0 0.16 0.16 0.14 0.16
354   5   2   8  -2   0   1 0 0 0 0 0.26 0.22 0.26 0.76
355   2   1  12   9   0   1 0 0 0 0 0.14 0.14 0.12 0.22
356   2   2   3   3   0   2 0 0 0 0 0.24 0.18 0.12 0.42
357   3   2  14  -1   0   1 0 0 0 0 0.28 0.24 0.28 0.78
358   4   2  11   4   0   2 0 0 0 0 0.24 0.18 0.12 0.42
359   3   2  12   0   0   1 0 0 0 0 0.28 0.24 0.28 0.78
360   2   2  14   0   0   1 0 0 0 0 0.30 0.26 0.30 0.80
361   2   2   4   4   0   1 0 0 0 0 0.30 0.26 0.30 0.80
362   1   2   1  -2   0   2 0 0 0 0 0.26 0.20 0.14 0.44
363   1   2   6  -5   0   1 0 0 0 0 0.32 0.28 0.32 0.82
364   2   1  14   0   0   1 0 0 0 0 0.14 0.14 0.12 0.22
365   5   1  10  -3   0   1 0 0 0 0 0.16 0.16 0.14 0.24
366   3   1  12  10   0   1 0 0 0 0 0.16 0.16 0.14 0.24
367   1   2  16   0   1   1 1 1 1 1 0.32 0.28 0.32 0.82
368   1   1   7   6   0   2 0 0 0 0 0.16 0.16 0.14 0.16
369   4   2  11   5   0   2 0 0 0 0 0.26 0.20 0.14 0.44
370   4   1  14  -2   0   1 0 0 0 0 0.18 0.18 0.16 0.26
371   4   2   5   0   1   2 0 0 0 1 0.28 0.22 0.16 0.46
372   4   1   4   7   0   1 0 0 0 0 0.18 0.18 0.16 0.26
373   4   1  13   0   1   2 1 1 1 0 0.18 0.18 0.16 0.18
374   5   1   5  -1   0   2 0 0 0 0 0.14 0.14 0.12 0.18
375   1   1   5  -3   0   2 0 0 0 0 0.14 0.14 0.12 0.20
376   2   2   2   0   1   1 1 1 1 1 0.28 0.24 0.28 0.78
377   2   2   8   0   1   1 1 1 0 1 0.24 0.20 0.24 0.74
378   1   2  12   0   1   1 1 1 1 1 0.20 0.16 0.24 0.70
379   2   1  16   0   1   1 1 1 1 1 0.20 0.20 0.18 0.28
380   3   2  14   0   1   1 0 0 0 1 0.16 0.12 0.20 0.66
381   5   2  11   4   0   2 0 0 0 0 0.28 0.22 0.16 0.42
382   3   2   7   0   1   2 1 1 1 1 0.30 0.24 0.18 0.42
383   1   1   9   0   1   2 0 0 1 1 0.16 0.16 0.14 0.20
384   4   2  15  -1   0   2 0 0 0 0 0.26 0.20 0.14 0.38
385   1   1  12   0   1   1 0 0 0 1 0.16 0.16 0.14 0.24
386   3   1  11   2   0   2 0 0 0 0 0.16 0.16 0.10 0.16
387   1   2   5   0   1   2 1 1 0 1 0.26 0.20 0.14 0.38
388   2   1   9  -1   0   2 0 0 0 0 0.18 0.18 0.10 0.16
389   3   1   6   0   1   1 0 0 1 1 0.16 0.16 0.14 0.20
390   5   2   5  -3   0   2 0 0 0 0 0.22 0.16 0.16 0.34
391   1   1  14   0   1   1 1 0 0 1 0.18 0.18 0.10 0.16
392   4   2   1  -1   0   2 0 0 0 0 0.22 0.16 0.16 0.34
393   1   2  13   0   1   2 1 1 0 1 0.24 0.18 0.18 0.36
394   4   2   5  -2   0   2 0 0 0 0 0.20 0.14 0.18 0.32
395   3   2  11   8   0   2 0 0 0 0 0.20 0.14 0.20 0.32
396   3   2   3   2   0   2 0 0 0 0 0.22 0.16 0.20 0.34
397   3   2  11   8   0   2 0 0 0 0 0.22 0.16 0.22 0.34
398   3   2   2  -8   0   1 0 0 0 0 0.16 0.12 0.20 0.62
399   3   1   4  10   0   1 0 0 0 0 0.14 0.18 0.10 0.12
400   4   2  15   0   0   2 0 0 0 0 0.24 0.18 0.22 0.36
401   5   2  10  -8   0   1 0 0 0 0 0.18 0.14 0.22 0.62
402   1   1  12   9   0   1 0 0 0 0 0.14 0.20 0.12 0.12
403   1   2  11   6   0   2 0 0 0 0 0.24 0.18 0.24 0.36
404   5   2   8   9   0   1 0 0 0 0 0.18 0.14 0.22 0.64
405   2   1   6  -7   0   1 0 0 0 0 0.16 0.20 0.12 0.14
406   2   2  13  -2   0   2 0 0 0 0 0.26 0.20 0.24 0.38
407   1   1   6  -1   0   1 0 0 0 0 0.16 0.22 0.14 0.14
408   2   2   8   7   0   1 0 0 0 0 0.20 0.16 0.24 0.64
409   5   2  14  -2   0   1 0 0 0 0 0.20 0.16 0.24 0.66
410   2   1   8   9   0   1 0 0 0 0 0.18 0.22 0.14 0.16
411   5   2   3   4   0   2 0 0 0 0 0.26 0.20 0.26 0.38
412   2   1  15  -2   0   2 0 0 0 0 0.18 0.18 0.12 0.18
413   3   1  13  -2   0   2 0 0 0 0 0.20 0.20 0.12 0.18
414   3   2  11   0   1   2 1 0 1 0 0.28 0.22 0.26 0.40
415   1   1  10   0   1   1 1 1 0 0 0.18 0.24 0.16 0.16
416   4   1  11   3   0   2 0 0 0 0 0.20 0.20 0.14 0.20
417   3   1   9  -2   0   2 0 0 0 0 0.22 0.22 0.14 0.20
418   3   1  16   2   0   1 0 0 0 0 0.14 0.20 0.16 0.18
419   4   1   3   1   0   2 0 0 0 0 0.22 0.22 0.16 0.22
420   4   2   1  -2   0   2 0 0 0 0 0.24 0.22 0.22 0.40
421   5   2   4   6   0   1 0 0 0 0 0.22 0.18 0.26 0.66
422   3   2  10  -6   0   1 0 0 0 0 0.22 0.18 0.26 0.68
423   5   2   7   7   0   2 0 0 0 0 0.24 0.24 0.22 0.42
424   1   1   4   5   0   1 0 0 0 0 0.14 0.20 0.18 0.18
425   2   1  13   0   0   2 0 0 0 0 0.24 0.24 0.16 0.22
426   3   1  16   3   0   1 0 0 0 0 0.16 0.22 0.18 0.20
427   4   1  14   0   1   1 0 0 1 0 0.16 0.22 0.20 0.20
428   1   2   6  -7   0   1 0 0 0 0 0.24 0.20 0.28 0.68
429   3   2   5  -4   0   2 0 0 0 0 0.26 0.24 0.24 0.42
430   2   1   3   2   0   2 0 0 0 0 0.24 0.24 0.18 0.24
431   3   2  12   7   0   1 0 0 0 0 0.24 0.20 0.28 0.70
432   3   1   7   0   1   2 1 0 0 0 0.26 0.26 0.18 0.24
433   2   1  16   0   1   1 0 1 0 0 0.18 0.24 0.16 0.22
434   3   2   1  -2   0   2 0 0 0 0 0.26 0.26 0.24 0.44
435   2   1   1  -1   0   2 0 0 0 0 0.22 0.26 0.20 0.26
436   2   1  15   0   1   2 0 1 0 0 0.22 0.28 0.20 0.26
437   4   2   9   0   1   2 1 1 1 1 0.28 0.26 0.26 0.44
438   1   1   1   0   1   2 1 1 1 1 0.24 0.24 0.22 0.28
439   4   2  11   0   1   2 0 0 1 0 0.24 0.22 0.22 0.40
440   3   1  14   0   1   1 1 0 1 1 0.18 0.20 0.16 0.22
441   2   2  14  -2   0   1 0 0 0 0 0.26 0.22 0.30 0.70
442   2   1  14   0   1   1 0 1 0 1 0.14 0.20 0.12 0.18
443   2   2  14   0   1   1 1 1 1 0 0.26 0.22 0.30 0.72
444   3   1  15   0   1   2 1 1 1 1 0.20 0.20 0.18 0.24
445   3   2   8   0   1   1 0 0 1 1 0.22 0.18 0.26 0.72
446   2   2   7   0   1   2 1 1 1 1 0.24 0.22 0.18 0.40
447   5   1   3   2   0   2 0 0 0 0 0.16 0.16 0.14 0.20
448   2   1   5   0   1   2 1 0 1 1 0.16 0.16 0.14 0.20
449   5   2  14  -2   0   1 0 0 0 0 0.22 0.18 0.22 0.68
450   4   1  13  -3   0   2 0 0 0 0 0.12 0.18 0.10 0.16
451   3   2   6  -6   0   1 0 0 0 0 0.24 0.20 0.22 0.68
452   3   1   1   0   0   2 0 0 0 0 0.12 0.18 0.10 0.16
453   2   1   4   4   0   1 0 0 0 0 0.14 0.16 0.12 0.14
454   1   1   7   0   1   2 0 1 0 0 0.14 0.20 0.12 0.18
455   5   2   3   1   0   2 0 0 0 0 0.20 0.18 0.14 0.36
456   5   1   2  -3   0   1 0 0 0 0 0.16 0.16 0.14 0.14
457   4   1  16   0   1   1 1 0 0 0 0.16 0.18 0.14 0.16
458   1   1   2  -6   0   1 0 0 0 0 0.12 0.18 0.16 0.16
459   3   1   2  -8   0   1 0 0 0 0 0.12 0.20 0.16 0.18
460   4   1  16   6   0   1 0 0 0 0 0.14 0.20 0.18 0.18
461   4   2  12   0   1   1 0 0 1 1 0.24 0.20 0.24 0.70
462   4   1   8   8   0   1 0 0 0 0 0.14 0.22 0.18 0.20
463   3   2  16   7   0   1 0 0 0 0 0.26 0.22 0.20 0.66
464   3   1   2   0   1   1 1 0 1 1 0.16 0.22 0.20 0.20
465   3   1  10  -6   0   1 0 0 0 0 0.12 0.24 0.16 0.16
466   1   2  13   0   1   2 0 0 1 1 0.20 0.18 0.14 0.36
467   3   1  14   0   1   1 0 1 0 0 0.12 0.24 0.16 0.16
468   4   1   4   3   0   1 0 0 0 0 0.14 0.20 0.18 0.18
469   2   1  12   0   1   1 1 0 1 1 0.14 0.20 0.18 0.18
470   3   1   3   0   1   2 0 1 0 0 0.14 0.16 0.12 0.18
471   5   1   9   0   1   2 1 0 1 1 0.16 0.12 0.14 0.20
472   4   1  15   0   0   2 0 0 0 0 0.12 0.12 0.10 0.16
473   4   2   5   0   1   2 0 0 0 1 0.22 0.20 0.10 0.32
474   3   2   3   0   1   2 0 1 1 0 0.22 0.20 0.10 0.28
475   3   2   8   0   1   1 0 1 1 0 0.26 0.22 0.20 0.66
476   1   2   7   0   1   2 1 1 0 1 0.24 0.16 0.06 0.28
477   1   1  13   0   1   2 0 0 0 1 0.12 0.14 0.10 0.16
478   2   1   6   0   1   1 0 0 1 0 0.10 0.22 0.14 0.14
479   4   1   7   4   0   2 0 0 0 0 0.14 0.14 0.12 0.12
480   2   2   1   0   0   2 0 0 0 0 0.20 0.12 0.06 0.24
