  1   1   1   3  -3   0   2 0 0 0 0 0.10 0.10 0.10 0.10
  2   2   2   7   0   1   2 1 1 1 1 0.50 0.50 0.50 0.50
  3   2   1   8   0   1   1 1 1 1 1 0.50 0.50 0.50 0.50
  4   4   2  10   0   1   1 1 1 1 1 0.90 0.90 0.90 0.90
  5   3   2   7   5   0   2 0 0 0 0 0.46 0.46 0.46 0.46
  6   2   1   2   0   1   1 1 1 1 1 0.46 0.46 0.46 0.46
  7   3   1   5  -3   0   2 0 0 0 0 0.10 0.10 0.10 0.10
  8   4   2   8   0   1   1 1 1 0 0 0.86 0.86 0.86 0.86
  9   4   1   5  -1   0   2 0 0 0 0 0.12 0.12 0.12 0.12
 10   5   2  14   0   1   1 1 1 0 0 0.82 0.82 0.86 0.86
 11   1   1   9   1   0   2 0 0 0 0 0.12 0.12 0.12 0.12
 12   4   2   1  -1   0   2 0 0 0 0 0.46 0.46 0.46 0.46
 13   5   1  15   2   0   2 0 0 0 0 0.14 0.14 0.14 0.14
 14   4   2   9  -1   0   2 0 0 0 0 0.48 0.48 0.48 0.48
 15   1   2   4   0   1   1 0 0 1 0 0.78 0.78 0.88 0.88
 16   2   1   7   5   0   2 0 0 0 0 0.14 0.14 0.14 0.14
 17   5   1   7   5   0   2 0 0 0 0 0.16 0.16 0.16 0.16
 18   2   2   5  -5   0   2 0 0 0 0 0.48 0.48 0.48 0.48
 19   5   1   2 -10   0   1 0 0 0 0 0.42 0.42 0.42 0.42
 20   3   1   6   0   1   1 1 1 1 1 0.42 0.42 0.42 0.42
 21   5   1   2   0   1   1 1 1 0 0 0.38 0.38 0.38 0.38
 22   2   2   4   0   1   1 1 1 1 1 0.78 0.78 0.84 0.88
 23   4   1   8   0   1   1 1 0 1 0 0.34 0.34 0.38 0.38
 24   5   2  16   0   1   1 1 1 1 1 0.74 0.74 0.80 0.84
 25   4   1   8   0   1   1 1 1 1 0 0.30 0.34 0.34 0.40
 26   1   1  11   0   1   2 1 0 0 0 0.16 0.16 0.16 0.16
 27   5   1   1  -3   0   2 0 0 0 0 0.12 0.18 0.18 0.18
 28   4   1   4   0   1   1 1 1 0 0 0.26 0.30 0.30 0.40
 29   3   2   4   0   1   1 1 0 1 0 0.70 0.70 0.76 0.80
 30   5   1   5  -5   0   2 0 0 0 0 0.12 0.18 0.18 0.18
 31   5   2   8   0   1   1 1 1 1 1 0.66 0.70 0.72 0.80
 32   5   1   6   0   1   1 1 1 1 1 0.22 0.26 0.30 0.42
 33   5   2   6   0   1   1 1 0 0 0 0.62 0.66 0.68 0.76
 34   4   1   3   0   1   2 0 1 1 0 0.14 0.20 0.20 0.20
 35   2   2   1   0   1   2 1 1 1 1 0.50 0.50 0.50 0.50
 36   3   1   1   0   1   2 1 1 0 1 0.14 0.16 0.16 0.20
 37   4   2   9   0   1   2 1 1 1 1 0.46 0.46 0.46 0.46
 38   1   2  15   0   1   2 1 1 1 1 0.42 0.42 0.42 0.42
 39   3   1   1   0   1   2 0 0 1 0 0.10 0.12 0.16 0.16
 40   3   1   4   0   1   1 1 1 1 1 0.18 0.22 0.26 0.38
 41   4   1   7   7   0   2 0 0 0 0 0.10 0.12 0.12 0.16
 42   3   2  13   0   1   2 1 1 1 0 0.38 0.38 0.38 0.38
 43   2   2   3   0   1   2 1 1 1 1 0.34 0.34 0.34 0.38
 44   1   1  16   0   1   1 1 1 1 1 0.14 0.18 0.22 0.34
 45   4   1  12  10   0   1 0 0 0 0 0.10 0.14 0.18 0.30
 46   4   2   1  -5   0   2 0 0 0 0 0.30 0.30 0.30 0.34
 47   5   2   2   0   1   1 1 1 1 1 0.58 0.66 0.68 0.76
 48   3   1  11   3   0   2 0 0 0 0 0.12 0.14 0.12 0.18
 49   4   1   3   2   0   2 0 0 0 0 0.12 0.14 0.14 0.18
 50   3   1  12   0   1   1 0 0 1 1 0.10 0.14 0.18 0.30
 51   2   2  14   0   1   1 1 1 1 1 0.54 0.62 0.64 0.72
 52   3   1  11   5   0   2 0 0 0 0 0.14 0.16 0.14 0.20
 53   4   2   4   0   1   1 0 1 0 1 0.50 0.58 0.60 0.68
 54   4   2  15   0   1   2 1 1 0 1 0.30 0.30 0.30 0.34
 55   5   2  11   5   0   2 0 0 0 0 0.26 0.26 0.32 0.30
 56   5   2  14   1   0   1 0 0 0 0 0.50 0.54 0.60 0.64
 57   1   2  10  -5   0   1 0 0 0 0 0.52 0.54 0.62 0.64
 58   1   2   8   0   1   1 1 1 1 0 0.52 0.56 0.62 0.66
 59   3   2  11   0   1   2 1 0 0 0 0.26 0.26 0.32 0.30
 60   3   1  14   0   1   1 1 1 0 1 0.12 0.16 0.14 0.26
 61   5   1   4   8   0   1 0 0 0 0 0.08 0.12 0.14 0.22
 62   1   2   9  -2   0   2 0 0 0 0 0.22 0.28 0.34 0.32
 63   2   2  11   0   1   2 0 0 1 0 0.22 0.28 0.34 0.32
 64   1   2   5   0   1   2 1 0 1 0 0.24 0.30 0.30 0.34
 65   5   1  16   6   0   1 0 0 0 0 0.08 0.12 0.16 0.22
 66   2   2  13   2   0   2 0 0 0 0 0.20 0.30 0.26 0.34
 67   4   2  16   0   1   1 1 1 1 0 0.48 0.52 0.58 0.66
 68   4   2  13   0   1   2 1 1 1 1 0.20 0.32 0.26 0.36
 69   4   2   7   7   0   2 0 0 0 0 0.16 0.28 0.22 0.32
 70   2   2   8  10   0   1 0 0 0 0 0.44 0.48 0.54 0.68
 71   5   2   2 -10   0   1 0 0 0 0 0.44 0.48 0.54 0.68
 72   3   1  13   0   1   2 1 1 0 0 0.14 0.16 0.16 0.20
 73   1   2  12   8   0   1 0 0 0 0 0.46 0.50 0.56 0.70
 74   3   1   6   0   1   1 0 0 1 1 0.10 0.14 0.16 0.24
 75   4   1   4   8   0   1 0 0 0 0 0.10 0.14 0.12 0.20
 76   2   2  13  -1   0   2 0 0 0 0 0.16 0.28 0.22 0.32
 77   2   1  16   5   0   1 0 0 0 0 0.12 0.16 0.12 0.20
 78   1   1   3   0   1   2 0 0 1 1 0.10 0.12 0.16 0.22
 79   4   1   2 -10   0   1 0 0 0 0 0.12 0.16 0.14 0.22
 80   5   2  12   0   1   1 1 1 0 0 0.46 0.50 0.56 0.70
 81   2   2   6   0   1   1 1 0 0 0 0.42 0.46 0.58 0.72
 82   4   2   5  -3   0   2 0 0 0 0 0.18 0.30 0.24 0.34
 83   1   1   7   3   0   2 0 0 0 0 0.10 0.12 0.12 0.18
 84   4   1  14  -3   0   1 0 0 0 0 0.14 0.18 0.14 0.22
 85   5   2  15   3   0   2 0 0 0 0 0.18 0.30 0.24 0.34
 86   4   2   8   7   0   1 0 0 0 0 0.38 0.46 0.58 0.72
 87   2   1  12   0   1   1 1 1 0 0 0.14 0.18 0.16 0.24
 88   4   2  15   0   1   2 1 1 0 1 0.20 0.32 0.26 0.36
 89   1   1  13  -1   0   2 0 0 0 0 0.12 0.14 0.12 0.18
 90   5   2   5  -1   0   2 0 0 0 0 0.16 0.28 0.26 0.32
 91   3   2  16   0   1   1 1 1 1 1 0.38 0.48 0.60 0.74
 92   2   1   3   3   0   2 0 0 0 0 0.12 0.14 0.14 0.20
 93   2   1   5  -5   0   2 0 0 0 0 0.14 0.16 0.14 0.20
 94   3   2   3   3   0   2 0 0 0 0 0.16 0.28 0.28 0.32
 95   1   1   5   0   1   2 1 1 1 0 0.14 0.16 0.16 0.22
 96   1   1  15   3   0   2 0 0 0 0 0.10 0.12 0.12 0.22
 97   2   2   1   0   1   2 0 0 1 0 0.18 0.30 0.28 0.34
 98   2   1   9  -5   0   2 0 0 0 0 0.10 0.12 0.12 0.24
 99   2   2   3   3   0   2 0 0 0 0 0.18 0.30 0.24 0.34
100   2   2  13  -3   0   2 0 0 0 0 0.20 0.32 0.24 0.36
101   5   1   6  -3   0   1 0 0 0 0 0.10 0.14 0.16 0.24
102   4   1   6  -7   0   1 0 0 0 0 0.10 0.14 0.18 0.26
103   5   2   4   0   1   1 1 0 1 0 0.34 0.44 0.56 0.70
104   4   1  14   0   1   1 1 1 0 0 0.12 0.16 0.18 0.26
105   4   2   8   0   1   1 1 1 1 1 0.30 0.44 0.52 0.70
106   1   1   6   0   1   1 0 0 1 1 0.08 0.12 0.20 0.28
107   5   2  15   0   1   2 1 1 1 1 0.20 0.32 0.26 0.36
108   5   2   1   0   1   2 1 1 1 1 0.16 0.28 0.22 0.32
109   4   2   4   0   1   1 1 1 1 0 0.26 0.40 0.48 0.66
110   5   1  10   0   1   1 0 0 1 1 0.08 0.12 0.16 0.24
111   2   2  15   0   1   2 1 1 0 0 0.12 0.24 0.18 0.28
112   2   1   2   0   1   1 0 1 0 0 0.10 0.14 0.12 0.20
113   4   2   2   0   1   1 0 1 1 1 0.22 0.36 0.44 0.66
114   1   1   9   0   1   2 1 1 0 0 0.12 0.14 0.14 0.24
115   3   1   7   5   0   2 0 0 0 0 0.08 0.10 0.14 0.26
116   3   1   8  10   0   1 0 0 0 0 0.10 0.10 0.12 0.20
117   5   1   7   7   0   2 0 0 0 0 0.08 0.10 0.16 0.26
118   3   2   4   0   1   1 0 1 1 0 0.22 0.32 0.40 0.62
119   1   2  11   3   0   2 0 0 0 0 0.08 0.20 0.18 0.28
120   5   1   5  -3   0   2 0 0 0 0 0.10 0.12 0.16 0.28
121   5   1   9   0   1   2 0 0 1 1 0.10 0.12 0.18 0.28
122   2   1  15   3   0   2 0 0 0 0 0.12 0.14 0.14 0.24
123   5   2   7   5   0   2 0 0 0 0 0.08 0.20 0.20 0.30
124   3   2   5  -3   0   2 0 0 0 0 0.10 0.22 0.20 0.30
125   3   1   4   5   0   1 0 0 0 0 0.12 0.10 0.14 0.22
126   1   2   1  -3   0   2 0 0 0 0 0.10 0.22 0.22 0.32
127   3   2   1   0   1   2 0 0 1 0 0.12 0.24 0.22 0.32
128   1   2   7   5   0   2 0 0 0 0 0.12 0.24 0.18 0.34
129   2   2  14  -3   0   1 0 0 0 0 0.24 0.28 0.36 0.62
130   4   2  10   0   1   1 0 0 1 0 0.24 0.28 0.36 0.64
131   5   1  11   0   1   2 1 1 1 1 0.12 0.14 0.14 0.24
132   3   2   9  -5   0   2 0 0 0 0 0.14 0.26 0.18 0.34
133   4   2   3   0   1   2 1 1 0 0 0.14 0.26 0.20 0.36
134   3   1   3   3   0   2 0 0 0 0 0.08 0.10 0.10 0.20
135   5   1  15   3   0   2 0 0 0 0 0.08 0.10 0.10 0.20
136   3   1   4   0   1   1 0 0 1 1 0.12 0.12 0.14 0.22
137   1   2   2 -10   0   1 0 0 0 0 0.26 0.30 0.32 0.64
138   1   1   2   0   1   1 0 0 0 1 0.14 0.12 0.10 0.18
139   1   1   8   0   1   1 1 0 0 0 0.14 0.14 0.10 0.14
140   4   1  16   0   1   1 1 1 1 0 0.10 0.14 0.12 0.14
141   4   1   5  -5   0   2 0 0 0 0 0.10 0.12 0.12 0.22
142   3   1   9  -3   0   2 0 0 0 0 0.10 0.12 0.12 0.22
143   3   1   2 -10   0   1 0 0 0 0 0.06 0.10 0.08 0.16
144   2   2  16   0   1   1 1 1 0 1 0.26 0.30 0.32 0.66
145   2   2   1  -7   0   2 0 0 0 0 0.10 0.22 0.20 0.36
146   4   2   3   0   1   2 0 1 0 1 0.10 0.22 0.22 0.38
147   2   1  16   7   0   1 0 0 0 0 0.06 0.10 0.08 0.16
148   3   1   3   5   0   2 0 0 0 0 0.12 0.14 0.14 0.24
149   1   1   4   8   0   1 0 0 0 0 0.08 0.12 0.10 0.18
150   5   1  11   5   0   2 0 0 0 0 0.12 0.14 0.14 0.24
151   3   1  10   0   1   1 0 0 1 1 0.08 0.12 0.10 0.18
152   3   2   3   0   1   2 0 0 1 1 0.12 0.18 0.22 0.34
153   4   1   7   0   1   2 1 1 1 1 0.14 0.16 0.16 0.26
154   5   2  14   0   1   1 1 1 1 1 0.22 0.26 0.34 0.62
155   3   1   5   0   1   2 1 1 1 1 0.10 0.12 0.12 0.22
156   2   1  16   0   1   1 1 1 0 0 0.10 0.14 0.06 0.14
157   2   1  14   0   1   1 1 1 0 1 0.06 0.10 0.06 0.14
158   3   2  15   0   1   2 1 1 1 1 0.12 0.18 0.18 0.30
159   2   1  11   0   1   2 1 1 0 0 0.06 0.08 0.08 0.18
160   1   2   1  -8   0   2 0 0 0 0 0.08 0.14 0.14 0.26
161   1   2   2   0   1   1 1 1 1 1 0.18 0.22 0.30 0.58
162   4   2   3   1   0   2 0 0 0 0 0.08 0.14 0.14 0.26
163   4   2   2 -10   0   1 0 0 0 0 0.14 0.18 0.26 0.54
164   1   1   4   8   0   1 0 0 0 0 0.02 0.06 0.08 0.10
165   1   2   3   3   0   2 0 0 0 0 0.10 0.16 0.16 0.28
166   5   2   8   0   1   1 1 1 1 1 0.14 0.18 0.26 0.54
167   4   2  12   0   1   1 0 1 1 1 0.10 0.14 0.22 0.50
168   2   2   9   0   1   2 1 1 1 1 0.10 0.16 0.16 0.28
169   2   2  15   0   1   2 0 0 0 1 0.06 0.12 0.12 0.24
170   1   2  16   0   1   1 0 0 0 1 0.10 0.10 0.18 0.46
171   3   2   2   0   1   1 0 0 0 1 0.12 0.10 0.18 0.42
172   4   1   9   0   1   2 0 0 0 1 0.02 0.04 0.08 0.18
173   3   2   2   0   1   1 0 0 1 1 0.12 0.12 0.20 0.38
174   5   2  11   0   1   2 0 1 0 1 0.06 0.12 0.12 0.20
175   5   1  13   0   1   2 0 0 1 1 0.02 0.04 0.10 0.14
176   4   2   6  -5   0   1 0 0 0 0 0.14 0.12 0.16 0.34
177   1   1   2  -7   0   1 0 0 0 0 0.02 0.06 0.08 0.10
178   3   1   2  -7   0   1 0 0 0 0 0.04 0.08 0.10 0.12
179   4   1   7   5   0   2 0 0 0 0 0.04 0.06 0.06 0.10
180   2   2   7   8   0   2 0 0 0 0 0.08 0.08 0.14 0.16
181   2   2   7   5   0   2 0 0 0 0 0.08 0.08 0.14 0.16
182   4   2  16   0   1   1 0 0 1 1 0.14 0.14 0.16 0.34
183   5   2  15  -5   0   2 0 0 0 0 0.10 0.10 0.16 0.18
184   4   2  13  -5   0   2 0 0 0 0 0.10 0.10 0.16 0.18
185   3   2   8   5   0   1 0 0 0 0 0.16 0.14 0.12 0.30
186   4   1  15  -3   0   2 0 0 0 0 0.04 0.06 0.06 0.10
187   5   1   4   7   0   1 0 0 0 0 0.04 0.08 0.10 0.12
188   5   1  16   5   0   1 0 0 0 0 0.06 0.10 0.12 0.14
189   3   1  15   3   0   2 0 0 0 0 0.06 0.08 0.08 0.12
190   4   1  13  -3   0   2 0 0 0 0 0.06 0.08 0.08 0.12
191   4   2   5  -3   0   2 0 0 0 0 0.12 0.12 0.18 0.20
192   1   1   8   8   0   1 0 0 0 0 0.06 0.10 0.12 0.14
193   5   1  14  -3   0   1 0 0 0 0 0.08 0.12 0.14 0.16
194   4   2   1  -3   0   2 0 0 0 0 0.12 0.12 0.18 0.20
195   1   2   3   3   0   2 0 0 0 0 0.14 0.14 0.20 0.22
196   1   1  11   5   0   2 0 0 0 0 0.08 0.10 0.10 0.14
197   2   1   8   0   1   1 0 0 1 0 0.08 0.12 0.14 0.16
198   3   2   8   0   1   1 1 1 0 1 0.16 0.16 0.12 0.30
199   1   2   9  -5   0   2 0 0 0 0 0.14 0.14 0.20 0.22
200   3   2   3  -1   0   2 0 0 0 0 0.16 0.16 0.22 0.24
201   2   2  15   3   0   2 0 0 0 0 0.16 0.16 0.22 0.24
202   3   2  14  -1   0   1 0 0 0 0 0.12 0.12 0.14 0.26
203   3   2   6  -5   0   1 0 0 0 0 0.12 0.12 0.14 0.26
204   5   2   9   0   1   2 0 0 1 0 0.18 0.18 0.24 0.26
205   3   1   8   0   1   1 0 1 0 1 0.10 0.14 0.10 0.18
206   2   2   2 -10   0   1 0 0 0 0 0.14 0.14 0.16 0.28
207   1   2   2 -10   0   1 0 0 0 0 0.14 0.14 0.16 0.28
208   5   1   8  10   0   1 0 0 0 0 0.10 0.10 0.10 0.14
209   5   1   2 -10   0   1 0 0 0 0 0.12 0.10 0.12 0.14
210   3   1   1  -5   0   2 0 0 0 0 0.08 0.10 0.10 0.14
211   4   1  15   3   0   2 0 0 0 0 0.10 0.12 0.12 0.16
212   3   2  12   0   1   1 1 1 0 1 0.16 0.16 0.18 0.30
213   1   2  10   3   0   1 0 0 0 0 0.12 0.12 0.18 0.26
214   2   2  12   5   0   1 0 0 0 0 0.12 0.12 0.20 0.26
215   5   2   3   0   1   2 0 1 0 0 0.18 0.18 0.20 0.26
216   3   1  11   5   0   2 0 0 0 0 0.10 0.12 0.12 0.16
217   5   2   1   3   0   2 0 0 0 0 0.20 0.14 0.20 0.28
218   5   2   8   5   0   1 0 0 0 0 0.14 0.14 0.20 0.28
219   2   1   4   5   0   1 0 0 0 0 0.12 0.12 0.12 0.16
220   1   1  15  -3   0   2 0 0 0 0 0.12 0.14 0.14 0.18
221   4   1  11   5   0   2 0 0 0 0 0.12 0.14 0.14 0.18
222   1   1   7   0   1   2 1 1 0 1 0.14 0.16 0.16 0.20
223   5   1   9   0   1   2 0 0 1 0 0.10 0.12 0.16 0.16
224   4   2   4   5   0   1 0 0 0 0 0.14 0.14 0.22 0.28
225   4   2  10  -3   0   1 0 0 0 0 0.16 0.16 0.22 0.30
226   1   2   6  -5   0   1 0 0 0 0 0.16 0.16 0.24 0.30
227   5   2  16   5   0   1 0 0 0 0 0.18 0.18 0.24 0.32
228   1   2   4   5   0   1 0 0 0 0 0.18 0.18 0.26 0.32
229   5   2   9   0   1   2 0 0 1 0 0.20 0.14 0.22 0.28
230   3   1   8   5   0   1 0 0 0 0 0.14 0.12 0.14 0.16
231   3   1  13   3   0   2 0 0 0 0 0.10 0.12 0.12 0.16
232   3   1  10   0   1   1 1 1 0 0 0.14 0.14 0.14 0.18
233   5   2   5  -3   0   2 0 0 0 0 0.22 0.16 0.18 0.30
234   5   2   9  -3   0   2 0 0 0 0 0.22 0.16 0.18 0.30
235   2   2  11   5   0   2 0 0 0 0 0.24 0.18 0.20 0.32
236   2   1  14   0   1   1 0 0 1 0 0.10 0.10 0.16 0.18
237   3   2   9  -1   0   2 0 0 0 0 0.24 0.18 0.20 0.32
238   2   2  10   0   1   1 0 0 1 1 0.20 0.20 0.26 0.34
239   4   2   5   0   1   2 0 1 0 0 0.26 0.20 0.22 0.34
240   5   2  12   5   0   1 0 0 0 0 0.20 0.20 0.22 0.30
241   2   1   4   5   0   1 0 0 0 0 0.10 0.10 0.12 0.20
242   1   1  12   5   0   1 0 0 0 0 0.12 0.12 0.12 0.20
243   1   1  14  -3   0   1 0 0 0 0 0.12 0.12 0.14 0.22
244   4   1  13  -3   0   2 0 0 0 0 0.12 0.14 0.12 0.18
245   1   2  13  -3   0   2 0 0 0 0 0.26 0.16 0.22 0.34
246   1   1  12  10   0   1 0 0 0 0 0.14 0.14 0.14 0.22
247   4   2  14  -1   0   1 0 0 0 0 0.22 0.22 0.22 0.30
248   1   2  11   5   0   2 0 0 0 0 0.28 0.16 0.24 0.36
249   2   1  10   0   1   1 0 1 0 1 0.14 0.14 0.16 0.24
250   1   1  10   0   1   1 1 0 0 1 0.16 0.10 0.16 0.20
251   2   2   6  -5   0   1 0 0 0 0 0.22 0.22 0.24 0.32
252   3   1  16   5   0   1 0 0 0 0 0.12 0.10 0.18 0.16
253   4   1   6  -5   0   1 0 0 0 0 0.12 0.12 0.18 0.16
254   1   2   7   5   0   2 0 0 0 0 0.28 0.18 0.24 0.36
255   4   1   6   0   1   1 0 0 1 0 0.14 0.12 0.20 0.18
256   2   2  16   0   1   1 1 1 0 0 0.24 0.24 0.24 0.32
257   4   2   2 -10   0   1 0 0 0 0 0.20 0.20 0.26 0.34
258   1   1  10   0   1   1 1 1 0 0 0.14 0.14 0.16 0.18
259   1   2   5  -5   0   2 0 0 0 0 0.30 0.18 0.26 0.38
260   5   1   8  10   0   1 0 0 0 0 0.10 0.10 0.16 0.20
261   4   2   9   0   1   2 1 1 1 1 0.30 0.20 0.26 0.38
262   3   1  15  -1   0   2 0 0 0 0 0.12 0.14 0.14 0.18
263   2   2  14  -5   0   1 0 0 0 0 0.20 0.20 0.26 0.34
264   5   1  15   0   1   2 0 0 1 0 0.14 0.16 0.14 0.20
265   1   2   8   0   1   1 0 1 1 0 0.22 0.22 0.28 0.36
266   3   2  13   0   1   2 1 0 0 0 0.26 0.16 0.22 0.34
267   3   2   1   0   1   2 1 0 0 0 0.22 0.16 0.22 0.34
268   4   1  14   0   1   1 0 0 1 1 0.10 0.10 0.18 0.20
269   1   1   8   0   1   1 0 0 1 0 0.12 0.12 0.14 0.16
270   5   2   6  -5   0   1 0 0 0 0 0.22 0.18 0.24 0.36
271   5   2   7   5   0   2 0 0 0 0 0.18 0.18 0.24 0.36
272   1   1   1   0   1   2 1 1 0 0 0.14 0.16 0.10 0.20
273   4   1  10   0   1   1 0 0 0 1 0.12 0.12 0.10 0.16
274   2   1   7   3   0   2 0 0 0 0 0.10 0.12 0.10 0.22
275   5   1   9   3   0   2 0 0 0 0 0.10 0.12 0.12 0.22
276   1   1   2  -5   0   1 0 0 0 0 0.14 0.14 0.10 0.12
277   5   2  12  10   0   1 0 0 0 0 0.24 0.18 0.24 0.38
278   1   1  11   5   0   2 0 0 0 0 0.12 0.14 0.12 0.24
279   4   2   6  -5   0   1 0 0 0 0 0.24 0.20 0.26 0.38
280   2   2   3  -3   0   2 0 0 0 0 0.18 0.18 0.24 0.36
281   4   1   2 -10   0   1 0 0 0 0 0.14 0.14 0.12 0.12
282   2   1   6  -5   0   1 0 0 0 0 0.16 0.16 0.12 0.14
283   2   2   6   0   1   1 1 0 0 1 0.26 0.20 0.26 0.40
284   1   2   8   0   1   1 0 1 0 0 0.22 0.22 0.28 0.36
285   5   1   4   5   0   1 0 0 0 0 0.16 0.16 0.14 0.14
286   2   2   2  -5   0   1 0 0 0 0 0.22 0.18 0.28 0.36
287   2   2  12   5   0   1 0 0 0 0 0.24 0.18 0.30 0.38
288   3   1   6  -5   0   1 0 0 0 0 0.18 0.18 0.14 0.16
289   5   1   5  -3   0   2 0 0 0 0 0.12 0.14 0.14 0.24
290   3   2   7   0   1   2 1 1 1 1 0.20 0.20 0.26 0.38
291   3   2   8   0   1   1 1 0 0 1 0.24 0.20 0.30 0.38
292   1   2  15   3   0   2 0 0 0 0 0.16 0.16 0.22 0.34
293   1   1   5  -5   0   2 0 0 0 0 0.14 0.16 0.14 0.26
294   1   1  14   0   1   1 1 1 0 1 0.18 0.18 0.16 0.16
295   5   1   3   0   1   2 1 0 0 0 0.14 0.16 0.16 0.26
296   1   2  16   5   0   1 0 0 0 0 0.20 0.20 0.32 0.34
297   2   2   8  10   0   1 0 0 0 0 0.20 0.22 0.32 0.34
298   1   1   4   5   0   1 0 0 0 0 0.14 0.14 0.16 0.12
299   5   1  16   0   1   1 0 0 1 0 0.14 0.14 0.18 0.12
300   3   2  14  -3   0   1 0 0 0 0 0.22 0.22 0.34 0.36
301   5   2  10   0   1   1 1 1 1 1 0.22 0.24 0.34 0.36
302   5   2   7   5   0   2 0 0 0 0 0.16 0.16 0.22 0.34
303   5   2  10  -5   0   1 0 0 0 0 0.18 0.20 0.30 0.32
304   4   1  16   0   1   1 1 1 1 0 0.16 0.16 0.14 0.14
305   5   1  11   0   1   2 0 1 0 0 0.10 0.18 0.16 0.28
306   3   2  10  -5   0   1 0 0 0 0 0.18 0.20 0.30 0.32
307   3   2  15   3   0   2 0 0 0 0 0.18 0.18 0.24 0.36
308   4   2   7   5   0   2 0 0 0 0 0.18 0.18 0.24 0.36
309   2   2   4   5   0   1 0 0 0 0 0.20 0.22 0.32 0.34
310   4   2  11   5   0   2 0 0 0 0 0.20 0.20 0.26 0.38
311   2   1   6  -5   0   1 0 0 0 0 0.12 0.12 0.10 0.14
312   3   1  14  -3   0   1 0 0 0 0 0.12 0.12 0.10 0.16
313   3   1  14  -3   0   1 0 0 0 0 0.14 0.14 0.12 0.16
314   5   1   3   0   1   2 0 0 1 1 0.10 0.14 0.18 0.28
315   3   1   7   5   0   2 0 0 0 0 0.12 0.14 0.14 0.24
316   1   2  15   0   1   2 0 1 1 0 0.20 0.20 0.26 0.38
317   5   2  13  -3   0   2 0 0 0 0 0.22 0.16 0.22 0.40
318   2   1   1 -10   0   2 0 0 0 0 0.12 0.16 0.14 0.24
319   1   2   6  -5   0   1 0 0 0 0 0.20 0.22 0.32 0.34
320   1   2  13  -3   0   2 0 0 0 0 0.22 0.16 0.22 0.40
321   1   1   6  -5   0   1 0 0 0 0 0.14 0.14 0.12 0.18
322   1   1  12   0   1   1 0 1 0 0 0.16 0.16 0.14 0.18
323   1   1   1  -5   0   2 0 0 0 0 0.14 0.16 0.16 0.26
324   1   2   3   3   0   2 0 0 0 0 0.24 0.18 0.24 0.42
325   3   2  12   5   0   1 0 0 0 0 0.22 0.24 0.34 0.36
326   2   1   2  -5   0   1 0 0 0 0 0.16 0.12 0.14 0.20
327   2   2  10   0   1   1 1 1 1 1 0.22 0.24 0.34 0.36
328   2   1  15   0   1   2 0 0 1 1 0.14 0.18 0.16 0.26
329   3   2   5   0   1   2 0 0 1 0 0.24 0.18 0.24 0.42
330   3   1  15   0   1   2 1 1 0 1 0.16 0.18 0.12 0.22
331   2   1  13   0   1   2 1 1 0 0 0.12 0.14 0.12 0.18
332   3   2   4   5   0   1 0 0 0 0 0.18 0.20 0.30 0.32
333   3   2   2  -5   0   1 0 0 0 0 0.18 0.20 0.30 0.32
334   2   2  11   0   1   2 1 1 1 1 0.26 0.20 0.20 0.44
335   1   2  10   0   1   1 0 0 1 1 0.20 0.22 0.32 0.34
336   3   1   9  -5   0   2 0 0 0 0 0.08 0.10 0.14 0.18
337   5   2   2 -10   0   1 0 0 0 0 0.20 0.22 0.28 0.30
338   3   1  13   0   1   2 1 1 0 1 0.08 0.10 0.14 0.20
339   4   1  13  -5   0   2 0 0 0 0 0.04 0.06 0.16 0.16
340   1   1  13   0   1   2 0 0 1 1 0.04 0.06 0.16 0.16
341   2   2  10   0   1   1 1 1 1 1 0.22 0.24 0.28 0.30
342   1   2   7   5   0   2 0 0 0 0 0.22 0.16 0.16 0.40
343   3   2   5  -5   0   2 0 0 0 0 0.22 0.16 0.16 0.40
344   1   2  11   0   1   2 0 1 0 0 0.24 0.18 0.18 0.42
345   1   1  10   0   1   1 1 1 1 1 0.18 0.12 0.16 0.20
346   4   1   1  -5   0   2 0 0 0 0 0.06 0.08 0.12 0.12
347   4   2  12   0   1   1 0 0 1 1 0.18 0.20 0.24 0.26
348   5   1   7   5   0   2 0 0 0 0 0.06 0.08 0.12 0.12
349   3   1  12   0   1   1 1 0 1 1 0.14 0.08 0.12 0.16
350   3   2  13   0   1   2 0 0 0 1 0.24 0.14 0.18 0.42
351   1   2   6  -5   0   1 0 0 0 0 0.18 0.20 0.20 0.22
352   5   2   3   0   1   2 1 1 0 0 0.26 0.14 0.20 0.38
353   3   1  16   5   0   1 0 0 0 0 0.10 0.08 0.08 0.12
354   1   2  14  -5   0   1 0 0 0 0 0.20 0.22 0.20 0.22
355   1   1   3   0   1   2 0 0 1 1 0.08 0.10 0.14 0.14
356   1   1  16   5   0   1 0 0 0 0 0.10 0.10 0.08 0.12
357   5   2  13  -3   0   2 0 0 0 0 0.22 0.10 0.20 0.38
358   3   2  14   0   1   1 0 0 1 0 0.20 0.22 0.22 0.24
359   2   1  10  -3   0   1 0 0 0 0 0.12 0.10 0.10 0.14
360   4   2   7   3   0   2 0 0 0 0 0.22 0.10 0.22 0.40
361   4   2  16   0   1   1 1 1 0 0 0.22 0.24 0.18 0.24
362   5   2   4   5   0   1 0 0 0 0 0.18 0.20 0.18 0.26
363   4   2  14   0   1   1 1 1 1 1 0.18 0.20 0.20 0.26
364   5   1   1  -5   0   2 0 0 0 0 0.08 0.10 0.10 0.10
365   4   1   1  -5   0   2 0 0 0 0 0.10 0.12 0.10 0.10
366   1   2  12   5   0   1 0 0 0 0 0.14 0.16 0.16 0.22
367   1   1  16   5   0   1 0 0 0 0 0.12 0.12 0.10 0.14
368   4   2  11   0   1   2 1 1 0 0 0.24 0.12 0.22 0.40
369   3   2   6  -5   0   1 0 0 0 0 0.14 0.16 0.16 0.22
370   5   1  12   5   0   1 0 0 0 0 0.14 0.12 0.12 0.16
371   2   1   6   0   1   1 0 1 0 0 0.14 0.14 0.12 0.16
372   4   1  16   3   0   1 0 0 0 0 0.16 0.10 0.14 0.18
373   2   1   9  -3   0   2 0 0 0 0 0.10 0.12 0.12 0.12
374   3   2  16   3   0   1 0 0 0 0 0.16 0.18 0.18 0.24
375   2   1  11   5   0   2 0 0 0 0 0.12 0.14 0.12 0.12
376   2   2   5  -5   0   2 0 0 0 0 0.20 0.08 0.24 0.42
377   5   2   5  -3   0   2 0 0 0 0 0.20 0.08 0.24 0.42
378   2   1   4   5   0   1 0 0 0 0 0.16 0.10 0.14 0.18
379   5   1  10  -3   0   1 0 0 0 0 0.18 0.12 0.16 0.20
380   4   1   8   5   0   1 0 0 0 0 0.18 0.12 0.16 0.20
381   3   1   2 -10   0   1 0 0 0 0 0.20 0.14 0.18 0.22
382   1   2  16   5   0   1 0 0 0 0 0.16 0.18 0.18 0.24
383   3   2  11   5   0   2 0 0 0 0 0.22 0.10 0.26 0.44
384   1   1   1  -5   0   2 0 0 0 0 0.12 0.14 0.14 0.14
385   4   2  15   0   0   2 0 0 0 0 0.22 0.10 0.26 0.44
386   2   2   5  -3   0   2 0 0 0 0 0.24 0.12 0.28 0.46
387   1   2  13  -3   0   2 0 0 0 0 0.24 0.12 0.28 0.46
388   4   2  11   0   1   2 1 0 0 1 0.26 0.14 0.30 0.48
389   4   1  11   8   0   2 0 0 0 0 0.14 0.16 0.14 0.14
390   4   1  15   0   1   2 1 1 0 0 0.14 0.16 0.16 0.16
391   3   2   9   0   1   2 1 0 1 1 0.22 0.14 0.30 0.44
392   4   1   1   0   1   2 0 1 1 0 0.10 0.12 0.16 0.16
393   5   1  14   0   1   1 1 1 0 0 0.20 0.14 0.18 0.22
394   4   1   2 -10   0   1 0 0 0 0 0.16 0.10 0.20 0.24
395   3   1  12   0   1   1 0 0 1 0 0.16 0.10 0.20 0.24
396   2   1   9  -5   0   2 0 0 0 0 0.10 0.08 0.12 0.18
397   4   1   9  -3   0   2 0 0 0 0 0.12 0.08 0.12 0.18
398   1   2   9   0   1   2 0 1 0 0 0.18 0.16 0.26 0.40
399   1   1   6   0   1   1 1 1 0 0 0.18 0.12 0.16 0.26
400   4   1   5  -3   0   2 0 0 0 0 0.12 0.10 0.14 0.20
401   4   1   9  -3   0   2 0 0 0 0 0.14 0.10 0.14 0.20
402   4   1  10  -3   0   1 0 0 0 0 0.14 0.08 0.16 0.26
403   3   2  10  -3   0   1 0 0 0 0 0.18 0.20 0.20 0.26
404   4   2  13  -3   0   2 0 0 0 0 0.18 0.12 0.26 0.40
405   5   2   1  -5   0   2 0 0 0 0 0.20 0.12 0.28 0.42
406   5   1  13   0   1   2 1 0 1 0 0.14 0.12 0.16 0.22
407   1   1  15   3   0   2 0 0 0 0 0.10 0.12 0.12 0.22
408   2   2   2 -10   0   1 0 0 0 0 0.18 0.20 0.20 0.26
409   5   2   6  -3   0   1 0 0 0 0 0.20 0.22 0.22 0.28
410   2   2  16   5   0   1 0 0 0 0 0.20 0.22 0.22 0.28
411   2   1   3   0   1   2 0 1 1 0 0.10 0.14 0.12 0.24
412   3   1   3   3   0   2 0 0 0 0 0.12 0.10 0.08 0.24
413   1   1  14  -3   0   1 0 0 0 0 0.14 0.08 0.18 0.28
414   2   1   5  -5   0   2 0 0 0 0 0.12 0.10 0.08 0.26
415   2   1   5   0   1   2 1 1 0 1 0.14 0.12 0.10 0.26
416   4   1  12   0   1   1 0 0 1 1 0.16 0.10 0.18 0.28
417   3   1  16   5   0   1 0 0 0 0 0.16 0.10 0.14 0.24
418   5   1  14   0   1   1 1 1 0 0 0.18 0.12 0.14 0.24
419   2   2   9   0   1   2 1 1 0 0 0.20 0.14 0.28 0.42
420   2   1  12  10   0   1 0 0 0 0 0.14 0.08 0.16 0.26
421   3   2  12   0   1   1 1 0 0 0 0.22 0.24 0.24 0.30
422   4   2   6   0   1   1 1 1 0 0 0.18 0.24 0.24 0.30
423   2   1   7   5   0   2 0 0 0 0 0.10 0.08 0.10 0.22
424   2   1  12   5   0   1 0 0 0 0 0.14 0.08 0.16 0.26
425   4   1  11   3   0   2 0 0 0 0 0.10 0.08 0.12 0.22
426   3   2   1  -5   0   2 0 0 0 0 0.16 0.10 0.30 0.44
427   3   2   7   5   0   2 0 0 0 0 0.16 0.10 0.30 0.44
428   5   1  12   0   1   1 1 1 0 0 0.16 0.10 0.18 0.28
429   4   1   4   0   1   1 1 0 0 0 0.12 0.06 0.18 0.28
430   1   2   4   5   0   1 0 0 0 0 0.14 0.20 0.26 0.32
431   3   2   6  -3   0   1 0 0 0 0 0.14 0.20 0.26 0.32
432   4   1  10  -5   0   1 0 0 0 0 0.08 0.06 0.20 0.30
433   5   2  16   0   1   1 1 1 0 0 0.16 0.22 0.28 0.34
434   5   1   6   0   1   1 0 0 1 1 0.08 0.08 0.20 0.30
435   3   1   9  -5   0   2 0 0 0 0 0.12 0.10 0.12 0.24
436   3   1   7   5   0   2 0 0 0 0 0.12 0.10 0.14 0.24
437   1   1  13  -3   0   2 0 0 0 0 0.14 0.12 0.14 0.26
438   5   2   4   5   0   1 0 0 0 0 0.12 0.18 0.28 0.34
439   4   2  14  -3   0   1 0 0 0 0 0.12 0.18 0.30 0.36
440   2   2   9   0   1   2 0 0 1 1 0.18 0.12 0.32 0.46
441   1   2   5  -3   0   2 0 0 0 0 0.18 0.12 0.28 0.42
442   2   1  15   0   1   2 0 0 1 0 0.14 0.12 0.16 0.26
443   5   1  13   0   1   2 0 1 0 0 0.16 0.14 0.12 0.28
444   5   1   1  -5   0   2 0 0 0 0 0.16 0.10 0.12 0.28
445   3   2  11   0   1   2 0 0 0 1 0.20 0.14 0.28 0.42
446   3   2  15   0   1   2 0 0 1 0 0.20 0.14 0.30 0.38
447   1   2   1   0   1   2 1 0 0 0 0.22 0.16 0.26 0.38
448   4   2  12  10   0   1 0 0 0 0 0.14 0.20 0.30 0.36
449   2   2   4   0   1   1 1 1 0 0 0.14 0.20 0.32 0.38
450   3   2  10  -5   0   1 0 0 0 0 0.10 0.16 0.32 0.38
451   2   1  13  -3   0   2 0 0 0 0 0.18 0.10 0.14 0.30
452   1   2  14  -3   0   1 0 0 0 0 0.10 0.16 0.34 0.40
453   1   1   7   0   1   2 1 1 0 0 0.18 0.12 0.14 0.30
454   1   1   9  -3   0   2 0 0 0 0 0.14 0.08 0.16 0.32
455   5   2  10  -3   0   1 0 0 0 0 0.12 0.18 0.34 0.40
456   5   1  10  -3   0   1 0 0 0 0 0.10 0.08 0.16 0.26
457   1   2  14  -3   0   1 0 0 0 0 0.12 0.18 0.36 0.42
458   1   2  12   0   1   1 1 1 0 0 0.14 0.20 0.36 0.42
459   4   1   3   0   1   2 1 0 0 0 0.14 0.08 0.16 0.32
460   2   1   1  -5   0   2 0 0 0 0 0.10 0.10 0.18 0.34
461   2   1   8  10   0   1 0 0 0 0 0.10 0.10 0.16 0.26
462   2   2   8  10   0   1 0 0 0 0 0.10 0.16 0.38 0.44
463   3   1   5   0   1   2 1 0 0 1 0.10 0.10 0.18 0.34
464   2   1   1   0   1   2 0 0 1 1 0.06 0.12 0.20 0.30
465   5   1  12  10   0   1 0 0 0 0 0.12 0.10 0.18 0.28
466   3   1  10   0   1   1 0 1 0 0 0.12 0.12 0.18 0.28
467   5   1   8   5   0   1 0 0 0 0 0.14 0.08 0.20 0.30
468   2   1  11   3   0   2 0 0 0 0 0.06 0.12 0.16 0.26
469   2   2  12  10   0   1 0 0 0 0 0.10 0.16 0.38 0.44
470   3   2  16   5   0   1 0 0 0 0 0.12 0.18 0.40 0.46
471   2   1  13  -3   0   2 0 0 0 0 0.08 0.14 0.16 0.26
472   5   2   3   0   1   2 0 1 1 0 0.18 0.16 0.26 0.40
473   2   1   3   0   1   2 0 1 0 0 0.08 0.14 0.18 0.28
474   2   1  14   0   1   1 1 0 0 1 0.14 0.08 0.20 0.30
475   1   1   5   0   1   2 0 0 1 0 0.10 0.10 0.18 0.28
476   5   1   3   3   0   2 0 0 0 0 0.10 0.10 0.14 0.30
477   5   2  13   0   1   2 0 0 1 0 0.18 0.12 0.22 0.40
478   5   2  11   5   0   2 0 0 0 0 0.20 0.12 0.18 0.42
479   4   1  12  10   0   1 0 0 0 0 0.10 0.10 0.22 0.26
480   2   1  10  -3   0   1 0 0 0 0 0.10 0.10 0.22 0.26
