  1   4   1  11   4   0   2 0 0 0 0 0.20 0.20 0.20 0.20
  2   2   2  11   3   0   2 0 0 0 0 0.30 0.30 0.30 0.30
  3   1   1   6   0   1   1 1 1 1 1 0.80 0.80 0.80 0.80
  4   5   2  15   0   0   2 0 0 0 0 0.30 0.30 0.30 0.30
  5   5   1  16   0   1   1 1 0 1 0 0.76 0.76 0.76 0.76
  6   3   1   3   0   1   2 1 1 0 0 0.20 0.20 0.20 0.20
  7   5   1  10   0   1   1 1 0 1 1 0.72 0.76 0.72 0.76
  8   2   2   6   0   1   1 1 1 0 1 0.80 0.80 0.80 0.80
  9   3   2   1  -4   0   2 0 0 0 0 0.32 0.32 0.32 0.32
 10   3   1   6   0   1   1 1 0 1 0 0.68 0.78 0.68 0.72
 11   4   2   1  -4   0   2 0 0 0 0 0.32 0.32 0.32 0.32
 12   2   1  14   0   1   1 1 1 1 1 0.64 0.78 0.64 0.72
 13   4   2  12   0   1   1 1 1 0 0 0.76 0.76 0.80 0.76
 14   5   1  15   0   1   2 1 1 0 1 0.16 0.16 0.22 0.22
 15   5   2  13   0   1   2 0 1 0 0 0.34 0.34 0.34 0.34
 16   3   1  15   0   0   2 0 0 0 0 0.12 0.12 0.22 0.18
 17   1   2  13   0   0   2 0 0 0 0 0.34 0.30 0.34 0.34
 18   3   1   9   0   1   2 0 0 0 0 0.12 0.12 0.24 0.18
 19   5   2  12   0   1   1 1 1 1 1 0.72 0.72 0.82 0.76
 20   1   2   4   6   0   1 0 0 0 0 0.68 0.68 0.78 0.72
 21   3   1  11   0   1   2 1 0 0 0 0.14 0.14 0.24 0.20
 22   4   2   3   3   0   2 0 0 0 0 0.36 0.30 0.36 0.36
 23   2   1   5  -1   0   2 0 0 0 0 0.10 0.14 0.26 0.20
 24   2   1  12   0   1   1 1 1 1 0 0.60 0.74 0.60 0.68
 25   2   1  13   0   0   2 0 0 0 0 0.10 0.16 0.26 0.22
 26   5   2   9  -4   0   2 0 0 0 0 0.36 0.32 0.36 0.36
 27   5   1   7   4   0   2 0 0 0 0 0.12 0.16 0.28 0.22
 28   3   2   9  -2   0   2 0 0 0 0 0.38 0.32 0.38 0.38
 29   1   1   1  -2   0   2 0 0 0 0 0.12 0.18 0.28 0.24
 30   1   1   9  -3   0   2 0 0 0 0 0.14 0.18 0.30 0.24
 31   5   2  11   5   0   2 0 0 0 0 0.38 0.34 0.38 0.38
 32   1   2  10  -5   0   1 0 0 0 0 0.68 0.68 0.78 0.72
 33   3   2  12   0   1   1 1 0 0 0 0.70 0.70 0.80 0.74
 34   4   2   8   4   0   1 0 0 0 0 0.66 0.70 0.80 0.74
 35   4   1   7   4   0   2 0 0 0 0 0.14 0.20 0.30 0.26
 36   3   2  15   0   0   2 0 0 0 0 0.40 0.34 0.40 0.40
 37   5   1   6   0   1   1 1 1 1 0 0.56 0.70 0.56 0.68
 38   2   2   3   4   0   2 0 0 0 0 0.40 0.36 0.40 0.40
 39   1   1  13   0   1   2 1 1 1 1 0.16 0.20 0.32 0.26
 40   2   2   7   0   1   2 1 1 0 0 0.42 0.36 0.42 0.42
 41   1   2  16   0   1   1 1 1 0 0 0.66 0.72 0.82 0.76
 42   1   2   8   0   1   1 1 1 1 0 0.62 0.68 0.82 0.76
 43   2   1  10   0   1   1 1 1 1 1 0.52 0.66 0.52 0.70
 44   5   1   2   0   1   1 1 1 1 1 0.48 0.62 0.48 0.66
 45   4   2  16   0   1   1 1 1 1 0 0.58 0.64 0.78 0.78
 46   1   2   3   0   1   2 1 1 1 1 0.38 0.32 0.42 0.42
 47   5   1   1   0   1   2 1 1 0 1 0.12 0.16 0.28 0.22
 48   4   2  13   0   1   2 1 1 0 1 0.34 0.28 0.38 0.38
 49   1   2   6  -5   0   1 0 0 0 0 0.54 0.60 0.74 0.78
 50   5   2  16   6   0   1 0 0 0 0 0.54 0.60 0.74 0.80
 51   4   1   4   0   1   1 1 1 1 1 0.44 0.58 0.44 0.62
 52   3   1  16   0   1   1 1 1 0 0 0.40 0.54 0.40 0.58
 53   1   1  13   0   1   2 1 1 0 0 0.08 0.12 0.28 0.18
 54   5   1   5  -2   0   2 0 0 0 0 0.04 0.08 0.30 0.18
 55   5   2   8   0   1   1 1 1 0 0 0.56 0.62 0.76 0.80
 56   1   2   9  -2   0   2 0 0 0 0 0.30 0.24 0.38 0.34
 57   3   1   1  -4   0   2 0 0 0 0 0.04 0.08 0.30 0.20
 58   1   2   1  -4   0   2 0 0 0 0 0.30 0.24 0.40 0.34
 59   4   1  11   8   0   2 0 0 0 0 0.06 0.10 0.32 0.20
 60   3   2   6   0   1   1 1 1 0 0 0.52 0.58 0.76 0.82
 61   2   1   9  -1   0   2 0 0 0 0 0.06 0.10 0.32 0.22
 62   5   2  14   0   1   1 1 1 1 1 0.48 0.54 0.78 0.82
 63   4   1  15   1   0   2 0 0 0 0 0.08 0.12 0.34 0.22
 64   3   1   9  -4   0   2 0 0 0 0 0.08 0.12 0.34 0.24
 65   2   2   5  -2   0   2 0 0 0 0 0.32 0.26 0.40 0.36
 66   5   2   4   8   0   1 0 0 0 0 0.44 0.50 0.74 0.78
 67   1   2   7   4   0   2 0 0 0 0 0.32 0.26 0.42 0.36
 68   4   2   5   0   0   2 0 0 0 0 0.34 0.28 0.42 0.38
 69   1   2  14  -6   0   1 0 0 0 0 0.44 0.50 0.74 0.78
 70   2   1   5   0   1   2 0 0 0 1 0.10 0.14 0.36 0.24
 71   5   1  11   8   0   2 0 0 0 0 0.10 0.14 0.36 0.20
 72   5   1  13   0   1   2 0 1 1 1 0.12 0.16 0.38 0.20
 73   2   2  10  -8   0   1 0 0 0 0 0.46 0.52 0.76 0.80
 74   4   1  13   0   1   2 0 0 1 0 0.12 0.12 0.34 0.16
 75   2   2   9  -4   0   2 0 0 0 0 0.34 0.28 0.44 0.38
 76   2   1   3   0   1   2 0 1 1 0 0.14 0.12 0.30 0.16
 77   4   2   7   0   1   2 1 0 0 1 0.36 0.30 0.44 0.40
 78   5   2   9   0   1   2 1 1 1 1 0.32 0.30 0.46 0.36
 79   5   2   1  -8   0   2 0 0 0 0 0.28 0.26 0.42 0.32
 80   5   2  11   0   1   2 0 1 0 1 0.28 0.26 0.42 0.32
 81   2   2  15   0   0   2 0 0 0 0 0.30 0.22 0.44 0.28
 82   3   1  15   0   0   2 0 0 0 0 0.14 0.08 0.26 0.18
 83   5   1   5  -1   0   2 0 0 0 0 0.16 0.08 0.26 0.18
 84   2   2  14   0   1   1 0 1 0 1 0.46 0.52 0.76 0.80
 85   3   2   3   2   0   2 0 0 0 0 0.30 0.22 0.44 0.28
 86   2   2  16   6   0   1 0 0 0 0 0.48 0.48 0.78 0.76
 87   1   2   5   0   0   2 0 0 0 0 0.32 0.24 0.46 0.30
 88   1   1   3   0   1   2 1 0 0 0 0.16 0.10 0.28 0.20
 89   4   1  14  -6   0   1 0 0 0 0 0.36 0.50 0.40 0.58
 90   3   2   8   0   1   1 0 0 1 1 0.48 0.48 0.78 0.76
 91   2   1   6   0   0   1 0 0 0 0 0.36 0.50 0.42 0.60
 92   5   1   7   6   0   2 0 0 0 0 0.12 0.10 0.28 0.20
 93   1   1   7   5   0   2 0 0 0 0 0.12 0.12 0.30 0.22
 94   5   1  10   0   1   1 1 1 1 1 0.38 0.52 0.42 0.60
 95   1   1  10   0   1   1 1 1 1 1 0.34 0.48 0.38 0.56
 96   4   2   1  -6   0   2 0 0 0 0 0.32 0.24 0.46 0.30
 97   2   2  16   0   1   1 1 1 1 1 0.50 0.50 0.74 0.72
 98   2   2   8   0   1   1 1 1 1 1 0.46 0.46 0.70 0.68
 99   3   1   7   0   1   2 1 1 1 1 0.14 0.12 0.30 0.22
100   4   1   3   2   0   2 0 0 0 0 0.10 0.08 0.26 0.18
101   1   1   7   5   0   2 0 0 0 0 0.10 0.08 0.26 0.18
102   5   2   7   4   0   2 0 0 0 0 0.34 0.26 0.48 0.32
103   4   2   9  -4   0   2 0 0 0 0 0.34 0.26 0.48 0.32
104   4   2  15  -2   0   2 0 0 0 0 0.36 0.28 0.50 0.34
105   5   1   6   0   1   1 1 1 1 1 0.30 0.44 0.34 0.52
106   3   2  14   0   1   1 1 1 0 1 0.42 0.42 0.66 0.64
107   3   2   7   0   0   2 0 0 0 0 0.36 0.28 0.50 0.34
108   4   2  10   0   1   1 1 1 0 1 0.38 0.38 0.66 0.60
109   1   2   3   0   1   2 1 1 0 0 0.38 0.30 0.52 0.36
110   4   1  10   0   1   1 1 1 1 1 0.26 0.40 0.30 0.48
111   4   1  16   0   1   1 1 1 1 1 0.22 0.36 0.26 0.44
112   5   1   8   0   1   1 1 1 1 1 0.18 0.32 0.22 0.40
113   1   2  16   0   1   1 1 1 0 1 0.34 0.34 0.68 0.56
114   2   2  12   0   1   1 1 1 0 1 0.30 0.30 0.68 0.52
115   5   2   9   0   1   2 1 1 1 1 0.34 0.26 0.52 0.36
116   1   1   8   0   1   1 1 1 1 1 0.14 0.28 0.18 0.36
117   5   2   8   0   1   1 1 1 0 1 0.26 0.26 0.70 0.48
118   1   2   6  -6   0   1 0 0 0 0 0.22 0.22 0.70 0.44
119   3   2   1  -6   0   2 0 0 0 0 0.30 0.22 0.48 0.32
120   4   1  12   0   1   1 1 1 1 1 0.10 0.24 0.14 0.32
121   1   2  11   8   0   2 0 0 0 0 0.30 0.22 0.48 0.32
122   3   1  13   0   1   2 0 0 0 1 0.12 0.10 0.28 0.20
123   2   1  14   0   1   1 0 1 0 1 0.06 0.20 0.10 0.28
124   3   1   6   0   1   1 0 1 1 1 0.06 0.16 0.10 0.24
125   3   1   2   0   1   1 0 1 1 1 0.08 0.12 0.06 0.20
126   2   2   7   0   1   2 1 0 1 0 0.32 0.24 0.50 0.34
127   3   1  11  10   0   2 0 0 0 0 0.12 0.10 0.28 0.16
128   5   2   8   8   0   1 0 0 0 0 0.22 0.22 0.72 0.44
129   5   2   6  -5   0   1 0 0 0 0 0.24 0.24 0.72 0.46
130   1   1  13  -6   0   2 0 0 0 0 0.14 0.12 0.30 0.16
131   2   1  10  -6   0   1 0 0 0 0 0.08 0.08 0.02 0.16
132   3   2   5  -4   0   2 0 0 0 0 0.28 0.24 0.46 0.34
133   2   2   4   6   0   1 0 0 0 0 0.24 0.24 0.74 0.46
134   5   2   3   3   0   2 0 0 0 0 0.28 0.26 0.46 0.36
135   2   1  15   0   0   2 0 0 0 0 0.14 0.12 0.30 0.18
136   4   2   9  -3   0   2 0 0 0 0 0.30 0.26 0.48 0.36
137   4   2  10  -4   0   1 0 0 0 0 0.26 0.26 0.74 0.48
138   1   2  15   0   0   2 0 0 0 0 0.30 0.28 0.48 0.38
139   4   1  12  10   0   1 0 0 0 0 0.10 0.08 0.02 0.16
140   1   2   9  -2   0   2 0 0 0 0 0.32 0.28 0.50 0.38
141   4   2  11   6   0   2 0 0 0 0 0.32 0.30 0.50 0.40
142   2   2   8   6   0   1 0 0 0 0 0.26 0.26 0.76 0.48
143   4   1   2  -6   0   1 0 0 0 0 0.10 0.10 0.04 0.18
144   1   2  14  -8   0   1 0 0 0 0 0.28 0.28 0.76 0.50
145   5   1   1  -3   0   2 0 0 0 0 0.16 0.14 0.32 0.18
146   1   1   8   4   0   1 0 0 0 0 0.12 0.10 0.04 0.18
147   5   1   7   4   0   2 0 0 0 0 0.16 0.14 0.32 0.20
148   5   1   8   4   0   1 0 0 0 0 0.12 0.12 0.06 0.20
149   3   2  10  -9   0   1 0 0 0 0 0.28 0.28 0.78 0.50
150   3   1   4   6   0   1 0 0 0 0 0.14 0.12 0.06 0.20
151   2   2  13  -5   0   2 0 0 0 0 0.34 0.30 0.52 0.40
152   2   2  16   0   1   1 1 1 0 0 0.30 0.30 0.78 0.52
153   4   1  10  -5   0   1 0 0 0 0 0.14 0.14 0.08 0.22
154   3   2   6  -5   0   1 0 0 0 0 0.26 0.26 0.80 0.52
155   5   2  15   0   1   2 1 1 0 1 0.34 0.32 0.52 0.42
156   5   2  15   0   1   2 0 1 0 1 0.30 0.28 0.54 0.38
157   3   2  11   0   1   2 1 1 1 1 0.30 0.24 0.54 0.34
158   2   1  12   0   1   1 1 1 1 0 0.16 0.14 0.08 0.22
159   4   1   3   0   1   2 1 1 1 0 0.18 0.16 0.34 0.20
160   1   1   4   7   0   1 0 0 0 0 0.12 0.10 0.04 0.24
161   1   1  12   0   1   1 1 0 0 1 0.12 0.10 0.04 0.24
162   2   1   5   0   1   2 1 1 1 1 0.14 0.12 0.30 0.22
163   4   1  16   6   0   1 0 0 0 0 0.08 0.12 0.06 0.20
164   2   2  15   0   0   2 0 0 0 0 0.26 0.20 0.50 0.30
165   4   2  11   9   0   2 0 0 0 0 0.26 0.20 0.50 0.30
166   2   2  13   0   1   2 0 0 0 1 0.28 0.22 0.52 0.32
167   4   2   3   0   1   2 0 1 0 1 0.28 0.22 0.52 0.28
168   5   1  16   0   0   1 0 0 0 0 0.08 0.12 0.06 0.20
169   4   1   1   0   1   2 0 0 0 1 0.10 0.08 0.26 0.18
170   3   2  10   0   1   1 0 0 0 1 0.26 0.26 0.80 0.54
171   2   2  10  -7   0   1 0 0 0 0 0.28 0.28 0.82 0.50
172   3   2  13   0   1   2 1 0 1 0 0.30 0.18 0.54 0.24
173   5   2  10  -7   0   1 0 0 0 0 0.28 0.28 0.82 0.50
174   4   2  10  -7   0   1 0 0 0 0 0.30 0.30 0.84 0.52
175   1   2  12  10   0   1 0 0 0 0 0.30 0.30 0.84 0.52
176   1   2   8   0   1   1 0 0 0 1 0.32 0.32 0.86 0.54
177   2   2   3   1   0   2 0 0 0 0 0.26 0.18 0.50 0.24
178   1   2   2  -8   0   1 0 0 0 0 0.32 0.32 0.86 0.50
179   4   1   2  -8   0   1 0 0 0 0 0.10 0.14 0.08 0.22
180   1   2  13   0   1   2 1 0 1 0 0.26 0.20 0.50 0.26
181   5   1   4   5   0   1 0 0 0 0 0.10 0.14 0.08 0.22
182   3   1   2   0   1   1 1 1 1 0 0.12 0.16 0.10 0.24
183   2   2  12   0   1   1 1 0 1 0 0.34 0.34 0.88 0.50
184   2   1   3   0   1   2 0 0 1 1 0.10 0.08 0.26 0.14
185   3   1  13   0   0   2 0 0 0 0 0.12 0.10 0.22 0.10
186   5   1  12  10   0   1 0 0 0 0 0.08 0.12 0.06 0.24
187   3   2   4   4   0   1 0 0 0 0 0.30 0.34 0.84 0.52
188   3   2  13   0   0   2 0 0 0 0 0.22 0.20 0.46 0.26
189   4   2   7   0   1   2 0 0 0 1 0.22 0.22 0.46 0.28
190   2   2  14   0   1   1 1 0 1 0 0.30 0.36 0.84 0.52
191   1   1   1  -4   0   2 0 0 0 0 0.12 0.10 0.22 0.10
192   4   1  15   0   0   2 0 0 0 0 0.14 0.12 0.24 0.12
193   4   2  14   0   1   1 1 1 1 1 0.26 0.36 0.80 0.54
194   4   2  12   0   1   1 1 1 0 1 0.22 0.32 0.76 0.50
195   3   2  11   0   1   2 1 1 0 1 0.24 0.22 0.48 0.24
196   3   1   8   0   1   1 0 1 0 1 0.08 0.12 0.06 0.26
197   1   2   8   0   1   1 0 1 0 1 0.18 0.28 0.76 0.46
198   5   1   3   0   1   2 1 0 1 0 0.14 0.12 0.24 0.12
199   2   1  11   9   0   2 0 0 0 0 0.10 0.14 0.20 0.14
200   5   2   6  -7   0   1 0 0 0 0 0.18 0.24 0.78 0.42
201   3   2  14  -5   0   1 0 0 0 0 0.20 0.24 0.78 0.42
202   5   1   2  -6   0   1 0 0 0 0 0.10 0.08 0.08 0.22
203   5   1  12  10   0   1 0 0 0 0 0.10 0.08 0.08 0.22
204   4   2   4   4   0   1 0 0 0 0 0.20 0.26 0.80 0.44
205   4   2   6  -5   0   1 0 0 0 0 0.22 0.26 0.80 0.44
206   4   1   5   0   1   2 0 1 0 1 0.10 0.14 0.20 0.14
207   1   2  11   8   0   2 0 0 0 0 0.20 0.18 0.48 0.20
208   2   1  14  -4   0   1 0 0 0 0 0.12 0.10 0.10 0.24
209   4   2   4   4   0   1 0 0 0 0 0.22 0.28 0.82 0.46
210   5   1   3   2   0   2 0 0 0 0 0.12 0.10 0.22 0.10
211   5   2   2  -6   0   1 0 0 0 0 0.24 0.28 0.82 0.46
212   4   2   2 -10   0   1 0 0 0 0 0.24 0.30 0.84 0.48
213   3   1  14  -4   0   1 0 0 0 0 0.12 0.10 0.10 0.24
214   5   2  14   0   1   1 1 1 0 1 0.26 0.30 0.84 0.48
215   1   1   9   0   1   2 1 0 1 0 0.12 0.10 0.22 0.10
216   2   1  11   7   0   2 0 0 0 0 0.08 0.12 0.18 0.12
217   3   1   7   0   1   2 0 1 0 1 0.08 0.12 0.18 0.12
218   3   2   9  -3   0   2 0 0 0 0 0.20 0.18 0.50 0.20
219   1   2   5   0   1   2 1 1 0 0 0.22 0.20 0.50 0.22
220   2   1   1  -3   0   2 0 0 0 0 0.10 0.08 0.20 0.08
221   2   2   7   0   1   2 0 1 1 1 0.18 0.16 0.52 0.22
222   4   2  15   0   0   2 0 0 0 0 0.18 0.12 0.48 0.18
223   4   1   8   0   1   1 0 1 1 1 0.14 0.12 0.12 0.26
224   4   2   2   0   1   1 0 1 1 1 0.22 0.26 0.86 0.44
225   3   1  12   0   1   1 1 0 1 0 0.14 0.08 0.08 0.22
226   2   1   9  -6   0   2 0 0 0 0 0.10 0.08 0.20 0.08
227   4   2  13  -1   0   2 0 0 0 0 0.20 0.12 0.48 0.18
228   3   1   5   0   1   2 1 0 1 0 0.12 0.10 0.22 0.10
229   3   2   3  -1   0   2 0 0 0 0 0.20 0.14 0.50 0.20
230   3   2  15   0   0   2 0 0 0 0 0.22 0.14 0.50 0.20
231   1   2  12  10   0   1 0 0 0 0 0.22 0.22 0.82 0.40
232   4   2  16   8   0   1 0 0 0 0 0.24 0.22 0.82 0.40
233   2   2   2  -6   0   1 0 0 0 0 0.24 0.24 0.84 0.42
234   3   2  10 -10   0   1 0 0 0 0 0.26 0.24 0.84 0.42
235   4   1  16   0   1   1 0 0 0 1 0.10 0.08 0.04 0.22
236   2   1   7   5   0   2 0 0 0 0 0.08 0.10 0.18 0.10
237   4   1   9  -5   0   2 0 0 0 0 0.08 0.12 0.18 0.12
238   2   2   1   0   1   2 1 0 1 0 0.22 0.16 0.52 0.22
239   1   2   4   0   1   1 0 1 0 1 0.26 0.26 0.86 0.44
240   5   1  15   0   0   2 0 0 0 0 0.10 0.12 0.20 0.12
241   1   1  12  10   0   1 0 0 0 0 0.10 0.10 0.04 0.18
242   2   1   1  -2   0   2 0 0 0 0 0.10 0.14 0.20 0.14
243   1   1   2  -8   0   1 0 0 0 0 0.12 0.10 0.06 0.18
244   2   2   9  -1   0   2 0 0 0 0 0.18 0.16 0.48 0.22
245   1   2   2   1   1   1 0 0 0 1 0.28 0.22 0.86 0.40
246   3   1  10  -4   0   1 0 0 0 0 0.12 0.12 0.06 0.20
247   4   1  10   0   1   1 1 0 0 0 0.14 0.12 0.08 0.20
248   3   2   8   8   0   1 0 0 0 0 0.28 0.22 0.88 0.36
249   3   2   1  -4   0   2 0 0 0 0 0.18 0.18 0.48 0.24
250   1   1   4   6   0   1 0 0 0 0 0.10 0.14 0.08 0.22
251   1   2  12  10   0   1 0 0 0 0 0.30 0.24 0.88 0.36
252   3   1   8   8   0   1 0 0 0 0 0.10 0.14 0.10 0.22
253   4   2   3   2   0   2 0 0 0 0 0.20 0.18 0.50 0.24
254   1   1   2  -6   0   1 0 0 0 0 0.12 0.16 0.10 0.24
255   3   1  14  -3   0   1 0 0 0 0 0.12 0.16 0.12 0.24
256   2   2   5  -1   0   2 0 0 0 0 0.20 0.20 0.50 0.26
257   5   2  11   7   0   2 0 0 0 0 0.22 0.20 0.52 0.26
258   2   2   5  -5   0   2 0 0 0 0 0.22 0.22 0.52 0.28
259   2   2  11   7   0   2 0 0 0 0 0.24 0.22 0.54 0.28
260   5   1  14  -5   0   1 0 0 0 0 0.14 0.18 0.12 0.26
261   5   2  14  -6   0   1 0 0 0 0 0.30 0.24 0.90 0.38
262   4   2  16   8   0   1 0 0 0 0 0.32 0.26 0.90 0.38
263   1   1  11   8   0   2 0 0 0 0 0.12 0.14 0.22 0.14
264   3   1  16   6   0   1 0 0 0 0 0.14 0.18 0.14 0.26
265   5   2  10  -7   0   1 0 0 0 0 0.32 0.26 0.92 0.40
266   5   1   4   6   0   1 0 0 0 0 0.16 0.20 0.14 0.28
267   2   2  13   0   0   2 0 0 0 0 0.24 0.24 0.54 0.30
268   1   1   8   0   1   1 0 1 0 1 0.16 0.20 0.16 0.28
269   2   2  12  10   0   1 0 0 0 0 0.34 0.28 0.92 0.40
270   4   1   7   0   1   2 1 1 0 1 0.12 0.16 0.22 0.16
271   4   1  13   0   1   2 0 1 0 1 0.08 0.12 0.24 0.12
272   4   2   6   0   1   1 1 1 1 1 0.34 0.28 0.94 0.42
273   1   2  15   0   1   2 1 1 1 1 0.26 0.24 0.56 0.30
274   1   2  14   0   1   1 1 1 0 0 0.30 0.24 0.90 0.38
275   3   2  13   0   1   2 1 1 0 0 0.22 0.20 0.52 0.26
276   4   1   8   0   1   1 1 1 1 1 0.18 0.16 0.16 0.24
277   5   2  16   0   1   1 1 1 1 1 0.26 0.20 0.90 0.38
278   1   1  14   0   1   1 1 1 1 1 0.14 0.12 0.12 0.20
279   4   1  12   6   0   1 0 0 0 0 0.10 0.08 0.08 0.16
280   3   1   3   1   0   2 0 0 0 0 0.08 0.08 0.24 0.08
281   2   2   8   7   0   1 0 0 0 0 0.22 0.16 0.86 0.34
282   2   1   1  -4   0   2 0 0 0 0 0.10 0.08 0.26 0.08
283   2   1   2 -10   0   1 0 0 0 0 0.10 0.08 0.08 0.16
284   2   1  11   7   0   2 0 0 0 0 0.10 0.10 0.26 0.10
285   5   2  12  10   0   1 0 0 0 0 0.22 0.16 0.86 0.34
286   2   1   9  -3   0   2 0 0 0 0 0.12 0.10 0.28 0.10
287   5   1  14  -5   0   1 0 0 0 0 0.12 0.10 0.10 0.18
288   1   1  10  -5   0   1 0 0 0 0 0.12 0.10 0.10 0.18
289   3   1   4   6   0   1 0 0 0 0 0.14 0.12 0.12 0.20
290   4   1   7  -5   0   2 0 0 0 0 0.12 0.12 0.28 0.12
291   3   2   7   6   0   2 0 0 0 0 0.18 0.16 0.52 0.26
292   5   1   9  -4   0   2 0 0 0 0 0.14 0.12 0.30 0.12
293   2   2  15   0   0   2 0 0 0 0 0.18 0.16 0.54 0.28
294   4   2  14   0   0   1 0 0 0 0 0.24 0.18 0.88 0.36
295   3   1  10  -8   0   1 0 0 0 0 0.14 0.12 0.12 0.20
296   5   1   5  -1   0   2 0 0 0 0 0.14 0.14 0.30 0.14
297   4   1  14   0   1   1 1 1 0 1 0.16 0.14 0.14 0.22
298   4   2   4   0   1   1 1 0 1 0 0.24 0.18 0.88 0.36
299   4   1   9   0   1   2 1 0 1 0 0.16 0.14 0.32 0.14
300   3   2   2   0   1   1 1 1 0 0 0.20 0.20 0.84 0.38
301   4   2  11   8   0   2 0 0 0 0 0.20 0.18 0.54 0.28
302   5   1  10  -2   0   1 0 0 0 0 0.12 0.10 0.14 0.18
303   5   1   2  -7   0   1 0 0 0 0 0.12 0.10 0.16 0.18
304   5   2   7   5   0   2 0 0 0 0 0.20 0.18 0.56 0.30
305   1   2   4   2   0   1 0 0 0 0 0.16 0.16 0.84 0.38
306   2   1  12  10   0   1 0 0 0 0 0.14 0.12 0.16 0.20
307   5   2   5  -6   0   2 0 0 0 0 0.22 0.20 0.56 0.30
308   1   1  12   0   1   1 1 0 1 1 0.14 0.12 0.18 0.20
309   3   1   6 -10   0   1 0 0 0 0 0.10 0.14 0.14 0.16
310   5   1   3   0   1   2 1 1 1 0 0.12 0.16 0.28 0.16
311   4   1   2   0   1   1 0 1 0 1 0.10 0.14 0.14 0.16
312   1   1   5   0   1   2 1 1 1 0 0.08 0.12 0.24 0.16
313   3   1  14   0   0   1 0 0 0 0 0.12 0.10 0.16 0.12
314   1   1  14   0   0   1 0 0 0 0 0.12 0.10 0.16 0.12
315   1   2   9   0   1   2 1 1 0 1 0.22 0.20 0.58 0.32
316   3   2  16   0   1   1 1 1 1 1 0.16 0.16 0.86 0.40
317   3   2   4   7   0   1 0 0 0 0 0.12 0.12 0.82 0.36
318   2   1   8   0   1   1 1 0 1 0 0.14 0.12 0.18 0.14
319   4   2   5   0   1   2 1 0 1 0 0.18 0.16 0.58 0.28
320   1   1  16   0   1   1 0 0 1 0 0.10 0.12 0.14 0.14
321   2   1  13  -2   0   2 0 0 0 0 0.04 0.08 0.20 0.18
322   4   2  15   0   0   2 0 0 0 0 0.14 0.16 0.54 0.28
323   2   2  11   8   0   2 0 0 0 0 0.14 0.18 0.54 0.30
324   2   1  16   7   0   1 0 0 0 0 0.10 0.14 0.10 0.16
325   3   1   1  -2   0   2 0 0 0 0 0.04 0.08 0.20 0.18
326   1   2   3   6   0   2 0 0 0 0 0.16 0.18 0.56 0.30
327   4   1   3   0   1   2 0 0 1 1 0.06 0.10 0.22 0.20
328   4   2   2   0   1   1 0 0 1 0 0.12 0.12 0.82 0.36
329   3   1  11   0   1   2 0 1 1 1 0.06 0.10 0.18 0.16
330   4   2  14   0   1   1 0 0 1 0 0.14 0.14 0.78 0.38
331   2   2   1  -3   0   2 0 0 0 0 0.16 0.20 0.56 0.32
332   3   2   8   7   0   1 0 0 0 0 0.14 0.14 0.74 0.38
333   4   1   6   0   1   1 1 1 0 1 0.12 0.14 0.10 0.16
334   4   1  11   8   0   2 0 0 0 0 0.08 0.06 0.14 0.12
335   4   2   8   7   0   1 0 0 0 0 0.16 0.16 0.74 0.40
336   3   2  16  10   0   1 0 0 0 0 0.16 0.16 0.76 0.40
337   4   1   6  -4   0   1 0 0 0 0 0.08 0.10 0.12 0.12
338   3   2  16   6   0   1 0 0 0 0 0.18 0.18 0.76 0.42
339   5   2   2  -5   0   1 0 0 0 0 0.18 0.18 0.78 0.42
340   2   2   9   0   1   2 0 0 1 0 0.18 0.20 0.58 0.32
341   1   2   2 -10   0   1 0 0 0 0 0.20 0.20 0.78 0.44
342   2   2   1  -8   0   2 0 0 0 0 0.18 0.22 0.54 0.34
343   3   1  12  10   0   1 0 0 0 0 0.08 0.10 0.12 0.12
344   1   1   5  -1   0   2 0 0 0 0 0.08 0.06 0.14 0.12
345   4   1   4   6   0   1 0 0 0 0 0.10 0.12 0.14 0.14
346   1   1   6  -8   0   1 0 0 0 0 0.10 0.12 0.14 0.14
347   4   1   1 -10   0   2 0 0 0 0 0.10 0.08 0.16 0.14
348   4   2   8   7   0   1 0 0 0 0 0.20 0.20 0.80 0.44
349   4   1   4   8   0   1 0 0 0 0 0.12 0.14 0.16 0.16
350   3   1  13  -5   0   2 0 0 0 0 0.10 0.08 0.16 0.14
351   1   1  10  -9   0   1 0 0 0 0 0.12 0.14 0.16 0.16
352   1   2  11   7   0   2 0 0 0 0 0.20 0.22 0.54 0.34
353   5   1  14  -5   0   1 0 0 0 0 0.14 0.16 0.18 0.18
354   5   2   1  -5   0   2 0 0 0 0 0.20 0.24 0.56 0.36
355   1   2  16   0   1   1 0 0 1 0 0.22 0.22 0.80 0.46
356   5   2   3   2   0   2 0 0 0 0 0.22 0.24 0.56 0.36
357   3   2  15   0   1   2 0 0 1 0 0.22 0.26 0.58 0.38
358   5   2  13  -2   0   2 0 0 0 0 0.24 0.26 0.54 0.38
359   2   1   6  -6   0   1 0 0 0 0 0.14 0.16 0.18 0.18
360   1   2   1  -5   0   2 0 0 0 0 0.24 0.28 0.54 0.40
361   1   1   9  -5   0   2 0 0 0 0 0.12 0.10 0.18 0.16
362   2   1   7   4   0   2 0 0 0 0 0.12 0.10 0.18 0.16
363   5   1  12  10   0   1 0 0 0 0 0.16 0.18 0.20 0.20
364   1   1   4   8   0   1 0 0 0 0 0.16 0.18 0.20 0.20
365   2   1   8   7   0   1 0 0 0 0 0.18 0.20 0.22 0.22
366   4   1   8   0   1   1 1 1 1 1 0.18 0.20 0.22 0.22
367   4   1   9   0   1   2 1 1 0 1 0.14 0.12 0.20 0.18
368   3   2  14   0   1   1 1 1 0 1 0.22 0.22 0.76 0.46
369   5   2  13   0   1   2 1 1 1 0 0.26 0.28 0.56 0.40
370   4   1   5   0   1   2 1 1 0 1 0.10 0.08 0.20 0.14
371   2   1  15   0   1   2 1 1 0 1 0.06 0.04 0.22 0.10
372   3   2   2   0   1   1 1 0 1 0 0.18 0.18 0.76 0.42
373   3   1   7   2   0   2 0 0 0 0 0.02 0.02 0.22 0.06
374   5   2   1  -4   0   2 0 0 0 0 0.22 0.24 0.52 0.42
375   1   1   2   0   1   1 1 1 1 0 0.14 0.16 0.18 0.18
376   1   2  15   0   1   2 1 1 0 1 0.22 0.24 0.52 0.42
377   4   1   1   0   0   2 0 0 0 0 0.02 0.02 0.24 0.06
378   4   1  14   0   1   1 1 0 0 0 0.10 0.12 0.14 0.18
379   1   2  10   0   1   1 0 1 0 1 0.14 0.18 0.72 0.42
380   3   2   3   0   1   2 1 0 1 0 0.18 0.20 0.54 0.38
381   1   1  16   0   1   1 0 0 0 1 0.06 0.12 0.14 0.20
382   3   1  12   0   1   1 0 0 1 1 0.06 0.14 0.16 0.16
383   3   1   5  -4   0   2 0 0 0 0 0.04 0.04 0.24 0.08
384   3   2  12   0   1   1 0 0 1 0 0.14 0.14 0.72 0.38
385   3   1   9   0   1   2 0 0 1 0 0.04 0.04 0.26 0.08
386   4   2   7   0   1   2 1 1 1 0 0.14 0.20 0.50 0.38
387   5   2  10   0   1   1 1 1 1 0 0.16 0.14 0.68 0.38
388   1   1  11   8   0   2 0 0 0 0 0.06 0.06 0.22 0.10
389   3   2   5  -2   0   2 0 0 0 0 0.10 0.16 0.46 0.40
390   5   1   8   0   0   1 0 0 0 0 0.08 0.14 0.12 0.12
391   3   1   2  -8   0   1 0 0 0 0 0.08 0.16 0.12 0.12
392   3   1   4   0   1   1 1 0 1 0 0.10 0.16 0.14 0.14
393   5   1  11   8   0   2 0 0 0 0 0.06 0.06 0.22 0.10
394   2   2   6  -6   0   1 0 0 0 0 0.12 0.10 0.64 0.40
395   1   1  15  -1   0   2 0 0 0 0 0.08 0.08 0.24 0.12
396   2   2  10 -10   0   1 0 0 0 0 0.12 0.10 0.64 0.40
397   4   2   6  -9   0   1 0 0 0 0 0.14 0.12 0.66 0.42
398   2   2   4   7   0   1 0 0 0 0 0.14 0.12 0.66 0.42
399   5   1  13   0   0   2 0 0 0 0 0.08 0.08 0.24 0.12
400   5   1  13   0   0   2 0 0 0 0 0.10 0.10 0.26 0.14
401   3   1   1  -1   0   2 0 0 0 0 0.10 0.10 0.26 0.14
402   3   1   5  -2   0   2 0 0 0 0 0.12 0.12 0.28 0.16
403   2   1   4   7   0   1 0 0 0 0 0.06 0.18 0.10 0.14
404   1   1  16   8   0   1 0 0 0 0 0.06 0.18 0.10 0.16
405   5   1   1  -4   0   2 0 0 0 0 0.12 0.12 0.28 0.16
406   2   1   8   8   0   1 0 0 0 0 0.08 0.20 0.12 0.16
407   1   2   6  -5   0   1 0 0 0 0 0.16 0.14 0.68 0.44
408   1   1  11   0   1   2 1 0 1 0 0.14 0.14 0.30 0.18
409   5   2   4   4   0   1 0 0 0 0 0.16 0.14 0.68 0.44
410   2   1   2  -5   0   1 0 0 0 0 0.08 0.20 0.12 0.18
411   1   2   7   6   0   2 0 0 0 0 0.10 0.16 0.46 0.40
412   3   2   9  -6   0   2 0 0 0 0 0.12 0.18 0.48 0.42
413   5   1  15  -1   0   2 0 0 0 0 0.10 0.14 0.26 0.18
414   3   2   2  -9   0   1 0 0 0 0 0.18 0.16 0.70 0.46
415   5   2   4   7   0   1 0 0 0 0 0.18 0.16 0.70 0.46
416   3   2   6   0   1   1 0 0 0 1 0.20 0.18 0.72 0.48
417   2   2   2   0   1   1 0 0 1 0 0.20 0.18 0.72 0.44
418   1   1  14   0   1   1 1 1 0 0 0.10 0.22 0.14 0.18
419   1   1   1  -2   0   2 0 0 0 0 0.10 0.16 0.26 0.20
420   2   2   4   5   0   1 0 0 0 0 0.22 0.20 0.68 0.44
421   4   2  12   0   1   1 0 0 0 1 0.22 0.20 0.68 0.46
422   2   2   6  -7   0   1 0 0 0 0 0.24 0.22 0.70 0.42
423   3   1  16   0   1   1 0 1 1 0 0.06 0.18 0.14 0.20
424   1   1   3   0   1   2 0 0 1 0 0.12 0.16 0.28 0.20
425   3   2  12  10   0   1 0 0 0 0 0.24 0.22 0.70 0.42
426   4   2   5  -4   0   2 0 0 0 0 0.12 0.18 0.48 0.42
427   4   2  13   0   1   2 0 0 0 1 0.14 0.20 0.50 0.44
428   5   2   7   4   0   2 0 0 0 0 0.14 0.20 0.50 0.40
429   1   1   5   0   1   2 1 1 0 1 0.12 0.18 0.24 0.22
430   4   2   9   0   1   2 0 1 0 1 0.16 0.22 0.52 0.40
431   2   1   6  -5   0   1 0 0 0 0 0.06 0.14 0.10 0.20
432   5   2  12   0   1   1 1 0 1 0 0.26 0.24 0.72 0.44
433   3   1  10  -6   0   1 0 0 0 0 0.08 0.14 0.10 0.22
434   5   2   5  -5   0   2 0 0 0 0 0.16 0.18 0.52 0.36
435   5   1   6   0   1   1 1 1 0 1 0.08 0.16 0.12 0.22
436   3   1   3   0   1   2 0 1 0 1 0.08 0.14 0.24 0.18
437   1   2  13   0   0   2 0 0 0 0 0.18 0.18 0.54 0.36
438   2   1  10   0   1   1 0 0 1 1 0.04 0.12 0.12 0.18
439   3   2   4   0   1   1 1 0 1 0 0.22 0.24 0.68 0.44
440   2   1  16   2   0   1 0 0 0 0 0.04 0.12 0.08 0.14
441   2   1   4   5   0   1 0 0 0 0 0.06 0.14 0.08 0.14
442   4   1  15   0   1   2 0 0 1 0 0.08 0.10 0.26 0.14
443   4   2   1  -3   0   2 0 0 0 0 0.18 0.20 0.54 0.38
444   1   1  15   0   0   2 0 0 0 0 0.10 0.10 0.22 0.14
445   4   1   6  -5   0   1 0 0 0 0 0.06 0.14 0.10 0.16
446   5   1   4   6   0   1 0 0 0 0 0.08 0.16 0.10 0.16
447   2   1   7   5   0   2 0 0 0 0 0.10 0.12 0.22 0.16
448   2   2   3   4   0   2 0 0 0 0 0.20 0.20 0.56 0.38
449   5   1   9  -1   0   2 0 0 0 0 0.12 0.12 0.24 0.16
450   1   2   7   4   0   2 0 0 0 0 0.20 0.22 0.56 0.40
451   5   1  16   4   0   1 0 0 0 0 0.08 0.16 0.12 0.18
452   2   1   4   4   0   1 0 0 0 0 0.10 0.18 0.12 0.18
453   5   2  16   4   0   1 0 0 0 0 0.18 0.26 0.64 0.46
454   5   1   9  -1   0   2 0 0 0 0 0.12 0.14 0.24 0.18
455   2   2   2  -5   0   1 0 0 0 0 0.18 0.26 0.64 0.46
456   5   2   3  -3   0   2 0 0 0 0 0.22 0.22 0.58 0.40
457   2   1  13  -2   0   2 0 0 0 0 0.14 0.14 0.26 0.18
458   2   1  15   0   0   2 0 0 0 0 0.14 0.16 0.26 0.20
459   2   1  16   6   0   1 0 0 0 0 0.10 0.18 0.14 0.20
460   1   1  15   0   1   2 1 1 1 0 0.16 0.16 0.28 0.20
461   5   2   5   0   1   2 0 0 0 0 0.22 0.24 0.58 0.42
462   2   2  14  -4   0   1 0 0 0 0 0.20 0.28 0.66 0.48
463   1   2   1   0   0   2 0 0 0 0 0.24 0.24 0.60 0.42
464   1   2  10 -10   0   1 0 0 0 0 0.20 0.28 0.66 0.48
465   1   1   3   0   1   2 0 0 1 1 0.12 0.12 0.24 0.22
466   1   1   7   0   1   2 1 1 1 0 0.12 0.12 0.20 0.18
467   3   2   5   0   1   2 1 0 1 0 0.24 0.26 0.60 0.44
468   1   2   5   0   1   2 0 1 0 1 0.20 0.26 0.56 0.44
469   5   1  11   8   0   2 0 0 0 0 0.08 0.08 0.16 0.18
470   5   2   6   0   1   1 1 1 1 0 0.22 0.30 0.68 0.50
471   4   1   5   0   1   2 0 0 0 1 0.08 0.08 0.16 0.20
472   3   2  11   7   0   2 0 0 0 0 0.20 0.22 0.56 0.40
473   1   1   6  -5   0   1 0 0 0 0 0.12 0.20 0.14 0.20
474   4   1  13   3   0   2 0 0 0 0 0.10 0.10 0.18 0.16
475   2   1   2   0   1   1 1 1 1 1 0.12 0.20 0.16 0.22
476   3   1   8   0   1   1 0 0 0 1 0.08 0.16 0.12 0.18
477   2   1   3   0   1   2 1 1 1 1 0.10 0.10 0.18 0.16
478   5   2   2 -10   0   1 0 0 0 0 0.18 0.26 0.64 0.50
479   3   1  15  -4   0   2 0 0 0 0 0.06 0.06 0.14 0.12
480   3   2   7   4   0   2 0 0 0 0 0.22 0.22 0.58 0.40
