  1   1   5   1   7   1   1 0.50 0.50 0.50 0.50 0.50 0.50 1 1 1 1 1 1 2 3 1 6 4 5
  2   1   4   1   6   1   1 0.50 0.50 0.50 0.45 0.45 0.50 1 1 1 1 1 1 1 4 6 3 2 5
  3   0   4   1   1   0   2 0.05 0.05 0.05 0.05 0.05 0.05 1 0 1 1 0 1 3 4 1 6 2 5
  4   1   5   1  -2   0   2 0.05 0.05 0.05 0.05 0.05 0.05 1 0 0 1 1 1 1 5 4 6 2 3
  5   1   3   1   2   0   2 0.05 0.05 0.05 0.05 0.05 0.05 1 1 1 0 1 0 2 5 1 3 6 4
  6   1   2   1   2   0   2 0.05 0.05 0.05 0.05 0.05 0.05 1 0 0 1 1 1 6 5 1 4 3 2
  7   1   7   1   3   0   2 0.05 0.08 0.08 0.05 0.05 0.05 1 1 0 1 1 0 5 1 4 2 3 6
  8   0   3   1  -5   3   1 0.50 0.45 0.50 0.45 0.40 0.50 1 1 1 0 1 1 3 4 5 6 2 1
  9   1   3   1   3   0   2 0.05 0.08 0.08 0.05 0.05 0.08 1 1 0 1 0 1 1 6 2 4 5 3
 10   1   2   1   2   1   1 0.50 0.45 0.50 0.45 0.40 0.50 1 1 1 1 1 1 5 1 6 3 2 4
 11   1   6   1   3   0   2 0.05 0.08 0.11 0.05 0.05 0.08 1 0 1 0 1 1 6 5 1 3 2 4
 12   1   8   1   3   1   1 0.50 0.40 0.50 0.40 0.40 0.50 1 1 1 1 1 1 4 6 3 5 1 2
 13   1   5   1   5   1   1 0.45 0.35 0.50 0.40 0.40 0.50 1 1 1 1 1 1 6 4 5 1 3 2
 14   1   1   1   8   1   1 0.45 0.30 0.45 0.40 0.40 0.50 1 1 1 1 1 1 2 5 1 4 6 3
 15   1   7   1   8   1   1 0.45 0.30 0.40 0.40 0.40 0.45 1 1 1 1 1 1 1 2 6 5 4 3
 16   1   6   1  -5   0   2 0.05 0.08 0.11 0.08 0.05 0.08 1 0 1 1 1 0 3 1 5 4 6 2
 17   1   7   1   5   1   1 0.45 0.30 0.35 0.35 0.40 0.45 1 1 1 1 1 1 4 1 5 2 3 6
 18   1   6   1   6   1   1 0.45 0.30 0.30 0.35 0.40 0.40 1 1 1 1 1 1 2 4 6 1 3 5
 19   1   8   1   2   0   2 0.05 0.11 0.11 0.08 0.05 0.08 1 1 0 1 0 1 4 1 2 6 5 3
 20   0   2   1  -5   0   2 0.05 0.11 0.11 0.08 0.08 0.08 0 1 1 0 1 1 2 6 5 3 4 1
 21   1   2   1   2   0   1 0.45 0.30 0.25 0.35 0.35 0.40 0 1 1 0 1 1 5 6 3 2 4 1
 22   1   2   1   2   0   2 0.05 0.11 0.11 0.08 0.08 0.08 1 1 1 0 1 0 2 5 1 3 6 4
 23   1   9   1   4   1   1 0.45 0.30 0.25 0.35 0.35 0.40 1 1 1 1 1 1 1 3 5 4 6 2
 24   1   4   1   5   1   1 0.45 0.25 0.25 0.35 0.35 0.35 1 1 1 1 1 1 4 5 2 1 3 6
 25   1   3   1   3   1   1 0.45 0.25 0.20 0.35 0.35 0.30 1 1 1 1 1 1 1 3 5 4 6 2
 26   1   2   1   7   1   1 0.45 0.20 0.20 0.35 0.35 0.25 1 1 1 1 1 1 4 5 1 2 3 6
 27   0   5   1   3   3   1 0.45 0.20 0.15 0.35 0.35 0.20 1 1 1 1 1 1 4 2 6 5 3 1
 28   1   3   1   1   1   2 0.05 0.11 0.11 0.08 0.08 0.11 1 1 1 1 1 1 6 4 2 1 3 5
 29   1   3   1   2   1   1 0.45 0.20 0.15 0.35 0.35 0.20 1 1 1 1 1 1 3 4 2 5 6 1
 30   1   3   1   2   1   1 0.40 0.20 0.15 0.35 0.35 0.15 1 1 1 1 1 1 6 4 5 1 2 3
 31   1   7   1   3   1   1 0.40 0.15 0.10 0.35 0.35 0.15 1 1 1 1 1 1 6 1 5 2 3 4
 32   1   4   1   4   1   1 0.40 0.15 0.05 0.30 0.35 0.15 1 1 1 1 1 1 3 4 6 2 1 5
 33   1   9   1   2   2   2 0.05 0.11 0.06 0.08 0.03 0.11 0 1 1 0 1 1 5 2 3 4 6 1
 34   1   5   1   3   2   1 0.35 0.15 0.05 0.30 0.30 0.15 1 1 1 1 0 1 4 3 6 5 1 2
 35   1   3   1   4   1   1 0.30 0.10 0.05 0.30 0.30 0.15 1 1 1 1 1 1 5 4 6 3 2 1
 36   1   2   1   4   1   1 0.25 0.05 0.05 0.30 0.30 0.15 1 1 1 1 1 1 4 1 5 6 2 3
 37   1   3   1   4   1   1 0.25 0.02 0.02 0.30 0.30 0.15 1 1 1 1 1 1 4 6 1 5 2 3
 38   1   9   1   2   1   1 0.25 0.02 0.02 0.30 0.30 0.15 1 1 1 1 1 1 1 5 2 4 3 6
 39   1   5   1   3   1   2 0.05 0.11 0.06 0.08 0.03 0.06 1 1 1 1 1 0 3 4 1 2 5 6
 40   1   1   1   1   1   1 0.25 0.02 0.02 0.30 0.30 0.10 1 1 1 1 1 1 4 2 5 3 6 1
 41   1   8   1   1   1   1 0.20 0.02 0.02 0.30 0.30 0.05 1 1 1 1 1 0 5 3 4 2 1 6
 42   1   2   1   3   2   1 0.15 0.02 0.02 0.30 0.30 0.05 1 1 1 1 1 0 5 3 4 6 2 1
 43   1   9   1   2   1   1 0.10 0.02 0.02 0.30 0.30 0.05 1 0 1 1 1 1 5 3 4 1 6 2
 44   1   1   1   4   1   1 0.10 0.02 0.02 0.30 0.30 0.02 1 1 0 1 1 1 2 6 1 4 5 3
 45   1   1   1   4   1   1 0.10 0.02 0.02 0.30 0.25 0.02 1 1 1 1 1 0 3 5 4 2 1 6
 46   1   6   1   2   1   2 0.05 0.11 0.06 0.08 0.02 0.06 1 1 0 1 1 1 1 4 5 6 3 2
 47   1   1   1   3   0   2 0.05 0.06 0.06 0.08 0.02 0.06 0 1 1 1 1 0 4 5 3 2 6 1
 48   1   2   1   5   1   1 0.05 0.02 0.02 0.30 0.25 0.02 0 1 1 1 1 1 3 6 5 4 2 1
 49   1   3   1   2   1   1 0.05 0.02 0.02 0.30 0.25 0.02 1 0 1 1 1 1 1 4 3 5 6 2
 50   1   4   1   6   1   1 0.05 0.02 0.02 0.30 0.25 0.02 1 1 1 1 1 0 3 4 5 1 2 6
 51   1   3   1   4   1   1 0.05 0.02 0.02 0.30 0.25 0.02 0 1 1 1 1 1 6 5 3 2 4 1
 52   1   7   1   2   1   1 0.05 0.02 0.02 0.25 0.25 0.02 1 1 1 1 1 0 5 1 2 4 3 6
 53   1   4   1   2   1   1 0.05 0.02 0.02 0.25 0.25 0.02 1 1 1 0 1 1 1 2 6 3 4 5
 54   0   5   1   7   3   2 0.05 0.06 0.06 0.08 0.02 0.06 1 1 1 0 1 1 4 5 6 3 2 1
 55   1   6   1   3   1   1 0.05 0.02 0.02 0.25 0.20 0.02 1 0 1 1 1 1 3 1 6 4 5 2
 56   1   6   1   3   0   2 0.05 0.06 0.06 0.08 0.02 0.06 1 1 0 0 1 1 5 6 1 2 3 4
 57   1   1   1   2   1   1 0.05 0.02 0.02 0.25 0.15 0.02 0 1 1 1 1 1 3 6 2 4 5 1
 58   1   8   1   5   0   2 0.05 0.06 0.06 0.11 0.02 0.06 1 1 1 0 1 0 1 3 2 5 6 4
 59   1   8   1   5   0   2 0.05 0.06 0.06 0.11 0.02 0.09 0 1 1 1 1 0 5 2 3 4 6 1
 60   1   1   1   2   1   2 0.08 0.06 0.06 0.11 0.02 0.09 1 1 1 0 1 1 5 2 6 1 4 3
 61   1   9   1   5   2   2 0.08 0.06 0.02 0.11 0.02 0.09 1 1 1 0 1 1 1 4 5 3 2 6
 62   1   3   1   8   1   2 0.08 0.02 0.02 0.11 0.02 0.04 0 1 1 1 1 1 3 4 6 5 2 1
 63   1   5   1   9   0   2 0.08 0.02 0.02 0.11 0.02 0.04 1 1 0 1 0 1 4 1 6 2 3 5
 64   1   7   1   9   0   1 0.05 0.02 0.02 0.25 0.10 0.02 0 1 1 1 1 0 5 3 2 4 1 6
 65   1   8   1   8   0   2 0.08 0.02 0.02 0.11 0.02 0.04 0 1 1 1 1 0 5 2 3 4 6 1
 66   1   2   1   8   2   2 0.08 0.02 0.02 0.11 0.02 0.04 0 1 1 1 1 0 5 3 2 1 4 6
 67   1   6   1   7   0   2 0.08 0.02 0.02 0.06 0.02 0.04 1 1 1 0 1 0 5 1 3 2 4 6
 68   1   5   1   8   0   2 0.08 0.02 0.02 0.06 0.02 0.07 1 0 0 1 1 1 6 5 4 1 2 3
 69   1   3   1   8   2   2 0.08 0.02 0.05 0.06 0.02 0.07 1 0 1 1 1 0 4 1 6 2 5 3
 70   1   9   1   7   0   2 0.08 0.02 0.02 0.06 0.02 0.07 1 0 1 1 0 1 1 4 3 6 2 5
 71   1   7   1   9   1   1 0.05 0.02 0.02 0.25 0.10 0.02 1 0 1 1 1 1 6 1 3 4 5 2
 72   1   4   1   6   0   1 0.05 0.02 0.02 0.25 0.05 0.02 1 0 0 1 1 1 5 1 4 6 2 3
 73   1   8   1   8   0   1 0.05 0.02 0.02 0.25 0.05 0.02 1 1 0 0 1 1 1 6 5 2 4 3
 74   1   4   1   8   0   1 0.05 0.02 0.05 0.25 0.05 0.02 1 1 1 0 1 0 3 1 5 2 6 4
 75   1   1   1   8   0   1 0.05 0.02 0.05 0.28 0.05 0.05 1 1 1 0 1 0 2 5 1 3 4 6
 76   1   8   1   8   0   1 0.05 0.02 0.05 0.28 0.05 0.05 1 0 1 0 1 1 5 3 1 6 4 2
 77   1   8   1   9   0   2 0.08 0.05 0.02 0.06 0.02 0.07 1 1 1 1 0 0 4 1 3 2 5 6
 78   1   2   1   6   1   1 0.05 0.05 0.05 0.31 0.05 0.05 0 1 1 1 1 1 2 6 4 3 5 1
 79   0   6   1  10   0   2 0.08 0.05 0.02 0.06 0.05 0.07 1 0 1 1 0 1 4 1 3 6 2 5
 80   1   1   1   9   2   2 0.08 0.05 0.02 0.06 0.05 0.07 0 0 1 1 0 1 3 6 4 5 2 1
 81   1   2   1   9   0   2 0.08 0.05 0.02 0.06 0.05 0.07 1 1 0 1 1 0 2 4 5 1 3 6
 82   0   6   1  10   0   1 0.05 0.05 0.05 0.31 0.02 0.05 1 1 1 1 0 0 3 2 4 1 6 5
 83   1   7   1   9   0   2 0.08 0.05 0.02 0.06 0.05 0.10 1 1 0 1 0 1 6 2 4 1 3 5
 84   1   7   1   9   0   1 0.05 0.05 0.05 0.31 0.02 0.05 0 0 1 1 1 1 3 5 6 4 1 2
 85   1   8   1   9   0   1 0.08 0.05 0.05 0.31 0.02 0.05 1 0 1 0 1 1 3 6 5 1 2 4
 86   1   5   1   9   2   1 0.08 0.08 0.05 0.31 0.02 0.05 1 1 0 1 0 1 2 1 6 5 4 3
 87   1   9   1   8   0   2 0.08 0.05 0.05 0.06 0.05 0.10 1 0 1 1 1 0 4 1 3 5 2 6
 88   0   4   1   5   0   1 0.08 0.08 0.05 0.26 0.02 0.05 0 1 1 1 1 0 4 3 5 2 1 6
 89   1   3   1   5   0   1 0.08 0.08 0.05 0.26 0.02 0.05 0 1 0 1 1 1 5 6 2 4 3 1
 90   1   4   1   7   1   2 0.08 0.05 0.05 0.06 0.05 0.10 1 1 1 1 1 0 2 3 4 1 6 5
 91   1   5   1   8   1   2 0.08 0.05 0.05 0.06 0.02 0.10 0 1 1 1 1 1 3 2 5 4 1 6
 92   1   9   1   7   0   2 0.08 0.05 0.05 0.06 0.02 0.05 0 1 1 1 1 0 3 2 4 5 1 6
 93   1   8   1   8   0   2 0.11 0.05 0.05 0.06 0.02 0.05 1 1 1 0 0 1 1 2 3 6 4 5
 94   1   5   1   8   1   1 0.08 0.08 0.05 0.26 0.02 0.05 0 1 1 1 1 1 5 4 2 3 1 6
 95   1   1   1   7   0   1 0.08 0.08 0.05 0.26 0.02 0.02 1 0 0 1 1 1 4 5 1 6 2 3
 96   0   3   1  -6   3   1 0.08 0.08 0.08 0.26 0.02 0.02 0 1 1 1 1 1 4 3 6 2 5 1
 97   1   3   1   4   0   1 0.08 0.08 0.08 0.26 0.02 0.02 1 1 1 0 1 0 5 3 1 2 6 4
 98   1   3   1   3   0   2 0.11 0.05 0.05 0.09 0.02 0.05 0 1 1 0 1 1 5 2 3 6 4 1
 99   1   3   1   4   1   1 0.08 0.08 0.08 0.26 0.02 0.02 1 1 1 0 1 1 2 6 1 3 5 4
100   1   2   1   6   0   1 0.08 0.08 0.08 0.26 0.02 0.02 1 0 1 0 1 1 3 1 6 5 2 4
101   1   4   1   5   1   1 0.08 0.11 0.08 0.29 0.02 0.02 1 1 1 0 1 1 2 1 3 6 4 5
102   1   6   1   5   0   2 0.11 0.05 0.05 0.09 0.02 0.05 1 1 1 0 1 0 2 5 3 1 4 6
103   1   5   1   5   0   1 0.08 0.11 0.08 0.29 0.02 0.02 1 1 1 1 0 0 4 1 2 3 6 5
104   1   7   1   3   0   1 0.08 0.11 0.08 0.29 0.02 0.05 1 0 0 1 1 1 5 6 1 4 2 3
105   1   2   1   3   0   2 0.11 0.05 0.05 0.12 0.02 0.08 0 1 1 1 1 0 3 2 4 5 1 6
106   1   4   1   5   1   2 0.14 0.05 0.05 0.12 0.02 0.08 1 1 1 0 1 1 3 2 6 1 4 5
107   1   8   1   4   0   1 0.08 0.11 0.08 0.29 0.02 0.05 1 1 0 1 0 1 6 2 1 4 3 5
108   1   1   1   4   0   1 0.08 0.11 0.11 0.29 0.05 0.05 0 1 0 1 1 1 4 2 6 5 1 3
109   1   7   1   3   0   2 0.14 0.05 0.05 0.12 0.02 0.08 0 0 1 1 1 1 5 3 4 6 2 1
110   1   9   1   4   0   1 0.11 0.11 0.11 0.29 0.05 0.05 0 1 1 1 0 1 3 2 4 6 1 5
111   1   4   1   4   0   2 0.14 0.08 0.05 0.12 0.02 0.08 1 1 0 1 1 0 1 2 5 4 6 3
112   1   8   1   5   0   2 0.14 0.08 0.05 0.12 0.02 0.11 1 1 0 0 1 1 5 1 2 6 3 4
113   1   3   1   5   0   1 0.11 0.11 0.11 0.29 0.05 0.05 0 1 0 1 1 1 2 6 5 4 3 1
114   1   4   1  -3   0   1 0.14 0.11 0.14 0.29 0.05 0.05 1 0 1 1 1 0 3 5 1 4 6 2
115   1   1   1   3   1   2 0.14 0.08 0.08 0.12 0.02 0.11 0 1 1 1 1 1 6 2 4 3 1 5
116   1   9   1   3   0   1 0.14 0.14 0.14 0.29 0.05 0.05 1 1 0 1 1 0 1 4 5 2 6 3
117   1   1   1   6   0   1 0.14 0.14 0.14 0.29 0.05 0.08 1 0 0 1 1 1 1 5 6 4 3 2
118   1   8   1   4   1   2 0.14 0.08 0.08 0.12 0.02 0.11 1 1 1 0 1 1 6 1 5 3 4 2
119   1   4   1   4   1   2 0.14 0.03 0.08 0.12 0.02 0.11 1 1 1 1 1 1 3 4 2 6 5 1
120   1   9   1   6   1   2 0.09 0.03 0.08 0.12 0.02 0.11 1 1 1 1 0 1 6 4 1 3 5 2
121   1   5   1   5   1   2 0.09 0.02 0.08 0.12 0.02 0.11 1 1 0 1 1 1 1 2 4 6 3 5
122   1   4   1   5   1   1 0.14 0.14 0.17 0.29 0.05 0.08 1 1 0 1 1 1 4 6 1 2 3 5
123   1   9   1   8   1   1 0.14 0.14 0.17 0.29 0.02 0.08 1 1 1 0 1 1 5 2 6 3 1 4
124   1   5   1   4   1   1 0.09 0.14 0.17 0.29 0.02 0.08 1 1 1 0 1 1 2 1 3 6 5 4
125   1   2   1   5   1   2 0.09 0.02 0.08 0.12 0.02 0.11 1 1 1 0 1 1 1 6 3 5 4 2
126   1   2   1   7   2   2 0.09 0.02 0.08 0.12 0.02 0.11 1 1 1 0 1 1 6 3 2 4 1 5
127   1   9   1   9   1   2 0.04 0.02 0.08 0.12 0.02 0.11 1 1 1 1 1 0 1 5 2 4 6 3
128   1   8   1   5   0   2 0.04 0.02 0.03 0.12 0.02 0.11 0 0 1 1 1 1 5 6 4 3 2 1
129   1   1   1   6   0   2 0.04 0.02 0.03 0.12 0.02 0.11 1 1 1 0 0 1 6 3 1 2 5 4
130   1   5   1   4   1   2 0.04 0.02 0.03 0.15 0.02 0.11 1 1 0 1 1 1 5 1 4 2 3 6
131   1   5   1   3   1   1 0.09 0.14 0.17 0.29 0.02 0.08 1 1 0 1 1 1 5 6 1 4 3 2
132   1   5   1   4   1   2 0.04 0.02 0.03 0.15 0.02 0.06 1 1 1 1 1 0 1 3 2 4 5 6
133   1   9   1   8   1   1 0.09 0.09 0.17 0.29 0.02 0.08 1 1 1 0 1 1 2 3 6 1 4 5
134   1   6   1   7   1   1 0.09 0.09 0.17 0.29 0.02 0.08 1 1 0 1 1 1 4 1 6 2 5 3
135   1   1   1   3   2   2 0.04 0.02 0.03 0.15 0.02 0.06 1 1 0 1 0 1 4 3 1 6 5 2
136   1   1   1   2   2   2 0.04 0.02 0.03 0.15 0.02 0.06 1 1 0 1 0 1 5 6 1 2 4 3
137   1   6   1   4   2   2 0.04 0.02 0.03 0.10 0.02 0.06 1 1 0 1 0 1 1 3 4 6 2 5
138   1   4   1   5   2   2 0.04 0.02 0.03 0.10 0.02 0.06 1 1 0 1 1 1 5 2 1 3 6 4
139   1   8   1   4   0   1 0.09 0.09 0.17 0.29 0.02 0.08 0 1 1 0 1 1 2 6 5 3 1 4
140   1   2   1   4   0   2 0.04 0.02 0.03 0.05 0.02 0.02 1 0 1 0 1 1 5 3 1 6 4 2
141   1   4   1   9   2   2 0.04 0.02 0.03 0.05 0.02 0.02 1 1 1 1 0 1 3 1 2 5 6 4
142   1   8   1   9   2   2 0.04 0.02 0.03 0.02 0.02 0.02 1 1 1 1 0 1 2 4 6 5 1 3
143   1   4   1   9   1   2 0.02 0.02 0.02 0.02 0.02 0.02 1 1 1 1 1 0 2 3 4 1 6 5
144   1   6   1   8   0   1 0.09 0.09 0.17 0.29 0.02 0.08 0 1 1 1 1 0 5 2 3 4 6 1
145   1   8   1   6   0   2 0.02 0.02 0.02 0.02 0.02 0.02 1 1 0 1 1 0 2 5 4 1 6 3
146   1   9   1   8   1   2 0.02 0.02 0.02 0.02 0.02 0.02 1 1 1 1 1 0 1 2 5 3 4 6
147   1   4   1   7   1   1 0.12 0.09 0.17 0.29 0.02 0.08 1 1 1 0 1 1 3 1 2 6 4 5
148   1   6   1   7   0   1 0.12 0.09 0.17 0.29 0.02 0.08 1 1 0 0 1 1 5 6 2 1 3 4
149   1   9   1   6   0   1 0.12 0.09 0.17 0.32 0.02 0.08 1 1 0 0 1 1 6 2 1 5 4 3
150   1   4   1   4   2   2 0.02 0.02 0.02 0.02 0.02 0.02 1 1 0 0 1 1 2 4 3 5 1 6
151   1   5   1   5   2   2 0.02 0.02 0.02 0.02 0.02 0.02 1 1 0 1 1 1 5 3 4 1 6 2
152   0   5   1   5   0   1 0.12 0.09 0.20 0.32 0.02 0.08 1 1 0 0 1 1 6 5 1 2 4 3
153   1   5   1   7   2   1 0.12 0.09 0.20 0.32 0.02 0.08 1 1 0 1 1 1 5 2 3 4 1 6
154   1   3   1   4   1   2 0.02 0.02 0.02 0.02 0.02 0.02 1 1 1 1 1 0 3 2 5 1 4 6
155   1   1   1   3   0   1 0.07 0.09 0.20 0.32 0.02 0.03 0 1 1 1 1 0 4 2 3 5 6 1
156   1   8   1   4   0   2 0.02 0.02 0.02 0.02 0.02 0.02 0 1 0 1 1 1 4 2 5 6 1 3
157   1   7   1   5   0   2 0.02 0.02 0.05 0.02 0.02 0.02 0 1 1 0 1 1 6 5 2 3 1 4
158   1   9   1   6   0   1 0.07 0.09 0.20 0.32 0.02 0.03 1 1 1 0 1 0 5 1 3 2 6 4
159   1   6   1  -4   0   1 0.07 0.09 0.20 0.35 0.02 0.06 1 0 1 1 0 1 1 3 6 4 2 5
160   1   7   1   4   0   1 0.07 0.09 0.20 0.35 0.02 0.06 1 1 0 1 1 0 1 2 5 4 3 6
161   1   9   1   5   0   1 0.07 0.09 0.20 0.35 0.02 0.06 1 0 1 0 1 1 5 3 6 1 4 2
162   1   2   1   2   0   2 0.05 0.02 0.05 0.02 0.02 0.02 1 1 0 1 0 1 2 6 4 1 5 3
163   1   6   1   6   2   2 0.05 0.02 0.05 0.02 0.02 0.02 0 1 1 0 1 1 3 4 2 5 1 6
164   1   7   1   6   0   2 0.05 0.02 0.05 0.02 0.02 0.02 1 1 0 1 0 1 6 1 2 4 3 5
165   1   8   1   5   0   1 0.07 0.12 0.20 0.35 0.02 0.06 0 0 1 1 1 1 3 5 4 6 2 1
166   0   2   1 -10   3   1 0.10 0.12 0.20 0.35 0.02 0.06 0 1 1 1 1 1 2 5 6 1 3 4
167   1   7   1   8   0   2 0.05 0.02 0.08 0.02 0.05 0.02 1 1 0 0 1 1 5 6 1 2 3 4
168   1   6   1   5   0   1 0.10 0.12 0.20 0.35 0.02 0.06 0 1 0 1 1 1 4 2 6 5 3 1
169   1   9   1   5   0   1 0.10 0.12 0.23 0.35 0.02 0.06 0 1 1 1 1 0 2 5 3 4 6 1
170   1   7   1   6   0   1 0.13 0.12 0.23 0.35 0.02 0.09 0 1 0 1 1 1 4 6 2 5 3 1
171   0   1   1  -6   0   2 0.05 0.02 0.08 0.05 0.05 0.02 1 0 1 1 0 1 3 4 6 1 5 2
172   0   4   1   9   0   1 0.13 0.12 0.23 0.35 0.02 0.09 0 0 1 1 1 1 3 4 6 5 1 2
173   1   1   1   6   2   2 0.05 0.02 0.08 0.05 0.05 0.02 0 0 1 0 1 1 5 6 3 4 2 1
174   1   9   1   7   0   2 0.05 0.02 0.08 0.05 0.05 0.02 0 1 0 1 1 1 5 2 6 4 3 1
175   1   5   1   6   0   1 0.13 0.12 0.23 0.35 0.02 0.09 0 1 1 0 1 1 2 3 5 6 1 4
176   1   6   1   6   1   1 0.16 0.12 0.23 0.38 0.02 0.09 0 1 1 1 1 1 5 4 6 3 1 2
177   1   6   1   9   1   1 0.16 0.07 0.23 0.38 0.02 0.09 1 1 0 1 1 1 6 5 1 4 3 2
178   1   5   1   8   1   1 0.16 0.02 0.23 0.38 0.02 0.09 1 1 1 0 1 1 3 6 5 2 4 1
179   1   3   1   9   0   2 0.05 0.02 0.11 0.05 0.05 0.02 0 0 1 1 1 1 4 6 3 5 2 1
180   1   6   1   6   0   2 0.08 0.02 0.11 0.05 0.05 0.02 0 1 1 1 0 1 2 3 4 6 1 5
181   1   5   1   7   1   2 0.08 0.02 0.11 0.05 0.05 0.02 1 1 1 1 1 0 4 2 1 3 6 5
182   0   1   1  -8   3   1 0.11 0.02 0.23 0.38 0.02 0.09 1 1 1 0 1 1 1 5 3 2 6 4
183   1   3   1   5   0   2 0.08 0.02 0.11 0.05 0.02 0.02 0 0 1 1 1 1 4 6 3 5 2 1
184   1   6   1   5   1   1 0.11 0.02 0.23 0.38 0.02 0.09 1 1 1 1 1 0 1 3 2 4 6 5
185   1   9   1   6   0   2 0.11 0.05 0.11 0.05 0.02 0.02 0 1 1 1 0 1 2 3 4 6 1 5
186   1   7   1   6   0   1 0.11 0.02 0.23 0.38 0.02 0.09 1 1 1 0 0 1 3 6 2 1 5 4
187   1   7   1  -4   1   1 0.11 0.02 0.23 0.38 0.02 0.09 1 1 0 1 1 1 6 2 4 1 3 5
188   1   4   1   6   0   1 0.11 0.02 0.23 0.38 0.02 0.09 0 1 1 1 0 1 6 3 2 4 5 1
189   1   4   1   6   0   2 0.11 0.05 0.11 0.05 0.02 0.02 0 1 1 1 0 1 2 6 4 3 1 5
190   1   1   1   7   0   1 0.11 0.02 0.23 0.38 0.02 0.09 1 1 1 0 1 0 5 1 2 3 6 4
191   1   6   1   9   1   1 0.11 0.02 0.23 0.41 0.02 0.09 1 1 1 1 0 1 3 1 4 2 5 6
192   1   9   1   5   1   2 0.14 0.05 0.11 0.05 0.05 0.02 1 1 1 1 1 0 3 2 1 4 6 5
193   1   7   1   9   2   2 0.14 0.05 0.11 0.05 0.02 0.02 1 1 1 1 0 1 5 6 1 3 2 4
194   1   6   1   6   0   2 0.14 0.02 0.11 0.02 0.02 0.02 1 0 1 1 1 0 5 4 1 3 6 2
195   0   4   1   8   3   2 0.14 0.02 0.11 0.02 0.02 0.02 1 1 1 1 1 0 3 2 4 1 6 5
196   1   2   1   9   0   2 0.14 0.02 0.11 0.02 0.02 0.02 1 1 1 0 0 1 3 6 1 2 4 5
197   1   2   1   5   0   1 0.11 0.02 0.23 0.41 0.02 0.04 1 1 1 1 0 0 3 1 2 4 5 6
198   1   8   1   8   0   2 0.14 0.02 0.11 0.02 0.02 0.02 0 1 0 1 1 1 5 4 6 2 3 1
199   1   2   1   7   1   1 0.11 0.02 0.23 0.41 0.05 0.04 1 1 1 1 1 0 3 1 2 5 4 6
200   1   3   1   9   0   2 0.14 0.02 0.11 0.02 0.02 0.02 1 1 0 1 1 0 5 1 4 2 3 6
201   1   4   1   9   0   2 0.14 0.02 0.14 0.02 0.02 0.05 1 1 0 0 1 1 1 6 5 2 4 3
202   1   2   1   9   0   1 0.11 0.02 0.23 0.36 0.05 0.04 0 1 1 0 1 1 2 3 5 6 4 1
203   1   8   1   8   0   1 0.14 0.02 0.23 0.36 0.05 0.04 1 0 1 1 1 0 3 5 4 1 2 6
204   1   3   1   9   2   2 0.14 0.02 0.14 0.05 0.02 0.05 1 0 1 1 1 0 6 3 1 4 2 5
205   1   3   1   6   0   2 0.14 0.02 0.14 0.05 0.02 0.05 1 1 0 1 1 0 2 1 5 4 3 6
206   1   5   1   4   0   2 0.14 0.02 0.17 0.05 0.02 0.05 0 1 1 1 0 1 3 2 6 4 1 5
207   1   7   1   5   1   2 0.17 0.02 0.17 0.05 0.02 0.05 1 1 1 1 1 0 3 1 2 5 6 4
208   1   4   1  10   1   1 0.14 0.02 0.23 0.36 0.05 0.07 1 1 1 0 1 1 5 6 3 2 1 4
209   1   1   1  10   0   1 0.09 0.02 0.23 0.36 0.05 0.07 1 0 0 1 1 1 1 4 5 6 2 3
210   1   7   1   6   1   1 0.09 0.05 0.26 0.36 0.05 0.07 1 1 1 1 1 0 5 1 4 3 6 2
211   1   9   1   3   0   2 0.17 0.02 0.17 0.02 0.02 0.05 0 1 1 0 1 1 5 3 6 2 1 4
212   1   4   1   6   0   2 0.17 0.02 0.17 0.02 0.02 0.05 0 1 1 0 1 1 5 3 2 6 4 1
213   1   6   1   6   1   1 0.09 0.02 0.26 0.36 0.05 0.07 1 1 1 0 1 1 2 5 1 3 6 4
214   1   1   1   6   0   2 0.20 0.02 0.17 0.05 0.02 0.05 0 1 1 1 1 0 4 2 5 3 1 6
215   1   3   1   6   2   1 0.09 0.02 0.26 0.36 0.05 0.02 0 1 1 1 1 0 3 2 6 4 5 1
216   1   2   1   7   0   2 0.20 0.02 0.17 0.05 0.02 0.08 0 1 1 1 1 0 3 2 4 5 6 1
217   1   6   1   8   0   2 0.23 0.02 0.17 0.05 0.02 0.08 1 0 1 0 1 1 3 5 6 1 4 2
218   1   6   1   6   0   1 0.09 0.02 0.26 0.36 0.02 0.02 1 0 1 1 1 0 5 1 4 3 6 2
219   0   5   1  10   0   2 0.23 0.05 0.17 0.05 0.02 0.08 1 0 1 0 1 1 3 5 1 6 2 4
220   1   3   1   8   0   2 0.23 0.05 0.17 0.05 0.02 0.08 0 0 1 1 1 1 3 6 5 4 1 2
221   1   6   1   9   0   1 0.09 0.02 0.26 0.36 0.02 0.02 1 0 1 1 0 1 3 6 4 1 2 5
222   1   5   1   9   1   2 0.23 0.05 0.17 0.05 0.02 0.08 0 1 1 1 1 1 3 4 6 2 1 5
223   1   4   1   8   0   1 0.09 0.05 0.26 0.36 0.02 0.02 1 1 1 0 1 0 1 3 2 5 4 6
224   1   7   1   8   0   1 0.09 0.05 0.26 0.39 0.02 0.05 0 1 1 0 1 1 6 3 2 5 1 4
225   1   1   1   8   2   1 0.09 0.05 0.26 0.39 0.02 0.05 0 1 1 0 1 1 2 3 4 5 6 1
226   1   7   1   6   1   2 0.23 0.05 0.17 0.05 0.02 0.08 1 1 0 1 1 1 2 4 6 1 3 5
227   1   5   1   8   0   1 0.09 0.05 0.26 0.39 0.02 0.02 0 1 1 0 1 1 5 3 2 6 1 4
228   1   2   1   9   1   2 0.23 0.05 0.17 0.05 0.02 0.08 0 1 1 1 1 1 3 5 2 6 1 4
229   1   1   1   8   1   1 0.12 0.05 0.26 0.42 0.02 0.02 1 0 1 1 1 1 1 5 6 3 2 4
230   1   2   1   8   1   2 0.23 0.05 0.17 0.02 0.02 0.08 1 0 1 1 1 1 5 3 1 6 2 4
231   1   8   1   9   0   1 0.12 0.05 0.26 0.37 0.02 0.02 1 0 0 1 1 1 1 4 6 5 3 2
232   1   8   1   7   2   1 0.12 0.05 0.26 0.37 0.02 0.02 1 0 0 1 1 1 5 4 6 2 1 3
233   1   7   1   5   0   2 0.23 0.05 0.17 0.02 0.02 0.08 1 0 1 1 1 0 4 1 5 3 6 2
234   1   1   1   9   2   2 0.23 0.08 0.17 0.02 0.02 0.11 1 1 1 1 0 0 2 6 5 1 4 3
235   1   9   1   6   0   1 0.07 0.05 0.26 0.37 0.02 0.02 1 1 1 0 1 0 5 1 3 2 4 6
236   1   4   1   7   2   2 0.23 0.08 0.12 0.02 0.02 0.11 1 1 1 0 1 1 2 4 6 5 1 3
237   1   9   1   8   0   1 0.07 0.05 0.26 0.37 0.02 0.02 1 1 0 0 1 1 2 6 1 5 4 3
238   1   9   1   7   0   1 0.07 0.05 0.29 0.40 0.02 0.02 1 1 0 1 1 0 2 5 4 1 3 6
239   1   7   1   7   2   1 0.07 0.05 0.29 0.40 0.02 0.05 1 1 0 1 1 1 3 4 6 5 1 2
240   1   3   1   9   1   2 0.18 0.08 0.07 0.02 0.02 0.11 0 1 1 1 1 1 3 2 4 6 1 5
241   1   2   1   8   0   1 0.02 0.02 0.29 0.40 0.02 0.05 1 1 0 1 1 0 2 4 1 5 3 6
242   1   7   1   9   1   2 0.18 0.08 0.07 0.02 0.02 0.11 1 0 1 1 1 1 5 6 4 1 2 3
243   1   4   1   8   1   2 0.18 0.08 0.02 0.02 0.02 0.11 1 1 1 0 1 1 3 1 2 5 4 6
244   1   6   1   7   0   2 0.18 0.08 0.02 0.02 0.02 0.06 0 1 1 0 1 1 6 2 3 5 4 1
245   1   3   1   7   0   1 0.02 0.02 0.32 0.40 0.02 0.05 1 0 1 0 1 1 3 6 1 5 4 2
246   1   5   1   8   0   2 0.18 0.08 0.02 0.02 0.02 0.06 1 0 1 1 1 0 3 4 5 1 6 2
247   1   5   1   5   0   1 0.02 0.02 0.32 0.40 0.02 0.05 0 1 1 1 1 0 3 5 2 4 6 1
248   1   6   1   5   0   2 0.18 0.08 0.02 0.02 0.02 0.06 1 0 0 1 1 1 6 5 4 1 3 2
249   1   8   1   7   1   1 0.02 0.02 0.32 0.40 0.02 0.08 0 1 1 1 1 1 2 4 3 5 1 6
250   1   2   1   6   0   2 0.18 0.11 0.02 0.02 0.02 0.06 1 1 0 1 0 1 1 2 6 4 5 3
251   1   2   1   4   0   2 0.18 0.11 0.05 0.02 0.02 0.06 1 0 1 1 0 1 1 3 4 6 2 5
252   1   1   1   6   0   1 0.02 0.02 0.32 0.40 0.02 0.03 0 1 1 1 1 0 5 3 4 2 1 6
253   1   1   1   5   0   2 0.18 0.11 0.05 0.02 0.05 0.06 0 1 1 0 1 1 6 3 2 5 4 1
254   1   9   1   8   0   2 0.21 0.11 0.05 0.05 0.05 0.06 0 1 0 1 1 1 4 2 5 6 1 3
255   1   8   1   4   0   1 0.05 0.02 0.32 0.40 0.02 0.03 1 0 1 1 1 0 5 4 1 3 2 6
256   1   3   1   6   0   1 0.05 0.05 0.32 0.40 0.02 0.06 1 1 0 1 0 1 6 4 1 2 3 5
257   1   9   1   5   0   1 0.05 0.05 0.32 0.40 0.05 0.06 1 0 1 1 0 1 3 6 4 1 2 5
258   1   5   1   5   0   1 0.05 0.05 0.32 0.40 0.05 0.06 0 1 1 0 1 1 5 6 2 3 4 1
259   1   8   1   9   0   1 0.05 0.05 0.32 0.43 0.05 0.06 1 1 0 0 1 1 6 2 5 1 4 3
260   1   2   1   6   0   1 0.05 0.05 0.35 0.43 0.05 0.06 1 0 1 1 1 0 5 1 3 4 6 2
261   1   2   1   8   0   1 0.05 0.08 0.35 0.43 0.05 0.06 1 0 0 1 1 1 1 5 6 4 2 3
262   0   6   1  10   0   2 0.21 0.11 0.05 0.05 0.05 0.06 1 0 1 1 0 1 3 6 1 4 2 5
263   1   2   1   6   0   1 0.05 0.08 0.35 0.43 0.05 0.06 1 1 1 0 0 1 3 6 2 1 5 4
264   1   9   1   6   0   2 0.21 0.11 0.05 0.05 0.05 0.06 0 1 1 1 0 1 4 3 6 2 5 1
265   1   8   1   7   0   1 0.05 0.08 0.35 0.46 0.08 0.06 1 1 1 0 0 1 3 6 2 1 4 5
266   1   2   1   7   2   2 0.24 0.11 0.05 0.05 0.05 0.06 0 1 1 1 0 1 4 5 3 2 6 1
267   1   6   1   9   1   1 0.05 0.08 0.35 0.46 0.08 0.06 1 1 1 1 1 1 1 2 5 4 3 6
268   1   4   1   6   1   1 0.05 0.08 0.30 0.46 0.08 0.02 1 1 1 1 1 0 4 5 2 1 3 6
269   1   8   1   7   2   1 0.05 0.08 0.25 0.46 0.08 0.02 1 1 1 0 1 1 6 5 4 2 3 1
270   1   5   1   9   1   2 0.24 0.11 0.05 0.05 0.05 0.02 1 1 1 1 0 1 2 4 1 3 6 5
271   0   6   1  10   3   1 0.02 0.08 0.20 0.46 0.08 0.02 1 1 1 1 0 1 2 3 6 4 1 5
272   0   1   1  -9   0   1 0.02 0.08 0.20 0.46 0.08 0.02 1 1 1 0 1 0 3 2 5 1 6 4
273   1   4   1   8   0   2 0.24 0.11 0.05 0.05 0.05 0.02 0 1 1 0 1 1 5 6 2 3 1 4
274   1   7   1   8   1   2 0.24 0.11 0.05 0.05 0.05 0.02 1 1 1 0 1 1 3 6 1 2 4 5
275   1   8   1   9   0   2 0.24 0.11 0.05 0.05 0.02 0.02 1 1 0 0 1 1 6 5 2 1 4 3
276   1   6   1   7   0   2 0.24 0.11 0.08 0.08 0.02 0.02 1 1 0 0 1 1 5 6 1 2 4 3
277   1   1   1   6   2   2 0.24 0.11 0.08 0.08 0.02 0.02 1 1 0 0 1 1 6 2 5 3 1 4
278   1   9   1   5   0   1 0.02 0.08 0.20 0.46 0.08 0.02 1 0 1 1 0 1 6 4 3 1 5 2
279   1   8   1   7   0   2 0.19 0.11 0.08 0.08 0.02 0.02 1 0 1 1 0 1 6 1 4 3 5 2
280   1   3   1   7   0   2 0.19 0.14 0.08 0.08 0.02 0.02 1 0 1 1 1 0 3 4 1 5 2 6
281   1   1   1   8   2   2 0.19 0.14 0.08 0.08 0.02 0.02 1 0 1 0 1 1 2 3 4 6 1 5
282   1   7   1   7   0   2 0.14 0.14 0.08 0.08 0.02 0.02 1 1 1 0 0 1 1 3 2 6 4 5
283   1   2   1   9   0   1 0.02 0.11 0.20 0.46 0.11 0.02 1 0 0 1 1 1 6 4 5 1 2 3
284   1   3   1   7   0   2 0.14 0.14 0.08 0.11 0.02 0.02 0 1 1 1 0 1 4 6 3 2 5 1
285   0   2   1 -10   0   2 0.14 0.14 0.08 0.11 0.05 0.02 1 1 1 0 1 0 3 1 2 5 4 6
286   1   7   1   8   1   1 0.02 0.11 0.20 0.46 0.11 0.02 0 1 1 1 1 1 3 6 2 4 5 1
287   1   4   1   6   0   1 0.02 0.11 0.20 0.46 0.06 0.02 1 1 1 0 1 0 1 3 2 5 6 4
288   1   5   1   8   0   2 0.14 0.14 0.08 0.11 0.05 0.02 1 1 1 0 1 0 2 3 5 1 6 4
289   0   3   1 -10   0   2 0.14 0.14 0.08 0.11 0.05 0.05 1 1 1 0 1 0 3 2 5 1 6 4
290   1   6   1   7   0   1 0.02 0.11 0.20 0.49 0.06 0.02 0 1 0 1 1 1 5 6 4 2 1 3
291   1   4   1   9   2   2 0.14 0.14 0.08 0.11 0.05 0.05 0 1 1 0 1 1 3 4 2 5 6 1
292   1   1   1   6   0   2 0.14 0.14 0.08 0.11 0.05 0.02 0 1 0 1 1 1 2 5 6 4 3 1
293   1   1   1   6   0   2 0.17 0.14 0.11 0.11 0.05 0.02 1 1 0 1 1 0 5 4 1 2 3 6
294   1   6   1   8   0   2 0.17 0.14 0.11 0.11 0.05 0.02 1 1 1 1 0 0 4 3 1 2 6 5
295   1   9   1  10   2   2 0.17 0.14 0.11 0.11 0.05 0.05 0 1 1 1 1 0 3 6 4 2 5 1
296   1   8   1   8   0   2 0.17 0.14 0.11 0.11 0.02 0.05 1 1 0 0 1 1 2 6 5 1 4 3
297   1   3   1   8   0   1 0.02 0.11 0.23 0.49 0.06 0.02 1 0 1 1 0 1 3 1 4 6 2 5
298   1   7   1   8   0   2 0.17 0.14 0.14 0.14 0.02 0.05 1 1 1 0 0 1 3 1 2 6 4 5
299   0   3   1 -10   0   2 0.17 0.14 0.14 0.14 0.02 0.05 0 1 1 1 1 0 5 4 3 2 6 1
300   1   5   1   6   2   1 0.02 0.14 0.23 0.49 0.06 0.02 0 1 1 0 1 1 6 4 2 5 1 3
301   1   4   1   8   0   2 0.17 0.14 0.14 0.14 0.02 0.05 1 1 1 0 0 1 3 2 6 1 5 4
302   1   9   1   5   0   2 0.17 0.14 0.14 0.17 0.05 0.05 1 0 0 1 1 1 6 4 5 1 3 2
303   1   6   1   7   1   2 0.17 0.17 0.14 0.17 0.05 0.05 1 0 1 1 1 1 5 6 3 1 2 4
304   1   7   1   9   0   2 0.17 0.17 0.14 0.12 0.05 0.05 0 0 1 1 1 1 3 6 4 5 1 2
305   1   5   1   8   0   1 0.02 0.14 0.18 0.49 0.06 0.02 0 1 1 1 1 0 4 5 3 2 1 6
306   1   1   1   8   0   1 0.05 0.14 0.18 0.49 0.06 0.05 0 1 1 1 1 0 4 2 5 3 1 6
307   1   5   1   8   0   2 0.17 0.17 0.14 0.12 0.05 0.05 0 1 1 1 0 1 6 2 4 3 1 5
308   0   2   1 -10   0   1 0.05 0.14 0.18 0.49 0.06 0.05 1 0 1 1 0 1 3 1 4 6 5 2
309   1   7   1   6   0   2 0.20 0.17 0.14 0.12 0.05 0.05 1 1 1 0 0 1 1 6 3 2 4 5
310   0   1   1 -10   0   2 0.20 0.17 0.14 0.12 0.08 0.05 0 1 1 1 0 1 3 4 2 6 1 5
311   1   3   1   8   0   1 0.05 0.14 0.18 0.49 0.06 0.05 0 1 1 0 1 1 5 3 6 2 4 1
312   1   1   1   6   0   2 0.20 0.17 0.14 0.12 0.08 0.05 0 1 1 0 1 1 5 6 3 2 1 4
