  1   1   9   2   3   0   2 0.20 0.40 0.20 0.20 0.20 0.10 1 1 0 1 0 1
  2   1   9   2   3   1   1 0.50 0.70 0.50 0.50 0.50 0.40 1 1 1 1 0 1
  3   1   4   2   3   2   2 0.20 0.40 0.20 0.20 0.20 0.10 0 1 1 1 0 1
  4   1   4   1   2   1   1 0.40 0.60 0.40 0.40 0.40 0.30 1 1 0 1 1 1
  5   1   5   2   2   0   2 0.20 0.40 0.20 0.20 0.20 0.05 1 0 1 1 0 1
  6   1   3   1   3   1   1 0.40 0.60 0.40 0.35 0.40 0.30 1 0 1 1 1 1
  7   1   7   2   5   1   1 0.50 0.65 0.50 0.50 0.50 0.40 1 1 1 1 1 1
  8   1   7   2   5   1   1 0.50 0.60 0.50 0.45 0.50 0.40 1 1 1 1 1 1
  9   1   9   2   3   0   2 0.20 0.40 0.20 0.20 0.23 0.05 0 0 1 1 1 1
 10   1   1   1   2   1   1 0.40 0.60 0.40 0.35 0.35 0.30 1 1 0 1 1 1
 11   1   2   2   3   1   2 0.20 0.43 0.20 0.20 0.23 0.05 0 1 1 1 1 1
 12   0  10   2   0   0   2 0.20 0.43 0.20 0.20 0.23 0.02 0 1 0 1 1 1
 13   1   5   1   1   1   1 0.40 0.60 0.40 0.30 0.35 0.30 1 1 0 1 1 1
 14   1   3   2   3   1   2 0.20 0.43 0.20 0.20 0.23 0.02 1 0 1 1 1 1
 15   1   1   2   2   1   1 0.45 0.60 0.50 0.40 0.50 0.40 1 1 1 1 1 1
 16   1   1   1   3   0   2 0.20 0.40 0.20 0.20 0.20 0.10 1 1 0 0 1 1
 17   1   7   1   4   0   1 0.40 0.60 0.40 0.30 0.35 0.25 1 0 1 1 0 1
 18   1   1   2   5   1   1 0.45 0.60 0.50 0.35 0.45 0.40 1 1 1 1 1 1
 19   1   9   2   2   0   1 0.45 0.55 0.50 0.35 0.40 0.40 0 0 1 1 1 1
 20   1   8   2   2   0   2 0.20 0.43 0.20 0.20 0.23 0.02 1 1 0 0 1 1
 21   0  10   2   0   0   1 0.45 0.55 0.50 0.35 0.40 0.40 1 1 0 1 1 0
 22   0  10   2   1   0   2 0.20 0.43 0.23 0.20 0.23 0.02 1 1 0 0 1 1
 23   1   5   1   1   1   1 0.40 0.60 0.40 0.30 0.35 0.25 0 1 1 1 1 1
 24   1   4   1   3   1   2 0.20 0.40 0.20 0.20 0.20 0.10 1 1 0 1 1 1
 25   1   2   1   4   0   2 0.20 0.40 0.20 0.20 0.20 0.05 1 0 0 1 1 1
 26   1   1   1   3   1   1 0.40 0.60 0.40 0.30 0.30 0.25 1 1 1 0 1 1
 27   1   9   2   2   0   2 0.20 0.43 0.23 0.20 0.23 0.02 0 1 1 1 1 0
 28   1   4   2   2   0   2 0.23 0.43 0.23 0.20 0.23 0.02 0 1 1 1 0 1
 29   1   6   1   2   1   2 0.20 0.40 0.23 0.20 0.20 0.05 1 1 1 1 0 1
 30   1   4   2   2   0   2 0.23 0.43 0.23 0.20 0.23 0.02 0 1 0 1 1 1
 31   1   5   2   2   0   1 0.45 0.55 0.50 0.35 0.40 0.40 1 0 0 1 1 1
 32   1   7   2   2   0   2 0.26 0.43 0.23 0.20 0.23 0.02 1 0 1 0 1 1
 33   1   2   1   3   1   1 0.40 0.60 0.40 0.30 0.25 0.25 1 1 1 0 1 1
 34   1   5   1   4   0   1 0.40 0.55 0.40 0.30 0.25 0.25 0 1 0 1 1 1
 35   1   9   2   2   0   1 0.45 0.58 0.50 0.35 0.40 0.40 1 0 1 1 0 1
 36   1   7   1   3   1   2 0.20 0.40 0.23 0.15 0.20 0.05 1 1 1 1 0 1
 37   1   7   1   2   0   1 0.40 0.55 0.40 0.30 0.25 0.25 1 1 1 0 1 0
 38   1   8   1   3   0   1 0.40 0.55 0.40 0.30 0.25 0.25 0 1 0 1 1 1
 39   0  11   2   4   0   2 0.26 0.43 0.23 0.23 0.23 0.02 0 1 0 1 1 1
 40   1   2   2   2   0   2 0.26 0.43 0.23 0.23 0.23 0.02 1 1 0 0 1 1
 41   0   8   2  -2   3   1 0.45 0.58 0.50 0.35 0.40 0.40 1 1 0 1 0 1
 42   1   5   2   1   0   2 0.26 0.43 0.26 0.23 0.23 0.02 1 1 0 1 0 1
 43   1   6   1   3   0   2 0.20 0.40 0.23 0.15 0.20 0.02 0 1 1 1 0 1
 44   0   9   2  -3   2   1 0.45 0.58 0.50 0.35 0.40 0.40 1 1 0 0 1 0
 45   1   4   1   2   2   1 0.43 0.55 0.43 0.30 0.25 0.25 1 1 0 1 0 1
 46   1   3   2   2   1   1 0.45 0.58 0.50 0.35 0.40 0.40 1 1 1 1 1 1
 47   1   3   2   2   1   1 0.40 0.58 0.45 0.35 0.40 0.40 1 1 1 1 1 0
 48   1   2   1   3   0   2 0.20 0.40 0.23 0.15 0.20 0.02 0 0 1 1 1 1
 49   0   1   1   0   0   2 0.23 0.43 0.23 0.15 0.20 0.02 0 1 0 1 1 1
 50   1   8   2   1   1   1 0.40 0.58 0.45 0.35 0.35 0.40 1 1 1 0 1 1
 51   1   8   2   1   0   2 0.26 0.43 0.26 0.23 0.26 0.02 1 1 1 0 1 0
 52   0   7   2   0   3   1 0.40 0.58 0.45 0.35 0.30 0.40 1 1 1 0 1 0
 53   1   8   2   1   0   1 0.40 0.58 0.45 0.35 0.30 0.40 1 1 0 0 1 1
 54   1   5   2   1   0   2 0.26 0.43 0.26 0.26 0.26 0.05 1 1 1 0 1 0
 55   1   8   1   3   0   1 0.43 0.55 0.43 0.30 0.25 0.20 1 1 1 0 0 1
 56   1   9   1   2   1   1 0.43 0.55 0.43 0.33 0.25 0.20 1 0 1 1 1 1
 57   0   6   1   5   3   1 0.38 0.55 0.43 0.33 0.25 0.20 1 1 1 1 0 1
 58   1   3   2   3   1   1 0.40 0.58 0.45 0.35 0.30 0.40 1 1 1 1 0 1
 59   1   8   2   3   0   1 0.40 0.58 0.45 0.35 0.30 0.35 0 1 1 1 1 0
 60   1   3   1   2   0   2 0.23 0.43 0.23 0.15 0.20 0.02 0 1 1 0 1 1
 61   1   9   1   3   0   2 0.23 0.43 0.23 0.15 0.20 0.02 1 1 1 0 0 1
 62   1   4   2   2   0   2 0.26 0.43 0.26 0.26 0.26 0.05 0 1 1 0 1 1
 63   1   8   1   4   0   1 0.38 0.55 0.43 0.33 0.25 0.20 0 1 1 1 0 1
 64   1   7   1   3   0   2 0.23 0.43 0.23 0.18 0.23 0.02 1 1 1 0 1 0
 65   0  11   2   2   0   1 0.40 0.58 0.45 0.35 0.30 0.35 1 1 0 0 1 1
 66   1   8   1   2   0   2 0.23 0.43 0.23 0.18 0.23 0.02 1 0 1 1 1 0
 67   1   1   1   2   0   1 0.38 0.55 0.43 0.33 0.28 0.20 1 0 1 1 1 0
 68   0   1   1   0   0   1 0.38 0.55 0.43 0.33 0.28 0.20 1 1 1 0 0 1
 69   1   1   1   3   0   2 0.23 0.43 0.23 0.18 0.23 0.05 0 0 1 1 1 1
 70   1   6   2   2   2   1 0.40 0.58 0.45 0.35 0.30 0.35 0 1 1 1 0 1
 71   1   2   2   2   0   1 0.40 0.58 0.45 0.30 0.30 0.35 1 0 0 1 1 1
 72   1   2   1   3   0   1 0.38 0.55 0.43 0.33 0.28 0.20 1 0 0 1 1 1
 73   1   9   1   2   0   2 0.26 0.46 0.23 0.18 0.23 0.05 1 0 0 1 1 1
 74   1   9   1   2   1   1 0.38 0.58 0.43 0.33 0.28 0.20 1 1 1 0 1 1
 75   1   2   2   3   0   2 0.26 0.43 0.26 0.29 0.26 0.05 1 1 1 0 1 0
 76   1   9   1   2   1   2 0.26 0.46 0.23 0.18 0.23 0.05 0 1 1 1 1 1
 77   1   7   2   3   1   2 0.26 0.43 0.26 0.29 0.26 0.08 1 1 1 0 1 1
 78   1   1   2   3   0   2 0.26 0.43 0.26 0.29 0.21 0.08 1 1 1 0 1 0
 79   1   5   1   4   0   2 0.26 0.46 0.23 0.18 0.18 0.05 0 1 1 0 1 1
 80   1   7   1   2   0   1 0.33 0.58 0.43 0.33 0.28 0.20 0 1 1 1 1 0
 81   1   3   1   2   1   1 0.33 0.58 0.43 0.33 0.28 0.23 1 1 1 0 1 1
 82   1   2   1   4   1   1 0.33 0.58 0.43 0.33 0.28 0.18 0 1 1 1 1 1
 83   1   2   1   4   2   1 0.33 0.58 0.43 0.33 0.23 0.18 0 1 1 1 0 1
 84   1   6   1   3   0   1 0.33 0.58 0.43 0.33 0.23 0.13 1 1 0 1 1 0
 85   1   4   1   4   0   1 0.33 0.58 0.46 0.33 0.23 0.13 1 0 1 1 0 1
 86   1   2   1   2   2   2 0.26 0.46 0.23 0.21 0.18 0.05 1 1 0 1 0 1
 87   1   7   1   3   0   1 0.33 0.58 0.46 0.33 0.23 0.13 0 1 1 0 1 1
 88   1   1   2   2   0   2 0.26 0.43 0.26 0.32 0.21 0.08 1 1 1 0 1 0
 89   1   9   1   1   0   2 0.26 0.46 0.23 0.21 0.18 0.02 1 0 0 1 1 1
 90   1   6   2   2   0   2 0.26 0.43 0.26 0.32 0.21 0.11 1 0 1 0 1 1
 91   1   6   2   3   0   2 0.26 0.46 0.26 0.35 0.21 0.11 0 1 1 1 1 0
 92   1   4   2   2   0   1 0.40 0.61 0.48 0.30 0.30 0.35 1 1 0 0 1 1
 93   1   4   1   2   1   2 0.26 0.49 0.26 0.21 0.18 0.02 1 1 1 0 1 1
 94   1   3   2   2   0   2 0.29 0.46 0.26 0.35 0.21 0.11 0 1 1 0 1 1
 95   1   6   1   3   0   2 0.26 0.49 0.26 0.21 0.13 0.02 1 0 0 1 1 1
 96   0   9   2  -2   3   1 0.40 0.61 0.48 0.30 0.30 0.35 1 0 0 1 1 1
 97   1   6   2   2   0   2 0.29 0.46 0.26 0.35 0.21 0.11 0 1 1 0 1 1
 98   1   2   1   2   0   2 0.26 0.49 0.26 0.21 0.13 0.02 1 1 1 1 0 0
 99   1   1   2   2   0   1 0.40 0.61 0.48 0.30 0.30 0.35 1 1 1 1 0 0
100   1   9   1   3   0   1 0.36 0.58 0.46 0.33 0.23 0.13 1 0 1 1 1 0
101   1   3   1   2   0   2 0.26 0.49 0.26 0.21 0.13 0.02 1 0 1 1 0 1
102   1   2   2   3   1   1 0.40 0.61 0.48 0.30 0.30 0.38 1 1 1 0 1 1
103   1   5   2   3   1   2 0.32 0.46 0.26 0.38 0.21 0.11 1 1 1 1 1 1
104   0   6   1   3   0   1 0.36 0.61 0.46 0.33 0.23 0.16 1 0 1 1 1 0
105   1   6   1   2   2   2 0.26 0.52 0.26 0.21 0.16 0.02 1 0 0 1 1 1
106   1   3   2  -1   1   2 0.32 0.46 0.21 0.38 0.16 0.11 1 1 1 1 1 1
107   1   1   1   3   1   1 0.36 0.61 0.46 0.33 0.23 0.16 1 1 1 1 1 1
108   1   8   2   3   1   2 0.32 0.41 0.21 0.33 0.16 0.11 1 1 1 1 1 1
109   1   8   1   3   1   2 0.26 0.52 0.26 0.16 0.16 0.02 1 1 1 1 0 1
110   1   6   2   3   1   1 0.40 0.61 0.43 0.30 0.30 0.38 1 1 1 1 1 1
111   1   8   1   4   1   2 0.26 0.47 0.26 0.16 0.16 0.02 1 1 0 1 1 1
112   1   6   1   4   1   1 0.31 0.61 0.46 0.33 0.23 0.11 1 1 1 1 1 1
113   1   4   1   2   1   2 0.26 0.47 0.26 0.11 0.16 0.02 0 1 1 1 1 1
114   0   1   1   1   0   1 0.31 0.56 0.46 0.28 0.23 0.11 1 0 1 1 0 1
115   1   1   1   3   1   2 0.26 0.47 0.26 0.11 0.16 0.02 1 1 0 1 1 1
116   1   2   2   3   0   1 0.35 0.56 0.43 0.30 0.30 0.38 1 1 1 1 0 0
117   1   6   2   2   2   1 0.35 0.56 0.43 0.30 0.33 0.38 1 1 0 1 1 0
118   1   9   1   4   0   1 0.31 0.56 0.46 0.28 0.23 0.11 1 1 0 1 1 0
119   0   5   1   4   0   2 0.26 0.42 0.26 0.11 0.16 0.02 0 1 0 1 1 1
120   1   2   1   3   0   1 0.31 0.56 0.46 0.28 0.23 0.11 0 1 1 0 1 1
121   1   2   1   3   0   1 0.31 0.56 0.46 0.28 0.23 0.11 1 1 1 0 1 0
122   1   4   1   3   0   2 0.26 0.42 0.26 0.11 0.16 0.02 1 1 1 0 1 0
123   1   2   2   2   0   1 0.30 0.56 0.43 0.30 0.33 0.38 1 1 0 1 0 1
124   1   7   1   3   0   2 0.26 0.42 0.26 0.11 0.16 0.02 1 1 1 0 1 0
125   0   3   1  -2   0   2 0.26 0.42 0.26 0.14 0.16 0.05 0 1 1 0 1 1
126   1   8   2   2   1   1 0.30 0.56 0.43 0.30 0.33 0.38 1 1 1 0 1 1
127   1   6   2   2   1   1 0.25 0.56 0.43 0.30 0.33 0.38 1 1 1 0 1 1
128   1   2   2   3   0   2 0.32 0.41 0.21 0.33 0.11 0.06 0 1 1 1 0 1
129   1   7   2   2   0   1 0.25 0.51 0.43 0.30 0.33 0.38 0 0 1 1 1 1
130   0  12   2   3   0   2 0.32 0.41 0.21 0.33 0.11 0.06 0 0 1 1 1 1
131   1   7   1   2   0   1 0.31 0.56 0.46 0.31 0.23 0.14 0 1 1 0 1 1
132   1   8   2   3   1   1 0.25 0.51 0.43 0.30 0.33 0.38 1 1 1 1 1 1
133   1   9   1   3   0   2 0.26 0.42 0.26 0.14 0.16 0.05 1 0 0 1 1 1
134   1   7   1   3   0   2 0.26 0.42 0.29 0.14 0.16 0.05 1 1 1 0 0 1
135   1   7   1   3   0   1 0.34 0.56 0.46 0.31 0.23 0.14 0 1 0 1 1 1
136   1   1   2   2   1   1 0.25 0.51 0.38 0.25 0.33 0.38 1 0 1 1 1 1
137   0  11   2   2   0   2 0.32 0.41 0.21 0.33 0.11 0.06 0 1 1 1 1 0
138   1   6   1   2   0   1 0.34 0.56 0.49 0.31 0.23 0.14 1 1 1 0 1 0
139   1   4   2   2   0   2 0.32 0.41 0.21 0.33 0.11 0.06 1 1 0 0 1 1
140   0   2   1  -2   3   2 0.26 0.42 0.29 0.14 0.16 0.05 0 1 1 1 0 1
141   1   3   1   3   0   1 0.34 0.56 0.49 0.34 0.23 0.14 1 1 0 1 0 1
142   1   5   2   2   0   2 0.32 0.41 0.21 0.33 0.11 0.06 1 1 0 1 0 1
143   0   2   1  -2   0   1 0.34 0.56 0.49 0.34 0.26 0.14 0 1 0 1 1 1
144   1   7   1   2   0   2 0.26 0.42 0.29 0.14 0.16 0.05 1 1 0 1 1 0
145   1   6   2   2   0   1 0.25 0.51 0.33 0.25 0.33 0.38 1 1 0 0 1 1
146   1   4   2   2   1   1 0.25 0.51 0.33 0.25 0.33 0.38 1 1 1 1 0 1
147   0   8   2  -3   0   2 0.32 0.41 0.24 0.33 0.14 0.06 0 1 0 1 1 1
148   0   8   2  -3   0   1 0.25 0.51 0.33 0.25 0.33 0.33 1 0 1 0 1 1
149   1   6   1   3   0   1 0.34 0.56 0.49 0.34 0.26 0.14 0 0 1 1 1 1
150   0   2   1  -2   0   2 0.26 0.42 0.29 0.14 0.16 0.05 1 1 0 0 1 1
151   1   2   1   3   1   1 0.37 0.56 0.49 0.34 0.26 0.14 1 1 1 1 1 0
152   1   4   2   2   0   2 0.32 0.41 0.24 0.33 0.14 0.06 1 1 0 1 0 1
153   1   8   1   2   1   2 0.26 0.42 0.29 0.14 0.16 0.05 1 1 1 1 0 1
154   1   9   2   2   1   1 0.25 0.51 0.33 0.25 0.33 0.33 0 1 1 1 1 1
155   0   8   2  -2   0   2 0.32 0.41 0.24 0.33 0.14 0.06 1 1 1 1 0 0
156   1   1   2   2   0   2 0.32 0.41 0.24 0.33 0.14 0.06 1 1 1 0 1 0
157   1   6   2   2   1   1 0.25 0.51 0.28 0.25 0.33 0.33 1 1 1 1 0 1
158   1   5   1   3   1   2 0.26 0.42 0.29 0.14 0.16 0.02 1 1 1 1 0 1
159   0   7   2  -2   3   1 0.20 0.51 0.28 0.25 0.33 0.33 1 1 1 0 1 1
160   1   6   1   2   1   2 0.26 0.37 0.29 0.14 0.16 0.02 1 1 1 1 1 0
161   1   1   1   2   1   1 0.32 0.56 0.49 0.34 0.26 0.14 1 1 1 1 1 1
162   1   5   2   4   1   1 0.20 0.51 0.28 0.25 0.33 0.33 1 1 1 1 1 1
163   1   3   2   2   1   2 0.32 0.41 0.24 0.36 0.14 0.06 1 1 1 1 0 1
164   1   3   2   2   1   2 0.32 0.41 0.24 0.31 0.14 0.06 1 1 0 1 1 1
165   1   4   1   3   1   2 0.26 0.37 0.24 0.14 0.16 0.02 1 1 1 0 1 1
166   1   9   1   4   1   1 0.32 0.56 0.44 0.34 0.26 0.09 1 1 1 1 1 1
167   1   5   1   3   1   2 0.21 0.37 0.24 0.14 0.16 0.02 1 0 1 1 1 1
168   0   2   1  -2   0   1 0.32 0.51 0.44 0.34 0.21 0.09 1 1 0 0 1 1
169   1   4   2   3   1   2 0.32 0.41 0.24 0.31 0.14 0.02 1 1 1 1 0 1
170   0   5   1   4   0   1 0.32 0.51 0.44 0.34 0.21 0.09 1 1 0 1 0 1
171   0  12   2   3   0   1 0.20 0.51 0.28 0.25 0.28 0.28 1 0 1 0 1 1
172   1   8   1   2   1   1 0.32 0.51 0.44 0.34 0.21 0.09 0 1 1 1 1 1
173   0  10   2   3   0   1 0.20 0.51 0.28 0.25 0.28 0.28 0 0 1 1 1 1
174   1   5   1   3   1   2 0.21 0.37 0.19 0.14 0.16 0.02 1 1 1 1 0 1
175   0  12   2   2   0   2 0.32 0.41 0.24 0.31 0.14 0.02 0 1 1 1 0 1
176   1   5   1   3   2   2 0.16 0.37 0.19 0.14 0.16 0.02 0 1 1 1 0 1
177   1   4   1   2   0   2 0.16 0.37 0.19 0.09 0.16 0.02 0 1 0 1 1 1
178   0   4   1   2   0   1 0.32 0.51 0.39 0.34 0.21 0.09 0 1 0 1 1 1
179   1   1   2   3   0   2 0.32 0.41 0.24 0.31 0.14 0.02 1 1 1 0 1 0
180   1   9   2   2   0   2 0.32 0.41 0.24 0.31 0.14 0.02 0 1 1 0 1 1
181   1   4   1   3   0   1 0.32 0.51 0.39 0.34 0.21 0.09 1 0 0 1 1 1
182   1   3   1   3   0   1 0.32 0.51 0.39 0.34 0.21 0.09 0 1 1 1 0 1
183   1   1   2   3   0   2 0.35 0.41 0.24 0.34 0.14 0.02 1 1 1 0 0 1
184   0   2   1  -3   0   1 0.32 0.51 0.39 0.34 0.21 0.09 1 0 0 1 1 1
185   1   1   1   2   0   2 0.16 0.37 0.19 0.09 0.16 0.02 1 0 1 1 1 0
186   1   7   2   2   0   1 0.20 0.51 0.28 0.25 0.28 0.28 1 1 0 0 1 1
187   1   7   2   2   0   1 0.20 0.51 0.28 0.28 0.28 0.28 1 1 1 1 0 0
188   1   3   2   3   0   2 0.35 0.41 0.24 0.34 0.17 0.02 1 1 1 0 0 1
189   1   3   1   3   0   2 0.16 0.37 0.19 0.09 0.16 0.02 1 0 1 1 0 1
190   1   4   2   3   0   1 0.20 0.51 0.28 0.28 0.28 0.28 0 1 0 1 1 1
191   1   7   2   3   0   1 0.20 0.51 0.31 0.28 0.28 0.28 0 1 0 1 1 1
192   1   8   1   2   0   2 0.16 0.40 0.19 0.09 0.19 0.02 1 1 1 0 0 1
193   1   6   1   3   0   1 0.32 0.51 0.39 0.34 0.21 0.09 1 1 1 0 1 0
194   1   8   1   3   0   2 0.16 0.40 0.19 0.09 0.19 0.02 1 1 0 1 1 0
195   0   5   1   3   0   1 0.32 0.51 0.39 0.34 0.21 0.09 0 1 1 1 0 1
196   1   2   2   2   2   1 0.23 0.51 0.31 0.28 0.28 0.28 1 1 0 1 0 1
197   1   8   2   2   0   2 0.35 0.41 0.24 0.37 0.17 0.02 1 1 0 1 1 0
198   1   1   1   3   0   1 0.32 0.51 0.39 0.34 0.21 0.09 1 0 1 1 0 1
199   1   3   2   3   0   1 0.23 0.46 0.31 0.28 0.28 0.28 0 1 1 1 0 1
200   1   7   1   2   0   1 0.32 0.54 0.39 0.34 0.24 0.09 0 1 1 1 0 1
201   1   4   1   3   1   1 0.35 0.54 0.39 0.34 0.24 0.09 1 1 1 1 0 1
202   1   3   1   3   0   2 0.16 0.40 0.22 0.09 0.19 0.05 0 1 1 1 1 0
203   1   3   2   3   0   2 0.35 0.41 0.27 0.37 0.17 0.05 0 1 1 1 1 0
204   1   2   1   3   0   1 0.35 0.54 0.39 0.34 0.24 0.04 1 1 1 0 1 0
205   1   6   1   2   0   1 0.35 0.54 0.39 0.37 0.24 0.04 1 0 1 1 1 0
206   1   5   2   1   2   1 0.23 0.46 0.31 0.28 0.31 0.28 0 1 1 1 0 1
207   1   2   2   3   0   2 0.35 0.41 0.27 0.37 0.17 0.05 0 1 1 1 1 0
208   1   1   1   3   0   2 0.19 0.40 0.22 0.09 0.19 0.05 1 0 0 1 1 1
209   1   5   2   3   0   1 0.23 0.46 0.31 0.23 0.31 0.28 1 1 1 0 0 1
210   1   3   1   2   0   1 0.35 0.54 0.39 0.37 0.24 0.07 1 1 1 0 0 1
211   1   4   2   3   1   2 0.38 0.41 0.27 0.37 0.17 0.08 1 1 1 1 1 1
212   0   5   1   4   0   2 0.19 0.40 0.22 0.09 0.19 0.05 1 1 1 1 0 0
213   1   6   2   4   1   1 0.23 0.46 0.31 0.23 0.31 0.28 1 1 1 1 1 1
214   1   1   2   3   1   1 0.23 0.41 0.31 0.23 0.26 0.28 1 1 1 1 1 1
215   1   7   1   2   1   1 0.35 0.54 0.39 0.37 0.27 0.07 1 1 1 1 1 1
216   1   1   1   3   1   2 0.19 0.40 0.22 0.09 0.19 0.05 1 1 0 1 1 1
217   1   4   1   3   1   1 0.35 0.49 0.39 0.37 0.22 0.07 1 0 1 1 1 1
218   1   6   1   3   1   2 0.14 0.40 0.22 0.09 0.19 0.05 1 0 1 1 1 1
219   1   2   2   4   1   1 0.23 0.41 0.31 0.18 0.21 0.28 1 1 1 1 1 1
220   0   7   2  -2   0   2 0.38 0.41 0.27 0.32 0.12 0.08 0 1 1 1 0 1
221   1   5   1   3   1   1 0.35 0.49 0.39 0.37 0.17 0.07 1 1 0 1 1 1
222   0   9   2  -2   0   2 0.38 0.41 0.27 0.32 0.12 0.08 1 0 1 1 1 0
223   1   8   1   2   1   1 0.30 0.49 0.39 0.37 0.17 0.07 1 1 1 1 1 0
224   1   5   1   3   1   1 0.30 0.44 0.39 0.37 0.17 0.07 1 1 1 1 1 0
225   0   1   1  -2   0   1 0.30 0.39 0.39 0.37 0.17 0.07 1 0 1 1 0 1
226   1   7   1   2   1   2 0.14 0.40 0.22 0.09 0.19 0.02 1 1 1 0 1 1
227   1   9   1   2   1   1 0.30 0.39 0.39 0.37 0.17 0.07 0 1 1 1 1 1
228   1   6   1   2   1   1 0.30 0.39 0.39 0.32 0.17 0.07 1 0 1 1 1 1
229   1   7   1   3   1   2 0.14 0.40 0.17 0.09 0.19 0.02 1 1 1 1 1 0
230   1   8   2   2   1   2 0.38 0.41 0.27 0.32 0.12 0.08 1 1 0 1 1 1
231   1   7   2   3   1   1 0.18 0.41 0.31 0.18 0.21 0.23 1 1 1 1 1 1
232   1   5   1   3   1   2 0.14 0.40 0.17 0.09 0.14 0.02 1 1 1 1 0 1
233   1   5   2   2   0   1 0.13 0.41 0.31 0.18 0.21 0.18 1 1 0 1 1 0
234   1   9   2   3   0   1 0.13 0.41 0.34 0.18 0.21 0.18 0 1 1 1 0 1
235   0   4   1   2   0   1 0.30 0.39 0.39 0.27 0.17 0.07 0 1 1 1 0 1
236   1   7   2   3   0   2 0.38 0.41 0.27 0.27 0.12 0.08 1 1 0 1 0 1
237   1   2   1   3   2   2 0.14 0.40 0.17 0.09 0.14 0.02 0 1 1 1 0 1
238   1   8   2   2   0   1 0.13 0.41 0.34 0.18 0.21 0.18 1 0 1 1 1 0
239   1   7   2   3   0   2 0.38 0.41 0.27 0.27 0.12 0.08 1 1 1 0 1 0
240   1   8   2   3   0   2 0.38 0.41 0.27 0.27 0.12 0.08 1 0 1 0 1 1
241   1   2   2   2   0   2 0.38 0.41 0.27 0.30 0.12 0.08 1 1 1 1 0 0
242   0   3   1  -2   0   1 0.30 0.39 0.39 0.27 0.17 0.07 1 0 1 1 1 0
243   0   4   1   3   0   2 0.14 0.40 0.17 0.09 0.14 0.02 0 0 1 1 1 1
244   1   7   2   2   0   1 0.13 0.41 0.34 0.18 0.21 0.21 1 1 0 0 1 1
245   1   7   2   2   0   2 0.38 0.41 0.27 0.30 0.15 0.11 0 1 1 0 1 1
246   1   5   2   2   0   1 0.13 0.41 0.34 0.18 0.21 0.21 1 1 1 1 0 0
247   1   4   2   3   1   1 0.13 0.41 0.34 0.18 0.24 0.21 1 0 1 1 1 1
248   0   3   1  -2   0   1 0.30 0.39 0.39 0.27 0.17 0.07 1 0 1 1 1 0
249   1   4   2   2   1   1 0.13 0.41 0.34 0.18 0.24 0.16 0 1 1 1 1 1
250   1   2   2   2   0   2 0.38 0.41 0.27 0.30 0.15 0.11 1 1 0 1 0 1
251   1   1   1   2   2   1 0.30 0.39 0.39 0.27 0.17 0.07 1 1 0 1 0 1
252   0   3   1  -2   0   2 0.14 0.40 0.17 0.09 0.14 0.02 1 1 0 0 1 1
253   1   6   2   2   1   2 0.38 0.41 0.30 0.30 0.15 0.11 1 1 0 1 1 1
254   0   5   1   4   0   1 0.30 0.39 0.39 0.27 0.17 0.02 1 0 1 1 0 1
255   1   8   1   2   2   1 0.30 0.39 0.39 0.27 0.17 0.02 1 0 1 1 0 1
256   0   6   1   4   0   1 0.30 0.39 0.39 0.27 0.17 0.02 0 1 1 1 1 0
257   1   9   2   3   0   1 0.13 0.41 0.34 0.18 0.24 0.11 1 1 1 0 1 0
258   1   2   2   3   0   2 0.38 0.36 0.30 0.30 0.15 0.11 1 1 1 0 0 1
259   1   4   1   3   2   2 0.14 0.40 0.17 0.09 0.14 0.02 1 0 1 0 1 1
260   1   4   2   2   0   1 0.13 0.41 0.34 0.21 0.24 0.11 0 1 1 0 1 1
261   1   8   1   2   0   1 0.30 0.39 0.39 0.27 0.17 0.02 0 0 1 1 1 1
262   0  11   2   3   0   1 0.16 0.41 0.34 0.21 0.24 0.11 0 1 1 1 1 0
263   1   3   1   3   0   2 0.14 0.40 0.17 0.09 0.14 0.02 0 1 1 1 0 1
264   1   1   1   3   0   2 0.14 0.40 0.17 0.09 0.14 0.02 1 1 0 1 0 1
265   1   9   2   3   0   2 0.38 0.36 0.30 0.33 0.18 0.11 0 0 1 1 1 1
266   1   6   1   3   1   2 0.14 0.40 0.17 0.09 0.17 0.02 1 1 1 1 1 0
267   1   9   2   3   0   2 0.41 0.36 0.30 0.33 0.18 0.11 1 1 1 0 1 0
268   1   3   1   3   0   1 0.30 0.39 0.39 0.27 0.17 0.02 1 1 1 0 0 1
269   1   7   2   3   0   2 0.41 0.36 0.30 0.33 0.18 0.11 1 1 1 1 0 0
270   1   7   2   2   0   2 0.41 0.36 0.30 0.33 0.18 0.14 0 1 1 0 1 1
271   1   5   1   2   2   2 0.14 0.40 0.17 0.09 0.12 0.02 1 0 1 0 1 1
272   1   4   2   2   0   1 0.16 0.41 0.34 0.21 0.24 0.11 0 1 1 0 1 1
273   1   1   2   2   0   1 0.16 0.41 0.34 0.24 0.24 0.11 1 1 0 1 0 1
274   1   3   1   3   0   2 0.14 0.40 0.17 0.09 0.07 0.02 0 1 1 1 1 0
275   1   4   1   2   2   2 0.17 0.40 0.17 0.09 0.07 0.02 1 1 0 1 0 1
276   1   3   1   3   0   1 0.30 0.39 0.39 0.27 0.17 0.02 0 1 1 1 0 1
277   1   2   1   2   0   2 0.17 0.40 0.17 0.09 0.07 0.02 0 1 1 1 1 0
278   1   1   1   3   0   1 0.33 0.39 0.39 0.27 0.20 0.02 1 0 1 1 0 1
279   1   1   2   3   2   1 0.16 0.41 0.37 0.24 0.24 0.11 0 1 1 1 0 1
280   1   9   2   2   0   1 0.16 0.41 0.37 0.24 0.24 0.06 1 1 1 1 0 0
281   0   9   2  -2   0   2 0.41 0.36 0.30 0.36 0.18 0.14 1 0 0 1 1 1
282   1   9   1   2   0   1 0.33 0.42 0.39 0.27 0.20 0.02 1 1 1 0 0 1
283   1   9   2   2   0   1 0.16 0.41 0.37 0.24 0.27 0.06 1 1 0 1 1 0
284   1   5   2   2   0   2 0.41 0.36 0.30 0.36 0.18 0.14 0 1 1 0 1 1
285   1   8   2   2   0   2 0.44 0.36 0.30 0.36 0.18 0.14 1 1 1 0 1 0
286   1   8   2   2   0   1 0.16 0.41 0.37 0.24 0.27 0.09 1 1 1 0 0 1
287   1   1   2   2   0   2 0.44 0.36 0.30 0.39 0.18 0.14 1 0 1 1 0 1
288   0   6   1   3   0   2 0.17 0.40 0.17 0.09 0.07 0.02 0 1 0 1 1 1
289   1   8   2   2   0   1 0.16 0.41 0.37 0.24 0.27 0.09 1 1 0 1 0 1
290   1   2   1   2   0   2 0.17 0.40 0.17 0.09 0.07 0.02 1 1 0 1 1 0
291   1   3   1   3   0   1 0.33 0.42 0.39 0.30 0.23 0.02 1 1 0 1 1 0
292   0   4   1   3   4   2 0.17 0.40 0.20 0.09 0.07 0.05 0 0 0 0 0 0
293   1   5   2   2   0   2 0.44 0.39 0.30 0.39 0.21 0.14 1 1 1 0 1 0
294   1   8   1   2   0   1 0.33 0.42 0.42 0.30 0.23 0.02 1 1 1 0 0 1
295   1   1   2   2   0   1 0.16 0.41 0.40 0.24 0.30 0.09 1 0 1 0 1 1
296   1   9   1   2   0   2 0.17 0.40 0.20 0.09 0.07 0.05 0 1 0 1 1 1
297   1   5   2   3   0   1 0.16 0.44 0.40 0.27 0.30 0.09 1 1 0 1 1 0
298   1   2   2   2   0   1 0.16 0.44 0.40 0.27 0.30 0.09 1 1 0 1 0 1
299   0  12   2   3   0   2 0.44 0.39 0.30 0.39 0.21 0.17 1 0 1 0 1 1
300   1   4   1   2   0   1 0.33 0.42 0.42 0.30 0.23 0.02 1 0 1 0 1 1
301   1   3   2   2   0   2 0.44 0.39 0.30 0.39 0.21 0.17 1 0 1 1 1 0
302   0  11   2   3   0   2 0.44 0.39 0.30 0.39 0.21 0.17 1 1 0 1 0 1
303   1   6   2   3   1   2 0.44 0.39 0.30 0.39 0.21 0.17 1 1 1 1 1 1
304   1   2   2   3   1   1 0.16 0.44 0.43 0.27 0.30 0.09 1 1 1 1 1 1
305   0   4   1   4   0   1 0.33 0.42 0.42 0.33 0.23 0.02 1 0 1 1 0 1
306   1   6   1   2   1   1 0.33 0.42 0.42 0.33 0.23 0.02 1 0 1 1 1 1
307   1   4   1   4   2   1 0.33 0.42 0.42 0.33 0.23 0.02 1 0 1 1 1 1
308   0   9   2  -2   0   2 0.39 0.39 0.30 0.39 0.16 0.17 0 1 1 1 0 1
309   0   6   1   4   0   2 0.20 0.40 0.20 0.09 0.07 0.05 1 1 0 1 0 1
310   1   5   1   3   0   2 0.20 0.40 0.20 0.09 0.07 0.05 0 1 1 1 0 1
311   1   6   2   3   1   2 0.39 0.39 0.30 0.39 0.16 0.17 1 1 1 1 1 1
312   1   5   1   3   1   1 0.28 0.42 0.42 0.28 0.23 0.02 0 1 1 1 1 1
313   1   3   2   3   1   1 0.16 0.39 0.43 0.27 0.30 0.04 1 1 0 1 1 1
314   1   9   2   2   0   2 0.34 0.39 0.30 0.34 0.16 0.17 1 0 1 1 1 0
315   1   8   1   3   0   2 0.20 0.40 0.20 0.09 0.07 0.05 1 1 1 0 1 0
316   1   9   1   2   0   2 0.20 0.40 0.20 0.12 0.07 0.05 1 1 0 0 1 1
317   1   9   2   2   0   2 0.34 0.42 0.30 0.34 0.16 0.20 1 0 1 1 0 1
318   1   7   1   3   0   2 0.20 0.40 0.23 0.12 0.07 0.05 1 1 0 1 1 0
319   1   6   2   3   0   2 0.34 0.42 0.30 0.34 0.16 0.20 1 0 1 1 0 1
320   1   5   2   3   0   1 0.16 0.39 0.43 0.22 0.30 0.04 1 1 1 0 0 1
321   0   7   2  -2   0   2 0.34 0.45 0.30 0.34 0.19 0.20 1 1 0 1 1 0
322   1   4   2   2   0   1 0.16 0.39 0.43 0.22 0.33 0.04 0 1 1 0 1 1
323   1   8   2   3   0   2 0.34 0.45 0.30 0.34 0.19 0.20 1 1 1 0 1 0
324   0   3   1  -2   0   1 0.28 0.37 0.42 0.28 0.23 0.02 1 0 1 1 1 0
325   1   3   1   2   2   2 0.20 0.40 0.23 0.12 0.07 0.08 1 0 1 1 0 0
326   1   9   1   2   0   2 0.20 0.40 0.23 0.12 0.07 0.08 1 0 1 0 1 1
327   1   5   2   2   0   2 0.34 0.45 0.30 0.34 0.19 0.20 1 1 0 1 0 1
328   1   7   2   2   0   2 0.34 0.45 0.30 0.34 0.19 0.20 0 0 1 1 1 1
329   1   3   1   4   0   2 0.20 0.43 0.23 0.15 0.07 0.08 1 0 0 1 1 1
330   1   3   2   2   0   1 0.19 0.39 0.43 0.25 0.33 0.04 1 0 0 1 1 1
331   1   5   1   2   0   1 0.28 0.37 0.42 0.28 0.23 0.02 1 0 1 1 0 1
332   1   1   2   2   0   2 0.34 0.45 0.30 0.34 0.19 0.20 1 0 0 1 1 1
333   0   7   2  -2   3   2 0.34 0.48 0.33 0.34 0.19 0.20 1 0 1 1 0 1
334   0  12   2   3   0   1 0.19 0.39 0.43 0.25 0.33 0.04 0 1 1 0 1 1
335   1   1   2   2   0   2 0.34 0.48 0.33 0.34 0.19 0.20 1 1 0 1 1 0
336   1   6   2   3   1   1 0.19 0.39 0.43 0.25 0.33 0.04 1 0 1 1 1 1
337   1   1   1   3   0   2 0.20 0.43 0.26 0.15 0.07 0.08 1 1 0 1 0 1
338   1   3   2   3   0   1 0.19 0.39 0.43 0.25 0.33 0.02 1 1 0 0 1 1
339   1   3   2   3   1   1 0.19 0.39 0.46 0.25 0.33 0.02 0 1 1 1 1 1
340   0   8   2  -2   0   2 0.34 0.48 0.33 0.34 0.19 0.23 0 1 1 1 1 0
341   1   9   1   3   1   1 0.28 0.37 0.42 0.28 0.26 0.02 1 1 1 1 0 1
342   0  10   2   2   0   2 0.34 0.48 0.33 0.34 0.19 0.23 0 1 0 1 1 1
343   0   1   1  -2   0   2 0.20 0.43 0.26 0.15 0.10 0.08 0 1 1 1 1 0
344   1   2   1   2   0   2 0.20 0.43 0.26 0.15 0.10 0.08 1 0 0 1 1 1
345   1   6   2   4   1   2 0.34 0.48 0.33 0.34 0.19 0.23 1 1 1 1 1 1
346   1   5   1   3   1   1 0.28 0.37 0.42 0.23 0.26 0.02 1 1 1 1 1 0
347   1   6   1   2   0   2 0.20 0.46 0.29 0.15 0.10 0.08 0 0 1 1 1 1
348   1   8   1   2   0   2 0.23 0.46 0.29 0.15 0.10 0.08 1 0 1 0 1 1
