  1   3   1   2 -10   0   1 0 0 0 0 0.80 0.80 0.80 0.80
  2   4   2   9   0   1   2 1 1 0 0 0.60 0.60 0.60 0.60
  3   3   1   9   0   1   2 1 0 0 0 0.40 0.40 0.40 0.40
  4   4   1   7   0   1   2 1 1 0 0 0.36 0.40 0.40 0.40
  5   2   1   8   0   1   1 0 1 0 0 0.80 0.80 0.80 0.80
  6   5   2  12  10   0   1 0 0 0 0 1.00 1.00 1.00 1.00
  7   1   1   1   0   1   2 1 1 0 0 0.32 0.36 0.42 0.42
  8   5   2   6  -6   0   1 0 0 0 0 1.00 1.00 1.00 1.00
  9   2   2   4   0   1   1 1 1 0 0 1.00 1.00 1.00 1.00
 10   1   1   2   0   1   1 1 0 0 0 0.82 0.76 0.82 0.82
 11   5   2  16   0   1   1 1 1 0 0 0.96 0.96 1.00 1.00
 12   4   1   6   0   1   1 1 0 0 0 0.78 0.76 0.82 0.82
 13   2   2  14  -2   0   1 0 0 0 0 0.92 0.92 1.00 1.00
 14   2   2   2   0   1   1 0 0 0 0 0.92 0.92 1.00 1.00
 15   3   2   3   2   0   2 0 0 0 0 0.56 0.56 0.60 0.60
 16   2   1  15   0   1   2 1 0 0 0 0.28 0.32 0.42 0.42
 17   5   1   5   0   1   2 1 0 0 0 0.24 0.32 0.44 0.44
 18   3   1   7   0   1   2 0 0 1 0 0.20 0.34 0.44 0.44
 19   5   2   3   1   0   2 0 0 0 0 0.56 0.56 0.62 0.62
 20   5   1   2 -10   0   1 0 0 0 0 0.74 0.78 0.84 0.84
 21   5   2   5   0   0   2 0 0 0 0 0.58 0.58 0.62 0.62
 22   4   2   8   6   0   1 0 0 0 0 0.94 0.94 1.00 1.00
 23   4   2   4   4   0   1 0 0 0 0 0.94 0.94 1.00 1.00
 24   3   2  15   0   0   2 0 0 0 0 0.58 0.58 0.64 0.64
 25   3   1   1  -2   0   2 0 0 0 0 0.20 0.34 0.40 0.46
 26   2   2   8   6   0   1 0 0 0 0 0.96 0.96 1.00 1.00
 27   4   2   6  -9   0   1 0 0 0 0 0.96 0.96 1.00 1.00
 28   3   1   4   0   1   1 1 0 0 0 0.74 0.78 0.84 0.84
 29   5   2   3   3   0   2 0 0 0 0 0.60 0.60 0.64 0.64
 30   2   2   9  -7   0   2 0 0 0 0 0.60 0.60 0.66 0.66
 31   5   1   7   4   0   2 0 0 0 0 0.22 0.36 0.40 0.46
 32   4   1  14  -1   0   1 0 0 0 0 0.70 0.80 0.86 0.86
 33   2   1   3   2   0   2 0 0 0 0 0.22 0.36 0.42 0.48
 34   2   2  13   0   1   2 1 0 1 0 0.62 0.62 0.66 0.66
 35   5   2  14  -2   0   1 0 0 0 0 0.98 0.98 1.00 1.00
 36   1   2   2 -10   0   1 0 0 0 0 0.98 0.98 1.00 1.00
 37   3   2   1   0   1   2 1 0 0 0 0.58 0.62 0.62 0.68
 38   4   1   8   7   0   1 0 0 0 0 0.70 0.80 0.86 0.86
 39   5   2  16   7   0   1 0 0 0 0 1.00 1.00 1.00 1.00
 40   3   2  10  -7   0   1 0 0 0 0 1.00 1.00 1.00 1.00
 41   1   2   1   0   1   2 1 0 0 0 0.54 0.64 0.62 0.68
 42   4   2   4   5   0   1 0 0 0 0 1.00 1.00 1.00 1.00
 43   1   2   5   0   0   2 0 0 0 0 0.50 0.64 0.64 0.70
 44   4   2  12   9   0   1 0 0 0 0 1.00 1.00 1.00 1.00
 45   1   2   8   6   0   1 0 0 0 0 1.00 1.00 1.00 1.00
 46   2   2  11   4   0   2 0 0 0 0 0.50 0.66 0.64 0.70
 47   2   2   2   0   1   1 1 0 0 0 1.00 1.00 1.00 1.00
 48   5   2  14  -1   0   1 0 0 0 0 0.96 1.00 1.00 1.00
 49   1   2  14  -1   0   1 0 0 0 0 0.96 1.00 1.00 1.00
 50   5   1   8   6   0   1 0 0 0 0 0.72 0.82 0.88 0.88
 51   5   1  14  -1   0   1 0 0 0 0 0.72 0.82 0.88 0.88
 52   1   1  16   4   0   1 0 0 0 0 0.74 0.84 0.90 0.90
 53   5   2   1  -3   0   2 0 0 0 0 0.52 0.66 0.66 0.72
 54   3   1   1  -1   0   2 0 0 0 0 0.24 0.38 0.42 0.48
 55   2   2   3   1   0   2 0 0 0 0 0.52 0.68 0.66 0.72
 56   2   1   1  -4   0   2 0 0 0 0 0.24 0.38 0.44 0.50
 57   1   2  14   0   1   1 1 0 0 0 0.98 1.00 1.00 1.00
 58   5   1  12  10   0   1 0 0 0 0 0.74 0.84 0.90 0.90
 59   1   1  13   0   1   2 0 1 0 0 0.26 0.40 0.44 0.50
 60   2   1   4   7   0   1 0 0 0 0 0.76 0.86 0.92 0.92
 61   3   1  12  10   0   1 0 0 0 0 0.76 0.86 0.92 0.92
 62   3   1  14   0   1   1 1 1 1 0 0.78 0.88 0.94 0.94
 63   5   2   5   0   0   2 0 0 0 0 0.54 0.68 0.68 0.74
 64   5   2   2  -9   0   1 0 0 0 0 0.94 1.00 1.00 1.00
 65   5   1   3   3   0   2 0 0 0 0 0.26 0.36 0.46 0.52
 66   4   1   4   0   1   1 0 1 1 0 0.74 0.84 0.90 0.94
 67   3   2   5  -5   0   2 0 0 0 0 0.54 0.70 0.68 0.74
 68   3   2   1  -3   0   2 0 0 0 0 0.56 0.70 0.70 0.76
 69   4   2   2  -8   0   1 0 0 0 0 0.94 1.00 1.00 1.00
 70   1   2   7   0   1   2 1 0 0 0 0.56 0.72 0.70 0.76
 71   3   2  16   5   0   1 0 0 0 0 0.96 1.00 1.00 1.00
 72   1   2  11   6   0   2 0 0 0 0 0.52 0.72 0.72 0.78
 73   2   1   1   0   1   2 1 0 0 0 0.28 0.36 0.46 0.52
 74   3   1  13   0   1   2 0 0 1 0 0.24 0.38 0.48 0.54
 75   1   1   9  -8   0   2 0 0 0 0 0.24 0.38 0.44 0.54
 76   1   2   9   0   1   2 1 0 0 0 0.52 0.74 0.72 0.78
 77   4   2   1  -1   0   2 0 0 0 0 0.48 0.74 0.74 0.80
 78   2   1   9   0   1   2 0 0 1 0 0.26 0.40 0.44 0.56
 79   3   1  15   0   1   2 1 0 1 0 0.26 0.40 0.40 0.56
 80   1   2  13   0   1   2 1 0 0 0 0.48 0.76 0.74 0.80
 81   3   2   4   6   0   1 0 0 0 0 0.96 1.00 1.00 1.00
 82   3   2   3   3   0   2 0 0 0 0 0.44 0.76 0.76 0.82
 83   1   2  11   5   0   2 0 0 0 0 0.44 0.78 0.76 0.82
 84   3   1  16   0   1   1 0 1 0 0 0.74 0.80 0.86 0.96
 85   4   2   3   2   0   2 0 0 0 0 0.46 0.78 0.78 0.84
 86   3   2  12  10   0   1 0 0 0 0 0.98 1.00 1.00 1.00
 87   4   1  10  -9   0   1 0 0 0 0 0.76 0.76 0.86 0.96
 88   1   1  10  -9   0   1 0 0 0 0 0.76 0.76 0.88 0.98
 89   3   2  11   0   1   2 1 0 0 0 0.46 0.80 0.78 0.84
 90   1   1   1   0   0   2 0 0 0 0 0.22 0.42 0.36 0.58
 91   5   1  15   0   0   2 0 0 0 0 0.22 0.42 0.36 0.58
 92   4   1   4   0   1   1 1 0 0 0 0.78 0.78 0.88 0.98
 93   2   2   1   0   1   2 1 0 0 0 0.42 0.80 0.80 0.86
 94   4   1   1  -1   0   2 0 0 0 0 0.24 0.44 0.38 0.60
 95   5   1  16   1   0   1 0 0 0 0 0.74 0.78 0.90 1.00
 96   4   2  11   4   0   2 0 0 0 0 0.38 0.82 0.80 0.86
 97   3   1   3   2   0   2 0 0 0 0 0.24 0.44 0.38 0.60
 98   2   2   4   6   0   1 0 0 0 0 0.98 1.00 1.00 1.00
 99   5   2  11   3   0   2 0 0 0 0 0.38 0.82 0.82 0.88
100   3   2  15   0   0   2 0 0 0 0 0.40 0.84 0.82 0.88
101   3   2   6  -2   0   1 0 0 0 0 1.00 1.00 1.00 1.00
102   4   1  12   6   0   1 0 0 0 0 0.74 0.80 0.90 1.00
103   4   2  15   0   0   2 0 0 0 0 0.40 0.84 0.84 0.90
104   5   2  13   0   0   2 0 0 0 0 0.42 0.86 0.84 0.90
105   2   1   9   0   1   2 1 0 0 0 0.26 0.46 0.40 0.62
106   2   1   6  -6   0   1 0 0 0 0 0.76 0.80 0.92 1.00
107   4   1  16   0   1   1 0 0 1 0 0.76 0.82 0.92 1.00
108   3   1  12   0   1   1 0 0 1 0 0.78 0.82 0.88 1.00
109   5   2   7   5   0   2 0 0 0 0 0.42 0.86 0.86 0.92
110   4   1   9   0   1   2 1 1 0 0 0.22 0.46 0.40 0.62
111   3   2   2  -8   0   1 0 0 0 0 1.00 1.00 1.00 1.00
112   5   1   1   0   1   2 1 1 0 0 0.18 0.42 0.42 0.64
113   2   2  14  -1   0   1 0 0 0 0 1.00 1.00 1.00 1.00
114   5   2   7   4   0   2 0 0 0 0 0.44 0.88 0.86 0.92
115   1   1   9   0   1   2 0 0 1 0 0.14 0.38 0.42 0.64
116   1   2  11   0   1   2 1 1 1 0 0.44 0.88 0.88 0.94
117   1   1  11   0   1   2 0 0 1 0 0.14 0.38 0.38 0.66
118   4   1   4   7   0   1 0 0 0 0 0.78 0.84 0.84 1.00
119   4   1   9   0   1   2 0 0 1 0 0.16 0.40 0.34 0.66
120   3   1   8   9   0   1 0 0 0 0 0.80 0.84 0.84 1.00
121   1   1   6   0   1   1 1 0 0 0 0.80 0.86 0.86 1.00
122   5   1  15   0   0   2 0 0 0 0 0.16 0.40 0.30 0.68
123   1   1   2   0   1   1 1 0 1 0 0.76 0.86 0.86 1.00
124   2   2  12   0   1   1 0 0 1 0 1.00 1.00 1.00 1.00
125   4   2  13   0   0   2 0 0 0 0 0.40 0.84 0.84 0.94
126   3   1   8   9   0   1 0 0 0 0 0.72 0.88 0.82 1.00
127   4   2   3   2   0   2 0 0 0 0 0.40 0.84 0.84 0.96
128   5   2  13  -1   0   2 0 0 0 0 0.42 0.86 0.86 0.96
129   3   1   8   0   1   1 1 0 0 0 0.72 0.88 0.82 1.00
130   5   2  16   3   0   1 0 0 0 0 1.00 1.00 0.96 1.00
131   2   2  10   0   1   1 1 0 0 0 1.00 1.00 0.96 1.00
132   5   2  13  -1   0   2 0 0 0 0 0.42 0.86 0.86 0.98
133   1   1  16   2   0   1 0 0 0 0 0.68 0.90 0.84 1.00
134   3   1   6   0   1   1 1 0 0 0 0.68 0.90 0.84 1.00
135   3   2   9  -5   0   2 0 0 0 0 0.44 0.88 0.88 0.98
136   5   1   7   5   0   2 0 0 0 0 0.18 0.42 0.30 0.68
137   3   2  13   0   0   2 0 0 0 0 0.44 0.88 0.88 1.00
138   2   1   6   0   1   1 1 0 0 0 0.64 0.92 0.86 1.00
139   2   1   5   0   0   2 0 0 0 0 0.18 0.42 0.32 0.70
140   3   1   5   0   1   2 1 1 0 0 0.20 0.44 0.32 0.70
141   2   2   5  -1   0   2 0 0 0 0 0.46 0.90 0.90 1.00
142   4   2   7   5   0   2 0 0 0 0 0.46 0.90 0.90 1.00
143   5   1  11   7   0   2 0 0 0 0 0.16 0.40 0.34 0.72
144   1   2  10   0   1   1 1 1 0 0 0.96 1.00 0.98 1.00
145   2   1  13   0   1   2 0 0 1 0 0.16 0.40 0.34 0.72
146   5   2  10   0   1   1 1 0 0 0 0.92 0.96 0.98 1.00
147   3   1   9  -2   0   2 0 0 0 0 0.18 0.42 0.30 0.74
148   1   2  15   0   1   2 1 0 0 0 0.48 0.92 0.92 1.00
149   4   2  15   0   0   2 0 0 0 0 0.44 0.92 0.92 1.00
150   2   2  12   9   0   1 0 0 0 0 0.88 0.96 1.00 1.00
151   2   1  12   0   1   1 1 1 0 0 0.60 0.92 0.86 1.00
152   1   2  16   0   1   1 1 0 0 0 0.88 0.98 1.00 1.00
153   4   1  15   0   0   2 0 0 0 0 0.18 0.42 0.30 0.74
154   4   1   5   0   0   2 0 0 0 0 0.20 0.44 0.32 0.76
155   3   1   5   0   0   2 0 0 0 0 0.20 0.44 0.32 0.76
156   2   2   3   0   1   2 0 0 1 0 0.44 0.94 0.94 1.00
157   5   2   5  -1   0   2 0 0 0 0 0.46 0.94 0.90 1.00
158   2   2   4   0   1   1 0 0 1 0 0.84 0.98 1.00 1.00
159   5   1   9  -4   0   2 0 0 0 0 0.22 0.46 0.34 0.78
160   2   1   8   7   0   1 0 0 0 0 0.56 0.88 0.88 1.00
161   4   2  13   0   1   2 1 0 0 0 0.46 0.96 0.90 1.00
162   2   1  10  -8   0   1 0 0 0 0 0.56 0.88 0.88 1.00
163   3   2   7   1   1   2 0 0 1 0 0.42 0.96 0.92 1.00
164   2   1   5   0   0   2 0 0 0 0 0.22 0.46 0.34 0.78
165   1   2   5   0   1   2 0 0 1 0 0.42 0.98 0.88 1.00
166   2   1  10  -8   0   1 0 0 0 0 0.58 0.90 0.90 1.00
167   5   2  12   9   0   1 0 0 0 0 0.84 1.00 0.96 1.00
168   5   2   6   0   1   1 0 0 1 0 0.86 1.00 0.96 1.00
169   2   2  11   0   1   2 1 0 1 0 0.44 0.98 0.84 1.00
170   3   1   4   7   0   1 0 0 0 0 0.58 0.90 0.90 1.00
171   4   1  12   0   1   1 1 0 0 0 0.60 0.92 0.92 1.00
172   4   2  12   9   0   1 0 0 0 0 0.86 1.00 0.92 1.00
173   3   2  10  -6   0   1 0 0 0 0 0.88 1.00 0.92 1.00
174   4   1   7   5   0   2 0 0 0 0 0.24 0.48 0.36 0.80
175   2   2  10   0   1   1 1 1 0 0 0.88 1.00 0.94 1.00
176   5   2   1   0   1   2 0 0 0 0 0.40 1.00 0.80 1.00
177   2   2   2   0   1   1 0 0 0 0 0.84 0.96 0.94 1.00
178   3   1  13   0   1   2 1 0 0 0 0.24 0.48 0.36 0.80
179   2   1  16   0   1   1 1 0 0 0 0.56 0.92 0.92 1.00
180   4   2   5  -1   0   2 0 0 0 0 0.40 1.00 0.80 1.00
181   2   1  14  -2   0   1 0 0 0 0 0.52 0.94 0.94 1.00
182   4   2   7   0   1   2 0 0 1 0 0.42 1.00 0.82 1.00
183   4   2  14  -2   0   1 0 0 0 0 0.84 0.96 0.96 1.00
184   1   1   4   0   1   1 0 0 1 0 0.52 0.94 0.94 1.00
185   1   1   8   0   1   1 1 0 0 0 0.54 0.96 0.90 1.00
186   5   1   2  -9   0   1 0 0 0 0 0.50 0.96 0.90 1.00
187   1   2  15   0   1   2 0 0 1 0 0.42 1.00 0.78 1.00
188   2   1  13   0   1   2 1 1 1 0 0.20 0.50 0.38 0.82
189   3   1  14   0   1   1 0 0 1 0 0.50 0.98 0.92 1.00
190   5   2   9  -4   0   2 0 0 0 0 0.44 1.00 0.74 1.00
191   5   1  10   0   1   1 1 0 0 0 0.52 0.98 0.88 1.00
192   5   1  12  10   0   1 0 0 0 0 0.48 1.00 0.88 1.00
193   2   2  15  -1   1   2 0 0 0 0 0.44 1.00 0.74 1.00
194   2   1   7   4   0   2 0 0 0 0 0.16 0.46 0.34 0.82
195   5   1  16   3   0   1 0 0 0 0 0.48 1.00 0.90 1.00
196   4   1  12  10   0   1 0 0 0 0 0.50 1.00 0.90 1.00
197   5   1   8   0   1   1 0 0 1 0 0.50 1.00 0.92 1.00
198   4   2   6   0   1   1 0 0 1 0 0.86 0.98 0.96 1.00
199   3   1   5  -2   0   2 0 0 0 0 0.16 0.46 0.34 0.84
200   3   1   6   0   1   1 0 0 1 0 0.52 1.00 0.88 1.00
201   2   2   8   0   1   1 1 0 0 0 0.86 0.98 0.92 1.00
202   1   2   6  -7   0   1 0 0 0 0 0.82 1.00 0.92 1.00
203   1   2   9   0   1   2 0 0 1 0 0.46 1.00 0.76 1.00
204   3   1   4   7   0   1 0 0 0 0 0.52 1.00 0.84 1.00
205   1   1   7   0   1   2 0 0 1 0 0.18 0.48 0.36 0.84
206   2   2   1  -2   0   2 0 0 0 0 0.46 1.00 0.72 1.00
207   5   2   7   3   0   2 0 0 0 0 0.48 1.00 0.72 1.00
208   1   1  14   0   1   1 0 0 1 0 0.54 1.00 0.84 1.00
209   4   2   8   6   0   1 0 0 0 0 0.82 1.00 0.94 1.00
210   4   2   2  -7   0   1 0 0 0 0 0.84 1.00 0.94 1.00
211   1   2   3   2   0   2 0 0 0 0 0.48 1.00 0.74 1.00
212   4   1   3   2   0   2 0 0 0 0 0.18 0.48 0.32 0.86
213   1   2  13   0   1   2 0 0 1 0 0.50 1.00 0.74 1.00
214   2   1  11   7   0   2 0 0 0 0 0.20 0.50 0.32 0.86
215   3   1  12   0   1   1 0 0 1 0 0.54 1.00 0.80 1.00
216   2   1   3   2   0   2 0 0 0 0 0.20 0.50 0.34 0.88
217   1   1  11   6   0   2 0 0 0 0 0.22 0.52 0.34 0.88
218   4   1   2   0   1   1 0 0 1 0 0.56 1.00 0.76 1.00
219   4   1   1  -2   0   2 0 0 0 0 0.22 0.52 0.36 0.90
220   3   2  12  10   0   1 0 0 0 0 0.84 1.00 0.96 1.00
221   3   2   7   0   1   2 0 0 1 0 0.50 1.00 0.70 1.00
222   1   1   5   0   1   2 0 0 1 0 0.24 0.54 0.36 0.90
223   1   1  11   4   0   2 0 0 0 0 0.24 0.54 0.32 0.92
224   4   1   5   0   0   2 0 0 0 0 0.26 0.56 0.32 0.92
225   1   1   6   0   1   1 1 0 1 0 0.56 1.00 0.72 1.00
226   5   2   6  -9   0   1 0 0 0 0 0.86 1.00 0.96 1.00
227   3   2   3   3   0   2 0 0 0 0 0.52 1.00 0.66 1.00
228   4   1  13  -3   0   2 0 0 0 0 0.26 0.56 0.34 0.94
229   3   2   6  -9   0   1 0 0 0 0 0.86 1.00 0.98 1.00
230   3   1  11   0   1   2 0 0 1 0 0.28 0.58 0.34 0.94
231   1   2   7   0   1   2 0 0 1 0 0.52 1.00 0.66 1.00
232   4   2  14  -3   0   1 0 0 0 0 0.88 1.00 0.98 1.00
233   2   1   8   9   0   1 0 0 0 0 0.52 1.00 0.68 1.00
234   2   2   7   0   1   2 1 0 0 0 0.54 1.00 0.62 1.00
235   3   1   7   0   1   2 1 0 0 0 0.28 0.58 0.30 0.96
236   4   2  10   0   1   1 0 0 1 0 0.88 1.00 1.00 1.00
237   4   1   2  -8   0   1 0 0 0 0 0.52 1.00 0.68 1.00
238   1   1   3   6   0   2 0 0 0 0 0.24 0.60 0.30 0.96
239   4   1  11   0   1   2 0 0 1 0 0.24 0.60 0.32 0.98
240   5   1   3   0   1   2 1 0 1 0 0.26 0.62 0.28 0.98
241   1   1   2   0   1   1 1 0 0 0 0.54 1.00 0.70 1.00
242   2   1  12  10   0   1 0 0 0 0 0.50 1.00 0.70 1.00
243   3   1  11   0   1   2 1 0 1 0 0.22 0.62 0.24 1.00
244   2   1   2   0   1   1 1 0 0 0 0.50 1.00 0.72 1.00
245   2   2   9  -2   0   2 0 0 0 0 0.50 1.00 0.62 1.00
246   2   1  12   0   1   1 0 0 1 0 0.46 1.00 0.72 1.00
247   3   1  15  -1   0   2 0 0 0 0 0.18 0.64 0.20 1.00
248   3   2  11   0   1   2 0 0 1 0 0.50 1.00 0.64 1.00
249   5   1   7   5   0   2 0 0 0 0 0.18 0.64 0.20 1.00
250   3   1  10  -9   0   1 0 0 0 0 0.46 1.00 0.68 1.00
251   4   2   2 -10   0   1 0 0 0 0 0.90 1.00 0.96 1.00
252   1   2   9  -5   0   2 0 0 0 0 0.52 1.00 0.60 1.00
253   2   2  14  -3   0   1 0 0 0 0 0.90 1.00 0.96 1.00
254   2   2  12   0   1   1 0 0 1 0 0.92 1.00 0.98 1.00
255   2   1   7   5   0   2 0 0 0 0 0.20 0.66 0.22 1.00
256   4   2  12  10   0   1 0 0 0 0 0.92 1.00 0.94 1.00
257   1   1  14  -2   0   1 0 0 0 0 0.48 1.00 0.68 1.00
258   5   1   5   0   0   2 0 0 0 0 0.20 0.66 0.22 1.00
259   2   1  13   0   0   2 0 0 0 0 0.22 0.68 0.24 1.00
260   1   1   7   2   0   2 0 0 0 0 0.22 0.68 0.24 1.00
261   4   2   5   0   0   2 0 0 0 0 0.52 1.00 0.60 1.00
262   5   2   8   6   0   1 0 0 0 0 0.94 1.00 0.94 1.00
263   4   1   8   6   0   1 0 0 0 0 0.48 1.00 0.70 1.00
264   3   1   3   0   1   2 0 0 1 0 0.24 0.70 0.26 1.00
265   4   2   5  -1   0   2 0 0 0 0 0.54 1.00 0.62 1.00
266   1   1  16   0   1   1 0 0 1 0 0.50 1.00 0.70 1.00
267   1   2   5  -1   0   2 0 0 0 0 0.54 1.00 0.62 1.00
268   3   2  10  -9   0   1 0 0 0 0 0.94 1.00 0.96 1.00
269   1   1   8   0   1   1 0 0 1 0 0.50 1.00 0.66 1.00
270   5   1   5   0   0   2 0 0 0 0 0.24 0.70 0.22 1.00
271   5   2   9  -5   0   2 0 0 0 0 0.56 1.00 0.64 1.00
272   1   1  12   0   1   1 1 0 1 0 0.52 1.00 0.62 1.00
273   4   2  14   0   1   1 1 0 1 0 0.96 1.00 0.96 1.00
274   3   2   8   5   0   1 0 0 0 0 0.92 1.00 0.92 1.00
275   2   2   8   0   1   1 1 0 1 0 0.92 1.00 0.92 1.00
276   3   2  14   0   1   1 0 0 0 0 0.88 1.00 0.88 1.00
277   4   2  16   5   0   1 0 0 0 0 0.88 1.00 0.88 1.00
278   2   1  11   6   0   2 0 0 0 0 0.26 0.72 0.22 1.00
279   5   2  15   0   1   2 0 0 1 0 0.56 1.00 0.64 1.00
280   5   1  15  -1   0   2 0 0 0 0 0.26 0.72 0.24 1.00
281   1   2   7   5   0   2 0 0 0 0 0.58 1.00 0.60 1.00
282   1   2   1   0   1   2 1 0 1 0 0.58 1.00 0.60 1.00
283   4   1   3   0   1   2 1 0 1 0 0.28 0.74 0.24 1.00
284   4   1  16   4   0   1 0 0 0 0 0.48 1.00 0.58 1.00
285   3   2   8   0   0   1 0 0 0 0 0.90 1.00 0.90 1.00
286   2   1   1  -6   0   2 0 0 0 0 0.24 0.74 0.20 1.00
287   1   2   6   0   1   1 1 0 1 0 0.90 1.00 0.90 1.00
288   4   1   9  -5   0   2 0 0 0 0 0.24 0.76 0.20 1.00
289   1   1   5  -3   0   2 0 0 0 0 0.26 0.76 0.22 1.00
290   1   1   4   0   1   1 0 0 1 0 0.48 1.00 0.58 1.00
291   5   2  11   6   0   2 0 0 0 0 0.54 1.00 0.56 1.00
292   3   2   9   0   1   2 1 0 1 0 0.54 1.00 0.56 1.00
293   4   1  16   3   0   1 0 0 0 0 0.50 1.00 0.54 1.00
294   2   2   3   0   1   2 0 0 1 0 0.50 1.00 0.52 1.00
295   4   1   7   6   0   2 0 0 0 0 0.26 0.78 0.22 1.00
296   1   1  13  -2   0   2 0 0 0 0 0.28 0.78 0.24 1.00
297   5   1  13  -2   0   2 0 0 0 0 0.28 0.80 0.24 1.00
298   4   1  15  -2   0   2 0 0 0 0 0.30 0.80 0.26 1.00
299   3   1   1   0   1   2 0 0 1 0 0.30 0.82 0.26 1.00
300   2   2  16   0   1   1 0 0 1 0 0.86 1.00 0.86 1.00
301   2   1  15  -1   0   2 0 0 0 0 0.32 0.82 0.22 1.00
302   1   1  15  -1   0   2 0 0 0 0 0.32 0.84 0.22 1.00
303   4   1  11   5   0   2 0 0 0 0 0.34 0.84 0.24 1.00
304   2   2   9  -6   0   2 0 0 0 0 0.50 1.00 0.48 1.00
305   5   2   3   5   0   2 0 0 0 0 0.52 1.00 0.48 1.00
306   5   1   4   6   0   1 0 0 0 0 0.50 1.00 0.54 1.00
307   3   2  14   0   1   1 0 0 1 0 0.86 1.00 0.82 1.00
308   5   1   8   8   0   1 0 0 0 0 0.52 1.00 0.56 1.00
309   5   1   9  -8   0   2 0 0 0 0 0.34 0.86 0.24 1.00
310   1   2   8   0   1   1 0 0 1 0 0.88 1.00 0.78 1.00
311   4   2  10   0   1   1 0 0 1 0 0.88 1.00 0.74 1.00
312   2   2  10  -9   0   1 0 0 0 0 0.90 1.00 0.70 1.00
313   4   2  16   0   1   1 0 0 1 0 0.90 1.00 0.70 1.00
314   1   2  15  -1   0   2 0 0 0 0 0.52 1.00 0.50 1.00
315   2   2   6  -8   0   1 0 0 0 0 0.92 1.00 0.66 1.00
316   3   2  16   0   1   1 0 0 0 1 0.92 1.00 0.66 1.00
317   5   1   2 -10   0   1 0 0 0 0 0.52 1.00 0.56 1.00
318   3   1   7   5   0   2 0 0 0 0 0.36 0.86 0.26 1.00
319   5   1   4   0   1   1 0 0 1 0 0.54 1.00 0.58 1.00
320   4   2  15   0   1   2 0 0 1 0 0.54 1.00 0.50 1.00
321   4   2  11   5   0   2 0 0 0 0 0.54 1.00 0.46 1.00
322   2   2   5   0   1   2 1 0 1 0 0.56 1.00 0.46 1.00
323   5   1  11   6   0   2 0 0 0 0 0.36 0.88 0.26 1.00
324   2   2  13  -1   0   2 0 0 0 0 0.52 1.00 0.42 1.00
325   2   1  14   0   1   1 1 0 1 0 0.54 1.00 0.54 1.00
326   4   1  13  -2   0   2 0 0 0 0 0.38 0.88 0.28 1.00
327   1   2  10   0   1   1 0 0 1 0 0.94 1.00 0.68 0.96
328   3   1  14   0   1   1 0 0 1 0 0.50 1.00 0.50 1.00
329   4   1  14  -3   0   1 0 0 0 0 0.50 1.00 0.46 1.00
330   1   1   9   0   1   2 1 0 0 0 0.38 0.90 0.28 1.00
331   3   2   5   0   0   2 0 0 0 0 0.52 1.00 0.42 1.00
332   1   1   8   7   0   1 0 0 0 0 0.52 1.00 0.46 1.00
333   3   1   6   0   1   1 1 0 0 0 0.52 1.00 0.48 1.00
334   4   1   3   5   0   2 0 0 0 0 0.34 0.90 0.30 1.00
335   3   2   5  -1   0   2 0 0 0 0 0.54 1.00 0.44 1.00
336   2   1   7   3   0   2 0 0 0 0 0.34 0.92 0.30 1.00
337   4   2   6   0   1   1 0 0 1 0 0.94 1.00 0.64 0.96
338   1   1  13   0   1   2 1 0 0 0 0.36 0.92 0.32 1.00
339   1   2  10   0   1   1 0 0 1 0 0.96 1.00 0.60 0.98
340   5   1   4   8   0   1 0 0 0 0 0.48 1.00 0.48 1.00
341   1   2   2   0   1   1 0 0 1 0 0.96 1.00 0.56 0.98
342   4   1   6   4   0   1 0 0 0 0 0.48 1.00 0.50 1.00
343   1   2  12  10   0   1 0 0 0 0 0.98 1.00 0.52 1.00
344   5   2   1  -1   0   2 0 0 0 0 0.54 1.00 0.44 1.00
345   3   1   2   0   1   1 1 0 1 0 0.50 1.00 0.50 1.00
346   2   1  15  -1   0   2 0 0 0 0 0.32 0.94 0.32 1.00
347   2   1  14   0   1   1 0 0 0 0 0.46 1.00 0.46 1.00
348   4   2  11   0   1   2 1 0 1 0 0.56 1.00 0.46 1.00
349   1   1  15  -1   0   2 0 0 0 0 0.32 0.94 0.34 1.00
350   3   2   6   0   1   1 1 0 1 0 0.98 1.00 0.52 1.00
351   3   1  15  -2   0   2 0 0 0 0 0.34 0.96 0.34 1.00
352   3   2  16  -2   0   1 0 0 0 0 0.94 1.00 0.48 1.00
353   2   1   3   3   0   2 0 0 0 0 0.34 0.96 0.36 1.00
354   1   2   4   0   1   1 0 0 1 0 0.94 1.00 0.48 1.00
355   5   2   8   7   0   1 0 0 0 0 0.96 1.00 0.44 1.00
356   5   1  16   7   0   1 0 0 0 0 0.46 1.00 0.46 1.00
357   1   2  12  10   0   1 0 0 0 0 0.96 1.00 0.44 1.00
358   2   1  11   7   0   2 0 0 0 0 0.36 0.98 0.36 1.00
359   5   2  11   4   0   2 0 0 0 0 0.52 1.00 0.42 1.00
360   4   1  13   0   1   2 0 0 1 0 0.36 0.98 0.38 1.00
361   2   1  16   0   1   1 1 0 0 0 0.48 1.00 0.48 1.00
362   3   2  13  -2   0   2 0 0 0 0 0.52 1.00 0.42 1.00
363   1   2   1   0   1   2 1 0 1 0 0.54 1.00 0.44 1.00
364   5   1  13  -3   0   2 0 0 0 0 0.38 1.00 0.34 1.00
365   2   1  10   0   1   1 0 0 1 0 0.44 1.00 0.48 1.00
366   2   2  11   5   0   2 0 0 0 0 0.50 1.00 0.40 1.00
367   3   2  11   0   1   2 0 0 1 0 0.50 1.00 0.40 1.00
368   3   2   2  -8   0   1 0 0 0 0 0.98 1.00 0.46 1.00
369   4   2  16  -6   0   1 0 0 0 0 0.98 1.00 0.46 1.00
370   5   2   2  -9   0   1 0 0 0 0 1.00 1.00 0.48 1.00
371   4   1  10  -9   0   1 0 0 0 0 0.44 1.00 0.44 1.00
372   1   1  14   0   1   1 1 0 0 0 0.46 1.00 0.44 1.00
373   5   2   9  -4   0   2 0 0 0 0 0.52 1.00 0.36 1.00
374   5   2   4   7   0   1 0 0 0 0 1.00 1.00 0.48 1.00
375   1   1  10  -8   0   1 0 0 0 0 0.42 1.00 0.46 1.00
376   1   2  16   0   1   1 1 0 1 0 1.00 1.00 0.50 1.00
377   4   1  11   6   0   2 0 0 0 0 0.38 1.00 0.34 1.00
378   4   2  13   0   1   2 0 0 1 0 0.52 1.00 0.36 1.00
379   4   2   8   0   1   1 0 1 0 0 0.96 1.00 0.46 1.00
380   4   1   8   0   1   1 1 0 1 0 0.42 1.00 0.46 1.00
381   1   1  12   9   0   1 0 0 0 0 0.38 1.00 0.42 1.00
382   2   2  16   0   1   1 0 0 1 0 0.96 0.96 0.46 1.00
383   5   1   1  -1   0   2 0 0 0 0 0.40 1.00 0.36 1.00
384   2   1   4   0   1   1 0 0 1 0 0.38 1.00 0.42 1.00
385   4   2   4   0   1   1 1 0 0 0 0.98 0.96 0.42 1.00
386   2   1   6   0   1   1 1 0 0 0 0.40 1.00 0.38 1.00
387   3   2   4   0   1   1 1 0 0 0 0.94 0.98 0.42 1.00
388   2   2   7   5   0   2 0 0 0 0 0.54 1.00 0.32 1.00
389   3   1  10  -9   0   1 0 0 0 0 0.36 1.00 0.38 1.00
390   4   2   3   3   0   2 0 0 0 0 0.54 1.00 0.32 1.00
391   3   2   8   0   1   1 1 0 0 0 0.90 0.98 0.44 1.00
392   3   2   9  -4   0   2 0 0 0 0 0.56 1.00 0.34 1.00
393   5   2   8   6   0   1 0 0 0 0 0.86 1.00 0.44 1.00
394   5   1  14  -2   0   1 0 0 0 0 0.36 1.00 0.40 1.00
395   5   2  15  -1   0   2 0 0 0 0 0.56 1.00 0.34 1.00
396   3   2   7   0   1   2 1 0 1 0 0.58 1.00 0.36 1.00
397   2   1   9  -4   0   2 0 0 0 0 0.40 1.00 0.36 1.00
398   2   2   7   0   1   2 0 0 1 0 0.54 1.00 0.32 1.00
399   4   1  14   0   1   1 0 0 1 0 0.38 1.00 0.40 1.00
400   1   2  14  -3   0   1 0 0 0 0 0.86 1.00 0.46 1.00
401   5   1   6  -9   0   1 0 0 0 0 0.38 1.00 0.36 1.00
402   3   2  13   0   1   2 0 0 1 0 0.54 1.00 0.28 1.00
403   1   1  12  10   0   1 0 0 0 0 0.40 1.00 0.36 1.00
404   5   2  12   0   1   1 1 0 1 0 0.88 1.00 0.46 1.00
405   2   2   5   0   0   2 0 0 0 0 0.56 1.00 0.24 1.00
406   1   2   2   0   1   1 1 0 0 0 0.84 1.00 0.42 1.00
407   2   2   1   0   1   2 0 0 1 0 0.56 1.00 0.24 1.00
408   1   1  15   0   1   2 1 0 1 0 0.42 1.00 0.38 1.00
409   1   2  16   0   1   1 1 1 1 0 0.80 1.00 0.42 1.00
410   4   2   9  -5   0   2 0 0 0 0 0.58 1.00 0.20 1.00
411   1   1  10   0   1   1 1 0 1 0 0.40 1.00 0.38 1.00
412   5   1  14  -1   0   1 0 0 0 0 0.36 1.00 0.34 1.00
413   3   1   9  -3   0   2 0 0 0 0 0.38 1.00 0.34 1.00
414   1   2   4   1   1   1 1 0 0 0 0.76 0.96 0.38 1.00
415   1   2  13   0   1   2 0 0 1 0 0.58 1.00 0.20 1.00
416   3   1  13   0   1   2 0 0 1 0 0.38 1.00 0.34 1.00
417   4   1  10   0   1   1 1 1 0 0 0.36 1.00 0.34 1.00
418   5   1  11   0   1   2 0 0 1 0 0.40 1.00 0.30 1.00
419   3   2   4   0   1   1 0 0 1 0 0.72 0.96 0.38 1.00
420   1   2  12   0   1   1 0 0 1 0 0.72 0.98 0.34 1.00
421   3   2  14   0   1   1 1 0 0 0 0.74 0.98 0.30 1.00
422   4   1   2   0   1   1 0 0 1 0 0.32 0.96 0.36 1.00
423   5   2   4   0   1   1 0 0 1 0 0.70 1.00 0.30 1.00
424   3   1  16   7   0   1 0 0 0 0 0.32 0.96 0.32 1.00
425   4   1   1  -4   0   2 0 0 0 0 0.40 1.00 0.26 1.00
426   5   2   2  -8   0   1 0 0 0 0 0.70 1.00 0.26 1.00
427   5   2   4   0   1   1 1 0 1 0 0.72 1.00 0.26 1.00
428   3   1  11   7   0   2 0 0 0 0 0.42 1.00 0.26 1.00
429   2   2   6   0   1   1 0 0 1 0 0.68 1.00 0.22 1.00
430   4   1   6  -9   0   1 0 0 0 0 0.34 0.98 0.32 1.00
431   1   1   5  -1   0   2 0 0 0 0 0.42 1.00 0.28 1.00
432   5   1  10   0   1   1 0 0 1 0 0.34 0.98 0.34 1.00
433   1   1   4   9   0   1 0 0 0 0 0.36 1.00 0.30 1.00
434   3   1  10   0   1   1 0 0 1 0 0.36 1.00 0.30 1.00
435   1   2   3   4   0   2 0 0 0 0 0.60 1.00 0.16 1.00
436   4   2  10  -9   0   1 0 0 0 0 0.68 1.00 0.18 1.00
437   2   2   6  -6   0   1 0 0 0 0 0.70 1.00 0.18 1.00
438   3   1   3   2   0   2 0 0 0 0 0.44 1.00 0.28 1.00
439   5   1   3   0   1   2 1 0 1 0 0.44 1.00 0.30 1.00
440   5   2  14   0   1   1 0 0 1 0 0.70 1.00 0.20 1.00
441   2   1   4   5   0   1 0 0 0 0 0.38 1.00 0.26 1.00
442   2   2  15   2   0   2 0 0 0 0 0.60 1.00 0.16 1.00
443   5   2  10  -9   0   1 0 0 0 0 0.72 1.00 0.16 1.00
444   4   2   7   6   0   2 0 0 0 0 0.62 1.00 0.18 1.00
445   3   2  12  10   0   1 0 0 0 0 0.72 1.00 0.16 1.00
446   2   1   2   0   1   1 0 0 1 0 0.38 1.00 0.26 1.00
447   2   2  13   0   1   2 0 0 1 0 0.62 1.00 0.18 1.00
448   2   2  15  -1   0   2 0 0 0 0 0.64 1.00 0.14 1.00
449   2   1   2  -9   0   1 0 0 0 0 0.40 1.00 0.22 1.00
450   3   1  16   1   0   1 0 0 0 0 0.40 1.00 0.22 1.00
451   1   1   3   1   0   2 0 0 0 0 0.40 1.00 0.26 1.00
452   3   2   2  -9   0   1 0 0 0 0 0.74 1.00 0.18 1.00
453   1   2   6  -6   0   1 0 0 0 0 0.74 1.00 0.18 1.00
454   4   1   5  -6   0   2 0 0 0 0 0.40 1.00 0.26 1.00
455   1   2   4   7   0   1 0 0 0 0 0.76 1.00 0.20 1.00
456   3   2  15   1   0   2 0 0 0 0 0.64 1.00 0.14 1.00
457   1   1   1  -1   0   2 0 0 0 0 0.42 1.00 0.28 1.00
458   5   2  10  -9   0   1 0 0 0 0 0.76 1.00 0.20 1.00
459   5   1   9  -6   0   2 0 0 0 0 0.42 1.00 0.28 1.00
460   1   2   8   7   0   1 0 0 0 0 0.78 1.00 0.22 1.00
461   2   2  16  -2   0   1 0 0 0 0 0.78 1.00 0.22 1.00
462   1   2   3   0   1   2 0 0 1 0 0.66 1.00 0.16 1.00
463   3   2   1  -1   0   2 0 0 0 0 0.66 1.00 0.12 1.00
464   5   1   1  -2   0   2 0 0 0 0 0.44 1.00 0.30 1.00
465   5   1  12  10   0   1 0 0 0 0 0.42 1.00 0.24 1.00
466   3   1   2  -9   0   1 0 0 0 0 0.42 1.00 0.24 1.00
467   5   2  15  -2   0   2 0 0 0 0 0.68 1.00 0.12 1.00
468   4   2   1   0   0   2 0 0 0 0 0.68 1.00 0.14 1.00
469   2   1   5  -1   0   2 0 0 0 0 0.44 1.00 0.30 1.00
470   1   1   7   0   1   2 0 0 1 0 0.46 1.00 0.32 1.00
471   5   1  10  -9   0   1 0 0 0 0 0.44 1.00 0.26 1.00
472   4   2   1  -2   0   2 0 0 0 0 0.70 1.00 0.14 1.00
473   5   1   6  -9   0   1 0 0 0 0 0.44 1.00 0.26 1.00
474   2   1  16  -3   0   1 0 0 0 0 0.46 1.00 0.28 1.00
475   4   2   9  -6   0   2 0 0 0 0 0.70 1.00 0.16 1.00
476   4   1  15  -2   0   2 0 0 0 0 0.46 1.00 0.28 1.00
477   5   1   6  -7   0   1 0 0 0 0 0.46 1.00 0.28 1.00
478   1   1   6  -7   0   1 0 0 0 0 0.48 1.00 0.30 1.00
479   1   1   3   0   1   2 0 0 1 0 0.48 1.00 0.28 1.00
480   5   1  13   0   1   2 0 0 1 0 0.48 1.00 0.24 1.00
