  1   1   1  12   7   0   1 0 0 0 0 0.70 0.70 0.70 0.70
  2   5   2   2 -10   0   1 0 0 0 0 0.90 0.90 0.90 0.90
  3   3   1   7   5   0   2 0 0 0 0 0.40 0.40 0.40 0.40
  4   4   2  16   4   0   1 0 0 0 0 0.90 0.90 0.90 0.90
  5   1   2   3   3   0   2 0 0 0 0 0.50 0.50 0.50 0.50
  6   1   2  14   0   1   1 1 0 0 0 0.92 0.92 0.92 0.92
  7   5   2   1   0   1   2 1 0 0 0 0.50 0.50 0.50 0.50
  8   4   1  14   0   1   1 1 0 1 0 0.70 0.70 0.70 0.70
  9   1   2  12   5   0   1 0 0 0 0 0.88 0.92 0.92 0.92
 10   4   2  14   0   1   1 1 0 1 0 0.88 0.94 0.94 0.94
 11   5   2   2 -10   0   1 0 0 0 0 0.84 0.94 0.90 0.94
 12   5   2  14   0   1   1 1 0 1 0 0.84 0.96 0.90 0.96
 13   1   1  14  -4   0   1 0 0 0 0 0.66 0.72 0.66 0.72
 14   4   2  13   0   1   2 0 0 1 0 0.46 0.52 0.52 0.52
 15   3   1  16   0   1   1 0 0 1 0 0.66 0.72 0.66 0.72
 16   3   1   3   0   1   2 1 0 1 0 0.40 0.40 0.40 0.40
 17   3   1   9  -6   0   2 0 0 0 0 0.36 0.42 0.36 0.42
 18   2   1   5  -7   0   2 0 0 0 0 0.36 0.42 0.36 0.42
 19   3   1  14   0   1   1 0 1 1 0 0.68 0.74 0.62 0.74
 20   2   2  12   0   1   1 1 0 1 0 0.80 0.96 0.86 0.96
 21   2   1  13   0   1   2 0 0 1 0 0.38 0.44 0.38 0.44
 22   5   1   5   0   1   2 0 0 1 0 0.38 0.44 0.34 0.44
 23   5   1  12   0   1   1 1 0 1 0 0.68 0.70 0.58 0.74
 24   3   1  13   0   1   2 1 0 1 0 0.40 0.46 0.30 0.46
 25   1   1  10   0   1   1 1 1 1 1 0.64 0.70 0.54 0.76
 26   1   2   5  -6   0   2 0 0 0 0 0.46 0.52 0.48 0.52
 27   2   2  12   4   0   1 0 0 0 0 0.76 0.98 0.82 0.98
 28   4   2  13  -8   0   2 0 0 0 0 0.48 0.54 0.48 0.54
 29   3   2  15  -6   0   2 0 0 0 0 0.48 0.54 0.50 0.54
 30   2   2  16   0   1   1 1 0 1 0 0.76 0.98 0.82 0.98
 31   3   1   4   0   1   1 1 0 1 0 0.60 0.66 0.50 0.72
 32   2   1   9   0   1   2 0 0 1 0 0.36 0.46 0.26 0.46
 33   2   1  16   0   1   1 1 1 1 1 0.56 0.66 0.46 0.72
 34   5   2  12   0   1   1 0 0 1 0 0.72 1.00 0.78 1.00
 35   5   1   3   0   1   2 1 0 1 0 0.36 0.48 0.22 0.48
 36   1   1   4   6   0   1 0 0 0 0 0.52 0.62 0.42 0.68
 37   4   1   6  -2   0   1 0 0 0 0 0.52 0.62 0.42 0.68
 38   5   2   7   0   1   2 1 0 1 0 0.50 0.56 0.50 0.56
 39   3   2   9  -4   0   2 0 0 0 0 0.46 0.56 0.46 0.56
 40   1   2   1  -7   0   2 0 0 0 0 0.46 0.58 0.46 0.58
 41   3   1   8   0   1   1 1 0 1 1 0.54 0.64 0.44 0.70
 42   3   2   9  -4   0   2 0 0 0 0 0.48 0.58 0.48 0.58
 43   4   2   7   3   0   2 0 0 0 0 0.48 0.60 0.48 0.60
 44   4   1   1  -5   0   2 0 0 0 0 0.32 0.48 0.18 0.48
 45   1   1   1  -7   0   2 0 0 0 0 0.32 0.50 0.18 0.50
 46   4   1   6  -6   0   1 0 0 0 0 0.50 0.64 0.40 0.66
 47   1   1   1  -6   0   2 0 0 0 0 0.34 0.50 0.20 0.50
 48   4   2   9  -4   0   2 0 0 0 0 0.50 0.60 0.50 0.60
 49   4   1  10  -4   0   1 0 0 0 0 0.50 0.66 0.40 0.66
 50   3   1  14  -8   0   1 0 0 0 0 0.52 0.66 0.42 0.68
 51   3   1   1  -4   0   2 0 0 0 0 0.34 0.52 0.20 0.52
 52   1   2  12   3   0   1 0 0 0 0 0.72 1.00 0.74 1.00
 53   1   1  10  -2   0   1 0 0 0 0 0.52 0.68 0.42 0.68
 54   3   2   5  -4   0   2 0 0 0 0 0.50 0.62 0.50 0.62
 55   4   2   8   4   0   1 0 0 0 0 0.74 1.00 0.74 1.00
 56   3   2  11   0   1   2 0 0 1 0 0.52 0.62 0.52 0.62
 57   3   2   5   0   1   2 1 0 0 0 0.52 0.64 0.48 0.64
 58   3   1  12   0   1   1 0 0 1 0 0.54 0.68 0.44 0.70
 59   5   2   1   0   1   2 0 0 1 0 0.48 0.64 0.48 0.64
 60   5   1  12   6   0   1 0 0 0 0 0.54 0.70 0.40 0.70
 61   4   2   9   0   1   2 1 0 0 0 0.48 0.66 0.44 0.66
 62   4   2   3  -5   0   2 0 0 0 0 0.44 0.66 0.44 0.66
 63   3   2   7   4   0   2 0 0 0 0 0.44 0.68 0.46 0.68
 64   2   1   1  -7   0   2 0 0 0 0 0.36 0.52 0.22 0.52
 65   3   2  10  -3   0   1 0 0 0 0 0.74 1.00 0.76 1.00
 66   4   2   2  -7   0   1 0 0 0 0 0.76 1.00 0.76 1.00
 67   5   2   8   4   0   1 0 0 0 0 0.76 1.00 0.78 1.00
 68   3   1   5  -4   0   2 0 0 0 0 0.36 0.54 0.22 0.54
 69   5   1   7   0   1   2 0 0 1 0 0.38 0.54 0.24 0.54
 70   1   1   4   0   1   1 1 0 0 0 0.56 0.70 0.40 0.72
 71   1   2   2   0   1   1 1 1 1 0 0.78 1.00 0.78 1.00
 72   4   2  11  -2   0   2 0 0 0 0 0.46 0.68 0.46 0.68
 73   5   1  14   0   1   1 0 0 1 0 0.52 0.72 0.42 0.72
 74   5   2   3   0   1   2 1 0 1 0 0.46 0.70 0.48 0.70
 75   2   1   4   0   1   1 1 1 1 0 0.52 0.72 0.38 0.74
 76   5   1   9   0   1   2 0 0 1 0 0.38 0.56 0.20 0.56
 77   2   2  15  -4   0   2 0 0 0 0 0.42 0.70 0.44 0.70
 78   5   1  12   0   1   1 1 1 1 0 0.48 0.68 0.34 0.74
 79   1   1  12   4   0   1 0 0 0 0 0.44 0.64 0.30 0.76
 80   4   2   5   0   1   2 1 0 0 0 0.42 0.72 0.44 0.72
 81   2   1  15   0   1   2 1 0 0 0 0.40 0.56 0.16 0.56
 82   1   1   3   0   1   2 1 0 0 0 0.36 0.58 0.16 0.58
 83   1   1   9  -7   0   2 0 0 0 0 0.32 0.58 0.18 0.58
 84   5   1   8   0   1   1 1 0 0 0 0.44 0.64 0.30 0.76
 85   4   1  11   0   1   2 1 0 1 0 0.32 0.60 0.18 0.60
 86   4   2  10   0   1   1 1 0 1 0 0.74 0.96 0.74 1.00
 87   3   1   6   0   1   1 1 0 1 0 0.40 0.66 0.32 0.78
 88   1   2  13   0   1   2 1 0 1 0 0.38 0.72 0.46 0.72
 89   3   2   8   0   1   1 1 0 1 0 0.70 0.96 0.70 1.00
 90   1   2   3   0   1   2 1 0 1 0 0.34 0.74 0.42 0.74
 91   1   2   9  -3   0   2 0 0 0 0 0.30 0.74 0.38 0.74
 92   3   1   6   0   1   1 1 0 1 0 0.36 0.66 0.28 0.78
 93   1   2   8   0   1   1 1 0 1 0 0.66 0.98 0.66 1.00
 94   2   1   5   0   1   2 1 0 1 0 0.28 0.60 0.14 0.60
 95   5   2   4   0   1   1 0 0 1 0 0.62 0.98 0.62 1.00
 96   4   2  12   5   0   1 0 0 0 0 0.62 1.00 0.58 1.00
 97   5   2   1   0   1   2 1 0 1 0 0.30 0.76 0.38 0.76
 98   5   1  16   0   1   1 1 0 1 0 0.32 0.68 0.24 0.80
 99   1   1   7   0   1   2 1 0 0 0 0.24 0.62 0.10 0.62
100   3   1   9   0   1   2 1 0 0 0 0.20 0.62 0.10 0.62
101   4   2   4   5   0   1 0 0 0 0 0.64 1.00 0.58 1.00
102   4   1   2  -9   0   1 0 0 0 0 0.28 0.68 0.20 0.80
103   1   1  15  -3   0   2 0 0 0 0 0.16 0.64 0.12 0.64
104   5   2  11  -2   0   2 0 0 0 0 0.26 0.76 0.34 0.76
105   3   2   5  -4   0   2 0 0 0 0 0.26 0.78 0.34 0.78
106   1   1  12   5   0   1 0 0 0 0 0.28 0.70 0.20 0.82
107   4   1  16   2   0   1 0 0 0 0 0.30 0.70 0.22 0.82
108   1   1   8   4   0   1 0 0 0 0 0.30 0.72 0.22 0.84
109   2   1   2  -9   0   1 0 0 0 0 0.32 0.72 0.24 0.84
110   3   1   2 -10   0   1 0 0 0 0 0.32 0.74 0.24 0.86
111   3   2  10   0   1   1 0 0 1 0 0.64 1.00 0.60 1.00
112   2   2   1  -4   0   2 0 0 0 0 0.28 0.78 0.36 0.78
113   3   1   3   3   0   2 0 0 0 0 0.16 0.64 0.12 0.64
114   3   1  13  -4   0   2 0 0 0 0 0.18 0.66 0.14 0.66
115   1   2  10  -4   0   1 0 0 0 0 0.66 1.00 0.56 1.00
116   1   1  13  -5   0   2 0 0 0 0 0.18 0.66 0.14 0.66
117   2   2   4   0   1   1 0 0 1 0 0.66 1.00 0.56 1.00
118   4   1  14   0   1   1 0 0 1 0 0.34 0.74 0.26 0.86
119   2   1  10   0   1   1 1 0 0 0 0.34 0.76 0.22 0.88
120   4   1   5   0   1   2 0 0 1 0 0.20 0.68 0.16 0.68
121   2   2   2   0   1   1 1 0 1 0 0.68 1.00 0.52 1.00
122   1   2  10  -4   0   1 0 0 0 0 0.64 1.00 0.48 1.00
123   5   1   3   2   0   2 0 0 0 0 0.20 0.68 0.12 0.68
124   2   1  13  -2   0   2 0 0 0 0 0.22 0.70 0.12 0.70
125   1   1   7   0   1   2 1 0 0 0 0.22 0.70 0.14 0.70
126   5   1  10   0   1   1 1 0 1 0 0.30 0.76 0.22 0.88
127   2   2   8   0   1   1 1 1 1 0 0.64 1.00 0.48 1.00
128   4   2   6   0   1   1 1 0 1 0 0.60 0.96 0.44 1.00
129   4   1   3  -3   0   2 0 0 0 0 0.18 0.72 0.14 0.72
130   4   1  13  -4   0   2 0 0 0 0 0.18 0.72 0.16 0.72
131   5   1  15   0   1   2 0 0 1 0 0.20 0.74 0.16 0.74
132   3   1   8   0   1   1 0 0 1 0 0.26 0.78 0.18 0.90
133   3   2   1  -3   0   2 0 0 0 0 0.28 0.80 0.36 0.80
134   2   1  15  -3   0   2 0 0 0 0 0.20 0.74 0.12 0.74
135   4   1   1  -5   0   2 0 0 0 0 0.22 0.76 0.12 0.76
136   2   2   9  -3   0   2 0 0 0 0 0.30 0.80 0.38 0.80
137   5   2   4  -2   0   1 0 0 0 0 0.56 0.96 0.40 1.00
138   1   1   9   0   1   2 1 0 0 0 0.22 0.76 0.14 0.76
139   2   2  16   0   1   1 1 0 1 0 0.56 0.98 0.40 1.00
140   4   1   8   0   1   1 1 0 1 0 0.26 0.78 0.14 0.90
141   5   2   4   2   0   1 0 0 0 0 0.52 0.98 0.36 1.00
142   2   2  12   0   1   1 1 0 0 0 0.52 1.00 0.36 1.00
143   1   1  16   2   0   1 0 0 0 0 0.22 0.80 0.10 0.92
144   2   2   1  -4   0   2 0 0 0 0 0.30 0.82 0.38 0.82
145   1   1  11   0   1   2 1 0 1 0 0.18 0.78 0.14 0.78
146   2   2   6  -6   0   1 0 0 0 0 0.48 1.00 0.38 1.00
147   5   2  15  -2   0   2 0 0 0 0 0.32 0.82 0.40 0.82
148   4   2   2  -5   0   1 0 0 0 0 0.48 1.00 0.38 1.00
149   2   2   2  -5   0   1 0 0 0 0 0.50 1.00 0.40 1.00
150   2   2  11   0   1   2 1 0 1 0 0.32 0.84 0.40 0.84
151   2   1   7   3   0   2 0 0 0 0 0.14 0.78 0.10 0.78
152   4   1  15   1   0   2 0 0 0 0 0.14 0.80 0.10 0.80
153   3   2  15   0   1   2 1 0 0 0 0.28 0.84 0.36 0.84
154   3   1   1  -6   0   2 0 0 0 0 0.16 0.80 0.12 0.80
155   1   2  12   6   0   1 0 0 0 0 0.50 1.00 0.40 1.00
156   2   2   5  -2   0   2 0 0 0 0 0.24 0.86 0.36 0.86
157   4   1  13  -2   0   2 0 0 0 0 0.16 0.82 0.12 0.82
158   3   2  13  -2   0   2 0 0 0 0 0.24 0.86 0.38 0.86
159   5   2   3   0   1   2 0 0 1 0 0.26 0.88 0.38 0.88
160   3   2   3   2   0   2 0 0 0 0 0.26 0.88 0.34 0.88
161   5   1   7   2   0   2 0 0 0 0 0.18 0.82 0.14 0.82
162   4   2  14  -2   0   1 0 0 0 0 0.52 1.00 0.42 1.00
163   2   1   9  -3   0   2 0 0 0 0 0.18 0.84 0.14 0.84
164   4   1   7   3   0   2 0 0 0 0 0.20 0.84 0.16 0.84
165   5   1  11   1   0   2 0 0 0 0 0.20 0.86 0.16 0.86
166   2   2   7   3   0   2 0 0 0 0 0.28 0.90 0.34 0.90
167   5   1   6  -4   0   1 0 0 0 0 0.22 0.80 0.10 0.92
168   2   2   4   4   0   1 0 0 0 0 0.52 1.00 0.42 1.00
169   1   2  16   6   0   1 0 0 0 0 0.54 1.00 0.44 1.00
170   1   1  15   1   0   2 0 0 0 0 0.22 0.86 0.18 0.86
171   4   2   7   0   1   2 0 0 1 0 0.28 0.90 0.36 0.90
172   3   1   7   4   0   2 0 0 0 0 0.22 0.88 0.18 0.88
173   4   2   4   3   0   1 0 0 0 0 0.54 1.00 0.44 1.00
174   5   1  13  -5   0   2 0 0 0 0 0.24 0.88 0.20 0.88
175   1   1  15  -2   0   2 0 0 0 0 0.24 0.90 0.20 0.90
176   3   2   9  -3   0   2 0 0 0 0 0.30 0.92 0.32 0.92
177   2   1  16   3   0   1 0 0 0 0 0.24 0.82 0.12 0.94
178   2   2  10  -5   0   1 0 0 0 0 0.56 1.00 0.46 1.00
179   5   1  10  -5   0   1 0 0 0 0 0.24 0.82 0.12 0.94
180   5   2  16   0   1   1 0 0 1 0 0.56 1.00 0.46 1.00
181   3   1  15   0   1   2 1 0 0 0 0.26 0.90 0.22 0.90
182   2   1   2  -9   0   1 0 0 0 0 0.26 0.84 0.14 0.96
183   1   2  16   0   1   1 0 0 1 0 0.58 1.00 0.42 1.00
184   3   1   8   0   1   1 1 0 0 0 0.26 0.84 0.14 0.96
185   2   2  13   0   1   2 0 0 1 0 0.30 0.92 0.32 0.92
186   5   1   5   0   1   2 0 0 1 0 0.22 0.92 0.22 0.92
187   2   1   8   5   0   1 0 0 0 0 0.22 0.86 0.16 0.98
188   5   2  11   3   0   2 0 0 0 0 0.32 0.94 0.28 0.94
189   4   2  15  -2   0   2 0 0 0 0 0.32 0.94 0.28 0.94
190   4   2  15   0   1   2 1 0 1 0 0.34 0.96 0.30 0.96
191   4   1   4   2   0   1 0 0 0 0 0.22 0.86 0.16 0.98
192   2   1   6  -7   0   1 0 0 0 0 0.24 0.88 0.18 1.00
193   4   1  10  -5   0   1 0 0 0 0 0.24 0.88 0.18 1.00
194   1   1   2   0   1   1 0 0 1 0 0.26 0.90 0.20 1.00
195   4   2  12   6   0   1 0 0 0 0 0.58 1.00 0.38 1.00
196   1   1   3   2   0   2 0 0 0 0 0.22 0.92 0.18 0.92
197   2   1   1  -4   0   2 0 0 0 0 0.24 0.94 0.18 0.94
198   1   2   7   4   0   2 0 0 0 0 0.30 0.96 0.26 0.96
199   4   2  11   2   0   2 0 0 0 0 0.30 0.98 0.26 0.98
200   5   2   5  -4   0   2 0 0 0 0 0.32 0.98 0.28 0.98
201   4   2   6  -5   0   1 0 0 0 0 0.60 1.00 0.38 1.00
202   5   2  14  -6   0   1 0 0 0 0 0.60 1.00 0.40 1.00
203   1   1   7   4   0   2 0 0 0 0 0.24 0.94 0.20 0.94
204   5   1  14  -6   0   1 0 0 0 0 0.26 0.90 0.16 1.00
205   3   2   8   4   0   1 0 0 0 0 0.62 1.00 0.40 1.00
206   2   1  12   7   0   1 0 0 0 0 0.28 0.92 0.16 1.00
207   2   2  10  -7   0   1 0 0 0 0 0.62 1.00 0.42 1.00
208   2   1  11   2   0   2 0 0 0 0 0.26 0.96 0.20 0.96
209   5   2  15  -3   0   2 0 0 0 0 0.32 1.00 0.28 1.00
210   2   2  16   2   0   1 0 0 0 0 0.64 1.00 0.42 1.00
211   4   1  15   2   0   2 0 0 0 0 0.26 0.96 0.22 0.96
212   2   1   4   4   0   1 0 0 0 0 0.28 0.92 0.18 1.00
213   1   2   5  -2   0   2 0 0 0 0 0.34 1.00 0.30 1.00
214   3   1   4   3   0   1 0 0 0 0 0.30 0.94 0.18 1.00
215   3   2   6  -5   0   1 0 0 0 0 0.64 1.00 0.44 1.00
216   3   2  12   3   0   1 0 0 0 0 0.66 1.00 0.44 1.00
217   3   2  14   0   1   1 0 0 1 0 0.66 1.00 0.46 1.00
218   2   1  16   0   1   1 1 0 0 0 0.30 0.94 0.20 1.00
219   5   1   4   0   1   1 1 0 1 0 0.26 0.96 0.20 1.00
220   4   2   3   0   1   2 0 0 1 0 0.34 1.00 0.30 1.00
221   5   1   2  -9   0   1 0 0 0 0 0.22 0.96 0.16 1.00
222   1   1  13   0   1   2 1 0 0 0 0.28 0.98 0.22 0.98
223   4   2   1  -2   0   2 0 0 0 0 0.36 1.00 0.26 1.00
224   4   1  15  -3   0   2 0 0 0 0 0.24 0.98 0.24 0.98
225   1   2   9   0   1   2 1 0 0 0 0.36 1.00 0.26 1.00
226   1   2   4   0   1   1 1 0 0 0 0.68 1.00 0.42 1.00
227   5   2  15   0   1   2 0 0 1 0 0.32 1.00 0.28 1.00
228   3   1  11   3   0   2 0 0 0 0 0.24 1.00 0.24 1.00
229   1   1   6   0   1   1 1 0 0 0 0.22 0.98 0.16 1.00
230   4   2  13   0   1   2 0 0 1 0 0.32 1.00 0.24 1.00
231   5   2  10   0   1   1 1 0 0 0 0.64 1.00 0.42 1.00
232   1   2   6   0   1   1 0 0 1 0 0.60 1.00 0.44 1.00
233   3   1  14   0   1   1 0 0 1 0 0.18 0.98 0.18 1.00
234   5   1  10  -6   0   1 0 0 0 0 0.18 1.00 0.14 1.00
235   2   1   6   0   1   1 1 0 0 0 0.20 1.00 0.14 1.00
236   1   2   2   0   1   1 1 0 1 0 0.60 1.00 0.40 1.00
237   3   2   7   4   0   2 0 0 0 0 0.34 1.00 0.20 1.00
238   2   1  11   2   0   2 0 0 0 0 0.26 1.00 0.26 1.00
239   5   2  11   2   0   2 0 0 0 0 0.34 1.00 0.20 1.00
240   3   2   3   0   1   2 1 0 0 0 0.36 1.00 0.22 1.00
241   5   2   2   0   1   1 1 0 0 0 0.56 1.00 0.36 1.00
242   3   2   6   0   1   1 1 0 1 0 0.52 1.00 0.36 1.00
243   5   1   2   0   1   1 1 0 0 0 0.16 1.00 0.16 1.00
244   2   1   7   0   1   2 0 0 1 0 0.26 1.00 0.26 1.00
245   1   2   6   0   1   1 1 0 0 0 0.48 1.00 0.32 1.00
246   3   2  12   5   0   1 0 0 0 0 0.44 1.00 0.32 1.00
247   5   2   8   0   1   1 1 0 1 0 0.44 1.00 0.34 1.00
248   5   2   9  -4   0   2 0 0 0 0 0.32 1.00 0.22 1.00
249   1   1   5  -2   0   2 0 0 0 0 0.28 1.00 0.22 1.00
250   1   1  13  -2   0   2 0 0 0 0 0.28 1.00 0.22 1.00
251   2   2  15  -2   0   2 0 0 0 0 0.32 1.00 0.24 1.00
252   1   1   6  -4   0   1 0 0 0 0 0.12 1.00 0.16 1.00
253   3   2  14  -2   0   1 0 0 0 0 0.40 1.00 0.30 1.00
254   5   2   6  -4   0   1 0 0 0 0 0.40 1.00 0.30 1.00
255   2   2  13  -3   0   2 0 0 0 0 0.34 1.00 0.24 1.00
256   1   1  16   5   0   1 0 0 0 0 0.12 1.00 0.18 1.00
257   3   2  15  -2   0   2 0 0 0 0 0.34 1.00 0.26 1.00
258   2   2  11   0   1   2 1 0 0 0 0.36 1.00 0.26 1.00
259   4   2   1  -4   0   2 0 0 0 0 0.32 1.00 0.28 1.00
260   1   1  10   0   1   1 0 0 1 0 0.14 1.00 0.18 1.00
261   1   2   3  -2   0   2 0 0 0 0 0.32 1.00 0.28 1.00
262   5   2   5  -3   0   2 0 0 0 0 0.34 1.00 0.30 1.00
263   2   1  13   0   1   2 0 0 1 0 0.30 1.00 0.24 1.00
264   1   1  14  -4   0   1 0 0 0 0 0.14 1.00 0.14 1.00
265   4   1   2  -6   0   1 0 0 0 0 0.16 1.00 0.14 1.00
266   5   2  10  -3   0   1 0 0 0 0 0.42 1.00 0.32 1.00
267   1   2   2 -10   0   1 0 0 0 0 0.42 1.00 0.32 1.00
268   1   2   1  -4   0   2 0 0 0 0 0.34 1.00 0.30 1.00
269   1   2   5  -4   0   2 0 0 0 0 0.36 1.00 0.32 1.00
270   2   1  10  -2   0   1 0 0 0 0 0.16 1.00 0.16 1.00
271   4   2  15  -1   0   2 0 0 0 0 0.36 1.00 0.32 1.00
272   3   1  12   3   0   1 0 0 0 0 0.18 1.00 0.16 1.00
273   2   2  11   3   0   2 0 0 0 0 0.38 1.00 0.34 1.00
274   3   2   6   0   1   1 0 0 1 0 0.44 1.00 0.34 1.00
275   4   2   2   0   1   1 1 0 1 0 0.44 1.00 0.30 1.00
276   4   1  12   0   1   1 1 0 0 0 0.18 1.00 0.18 1.00
277   5   1   6   0   1   1 0 0 1 0 0.14 1.00 0.18 1.00
278   5   1  13  -3   0   2 0 0 0 0 0.30 1.00 0.20 1.00
279   2   2   8   3   0   1 0 0 0 0 0.40 1.00 0.26 1.00
280   4   2  10  -3   0   1 0 0 0 0 0.40 1.00 0.26 1.00
281   5   1  13   0   1   2 1 0 1 0 0.32 1.00 0.20 1.00
282   2   2   9  -3   0   2 0 0 0 0 0.38 1.00 0.34 1.00
283   4   2   7   3   0   2 0 0 0 0 0.40 1.00 0.36 1.00
284   4   2   5   1   0   2 0 0 0 0 0.40 1.00 0.36 1.00
285   3   1  11   1   0   2 0 0 0 0 0.28 1.00 0.16 1.00
286   5   2   7   4   0   2 0 0 0 0 0.42 1.00 0.38 1.00
287   2   2   8   4   0   1 0 0 0 0 0.42 1.00 0.28 1.00
288   2   2   2   0   1   1 1 0 0 0 0.42 1.00 0.28 1.00
289   3   2  11   1   0   2 0 0 0 0 0.42 1.00 0.38 1.00
290   5   2   6  -4   0   1 0 0 0 0 0.38 1.00 0.30 1.00
291   2   2  14  -3   0   1 0 0 0 0 0.38 1.00 0.30 1.00
292   3   2  14   0   1   1 0 0 1 0 0.40 1.00 0.32 1.00
293   5   1  16   4   0   1 0 0 0 0 0.14 1.00 0.14 1.00
294   5   2   5  -2   0   2 0 0 0 0 0.44 1.00 0.40 1.00
295   1   2   4   3   0   1 0 0 0 0 0.40 1.00 0.28 1.00
296   1   2  15   2   0   2 0 0 0 0 0.44 1.00 0.40 1.00
297   5   1   9  -2   0   2 0 0 0 0 0.28 1.00 0.16 1.00
298   2   1   8   5   0   1 0 0 0 0 0.16 1.00 0.14 1.00
299   2   2   3  -4   0   2 0 0 0 0 0.46 1.00 0.42 1.00
300   1   1   2  -9   0   1 0 0 0 0 0.16 1.00 0.16 1.00
301   4   1  10  -5   0   1 0 0 0 0 0.18 1.00 0.16 1.00
302   3   1   3  -2   0   2 0 0 0 0 0.30 1.00 0.18 1.00
303   1   1   1  -4   0   2 0 0 0 0 0.30 1.00 0.18 1.00
304   5   2  12   4   0   1 0 0 0 0 0.42 1.00 0.28 1.00
305   4   1   3   0   0   2 0 0 0 0 0.32 1.00 0.20 1.00
306   1   2   1  -3   0   2 0 0 0 0 0.46 1.00 0.42 1.00
307   4   1   2  -7   0   1 0 0 0 0 0.18 1.00 0.18 1.00
308   3   2  11   2   0   2 0 0 0 0 0.48 1.00 0.44 1.00
309   2   1  14  -3   0   1 0 0 0 0 0.20 1.00 0.18 1.00
310   2   1   7   4   0   2 0 0 0 0 0.32 1.00 0.20 1.00
311   3   2   2 -10   0   1 0 0 0 0 0.42 1.00 0.30 1.00
312   1   1   2 -10   0   1 0 0 0 0 0.20 1.00 0.20 1.00
313   3   1   1   0   1   2 1 0 1 0 0.34 1.00 0.22 1.00
314   2   1  12   5   0   1 0 0 0 0 0.22 1.00 0.20 1.00
315   3   1  10  -4   0   1 0 0 0 0 0.22 1.00 0.22 1.00
316   4   1   5   1   0   2 0 0 0 0 0.30 1.00 0.18 1.00
317   1   2  11   2   0   2 0 0 0 0 0.48 1.00 0.44 1.00
318   4   2  14   0   1   1 1 0 0 0 0.44 1.00 0.30 1.00
319   4   1  11   0   1   2 1 0 1 0 0.30 1.00 0.18 1.00
320   3   1  12   0   1   1 1 0 1 0 0.24 1.00 0.22 1.00
321   4   1   3  -2   0   2 0 0 0 0 0.26 1.00 0.14 1.00
322   2   2   3  -2   0   2 0 0 0 0 0.50 1.00 0.46 1.00
323   5   2  16   0   1   1 1 0 1 0 0.40 1.00 0.32 1.00
324   2   2   5  -4   0   2 0 0 0 0 0.50 1.00 0.46 1.00
325   3   2   1  -4   0   2 0 0 0 0 0.52 1.00 0.48 1.00
326   5   1   4   5   0   1 0 0 0 0 0.20 1.00 0.18 1.00
327   2   2   9  -6   0   2 0 0 0 0 0.52 1.00 0.48 1.00
328   1   2  13  -3   0   2 0 0 0 0 0.54 1.00 0.50 1.00
329   1   1  14  -3   0   1 0 0 0 0 0.20 1.00 0.18 1.00
330   5   2  10   0   1   1 1 0 0 0 0.36 1.00 0.28 1.00
331   2   2   6   0   1   1 1 0 0 0 0.32 1.00 0.28 1.00
332   1   2   4   4   0   1 0 0 0 0 0.28 1.00 0.30 1.00
333   3   1  15   1   0   2 0 0 0 0 0.26 1.00 0.14 1.00
334   4   1   5  -2   0   2 0 0 0 0 0.28 1.00 0.16 1.00
335   2   2  10  -4   0   1 0 0 0 0 0.28 1.00 0.30 1.00
336   3   2  16   6   0   1 0 0 0 0 0.30 1.00 0.32 1.00
337   2   2   5   0   1   2 0 0 1 0 0.54 1.00 0.50 1.00
338   5   1   5  -3   0   2 0 0 0 0 0.28 1.00 0.16 1.00
339   1   1  11   2   0   2 0 0 0 0 0.30 1.00 0.18 1.00
340   3   1   9  -4   0   2 0 0 0 0 0.30 1.00 0.18 1.00
341   3   1   7   5   0   2 0 0 0 0 0.32 1.00 0.20 1.00
342   1   1  11   0   1   2 1 0 0 0 0.32 1.00 0.20 1.00
343   4   2   1   0   1   2 1 0 0 0 0.56 1.00 0.46 1.00
344   5   1  14   0   1   1 0 0 1 0 0.22 1.00 0.20 1.00
345   5   1  11   3   0   2 0 0 0 0 0.28 1.00 0.22 1.00
346   3   2   7   0   1   2 1 0 1 0 0.52 1.00 0.46 1.00
347   3   1   4   4   0   1 0 0 0 0 0.22 1.00 0.16 1.00
348   1   2  16   0   1   1 1 0 1 0 0.30 1.00 0.32 1.00
349   2   1   4   0   1   1 1 0 0 0 0.24 1.00 0.16 1.00
350   3   1  10   0   1   1 1 0 0 0 0.20 1.00 0.18 1.00
351   4   2   5   0   1   2 1 0 1 0 0.48 1.00 0.42 1.00
352   5   2  13   0   1   2 1 0 1 0 0.44 1.00 0.38 1.00
353   3   2  16   0   1   1 0 0 1 0 0.26 1.00 0.28 1.00
354   2   1   3   0   1   2 0 0 1 0 0.28 1.00 0.22 1.00
355   3   1   5   0   1   2 1 0 0 0 0.30 1.00 0.18 1.00
356   1   1   5   0   1   2 1 0 1 0 0.26 1.00 0.18 1.00
357   2   1   8   0   1   1 0 0 1 0 0.16 1.00 0.18 1.00
358   2   2   7   4   0   2 0 0 0 0 0.40 1.00 0.34 1.00
359   5   1   3   0   1   2 0 0 1 0 0.22 1.00 0.14 1.00
360   2   1   3   0   1   2 1 0 0 0 0.22 1.00 0.10 1.00
361   2   1  14  -4   0   1 0 0 0 0 0.16 1.00 0.14 1.00
362   5   1   9   0   1   2 1 0 0 0 0.18 1.00 0.10 1.00
363   4   2  16   5   0   1 0 0 0 0 0.26 1.00 0.24 1.00
364   1   2  11   0   1   2 1 0 0 0 0.40 1.00 0.34 1.00
365   4   2   8   4   0   1 0 0 0 0 0.28 1.00 0.24 1.00
366   4   1   9  -3   0   2 0 0 0 0 0.14 1.00 0.12 1.00
367   3   1   5  -5   0   2 0 0 0 0 0.14 1.00 0.12 1.00
368   5   2   9  -5   0   2 0 0 0 0 0.36 1.00 0.36 1.00
369   3   2   4   5   0   1 0 0 0 0 0.28 1.00 0.26 1.00
370   4   2  10  -5   0   1 0 0 0 0 0.30 1.00 0.26 1.00
371   3   2   4   0   1   1 1 1 0 0 0.30 1.00 0.28 1.00
372   3   1  11   2   0   2 0 0 0 0 0.16 1.00 0.14 1.00
373   2   2   3   2   0   2 0 0 0 0 0.36 1.00 0.36 1.00
374   4   2   9  -3   0   2 0 0 0 0 0.38 1.00 0.38 1.00
375   5   2   7   4   0   2 0 0 0 0 0.38 1.00 0.38 1.00
376   4   1  12   5   0   1 0 0 0 0 0.18 1.00 0.14 1.00
377   1   2  15   0   0   2 0 0 0 0 0.40 1.00 0.40 1.00
378   2   2  13  -4   0   2 0 0 0 0 0.40 1.00 0.40 1.00
379   4   2   3  -2   0   2 0 0 0 0 0.42 1.00 0.42 1.00
380   2   1   3  -2   0   2 0 0 0 0 0.16 1.00 0.14 1.00
381   3   1  16   6   0   1 0 0 0 0 0.18 1.00 0.16 1.00
382   5   1   2   0   1   1 0 0 1 0 0.20 1.00 0.16 1.00
383   4   1  16   6   0   1 0 0 0 0 0.20 1.00 0.12 1.00
384   5   2   8   4   0   1 0 0 0 0 0.26 0.96 0.28 1.00
385   4   1  12   5   0   1 0 0 0 0 0.22 1.00 0.12 1.00
386   1   2  13   0   1   2 0 0 1 0 0.42 1.00 0.42 1.00
387   1   2   7   0   1   2 0 0 1 0 0.44 1.00 0.38 1.00
388   4   2  11   4   0   2 0 0 0 0 0.44 1.00 0.34 1.00
389   2   2  14  -7   0   1 0 0 0 0 0.26 0.96 0.30 1.00
390   3   2  16   0   1   1 0 0 1 0 0.28 0.98 0.30 1.00
391   4   1   9   0   1   2 1 1 1 1 0.18 1.00 0.16 1.00
392   4   2   6  -7   0   1 0 0 0 0 0.28 0.98 0.26 1.00
393   3   1  16   0   1   1 0 1 0 0 0.22 1.00 0.14 1.00
394   5   2   3   0   0   2 0 0 0 0 0.46 1.00 0.34 1.00
395   2   2  14   0   1   1 1 0 1 0 0.30 1.00 0.26 1.00
396   4   1   9  -2   0   2 0 0 0 0 0.14 0.96 0.12 0.96
397   4   1   4   2   0   1 0 0 0 0 0.24 0.96 0.14 1.00
398   4   2  12   5   0   1 0 0 0 0 0.26 1.00 0.22 1.00
399   1   2  14  -8   0   1 0 0 0 0 0.26 1.00 0.22 1.00
400   5   2   6  -5   0   1 0 0 0 0 0.28 1.00 0.24 1.00
401   1   1   4   0   1   1 1 1 1 1 0.24 0.96 0.16 1.00
402   1   2  10  -4   0   1 0 0 0 0 0.28 1.00 0.24 1.00
403   2   1   1  -7   0   2 0 0 0 0 0.14 0.96 0.12 0.96
404   2   1  15   0   1   2 1 0 1 0 0.16 0.98 0.14 0.98
405   3   1   2   0   1   1 1 0 1 0 0.20 0.92 0.12 0.96
406   5   2   9   0   1   2 1 0 1 0 0.46 1.00 0.36 1.00
407   1   2  15   0   1   2 0 0 1 0 0.42 1.00 0.32 1.00
408   5   1   1  -6   0   2 0 0 0 0 0.12 0.98 0.10 0.98
409   2   2  15  -2   0   2 0 0 0 0 0.42 1.00 0.28 1.00
410   2   2   1   0   1   2 1 0 0 0 0.44 1.00 0.28 1.00
411   4   1  14  -4   0   1 0 0 0 0 0.16 0.92 0.08 0.96
412   5   1   4   2   0   1 0 0 0 0 0.16 0.94 0.08 0.98
413   3   1  10  -2   0   1 0 0 0 0 0.18 0.94 0.10 0.98
414   4   1   4   4   0   1 0 0 0 0 0.18 0.96 0.10 1.00
415   2   1   6  -7   0   1 0 0 0 0 0.20 0.96 0.12 1.00
416   2   2   6  -2   0   1 0 0 0 0 0.30 1.00 0.26 1.00
417   2   2   7   2   0   2 0 0 0 0 0.40 1.00 0.30 1.00
418   3   2   1  -8   0   2 0 0 0 0 0.40 1.00 0.30 1.00
419   1   2   6  -4   0   1 0 0 0 0 0.30 1.00 0.26 1.00
420   5   1  15   0   1   2 1 1 1 1 0.12 1.00 0.10 1.00
421   1   2   8   4   0   1 0 0 0 0 0.32 1.00 0.28 1.00
422   1   1  16   4   0   1 0 0 0 0 0.20 0.98 0.12 1.00
423   4   1   6  -3   0   1 0 0 0 0 0.22 0.98 0.14 1.00
424   3   1  15  -2   0   2 0 0 0 0 0.08 0.96 0.06 0.96
425   4   1  13  -4   0   2 0 0 0 0 0.08 0.96 0.06 0.96
426   5   2  16   5   0   1 0 0 0 0 0.32 1.00 0.28 1.00
427   4   1   8   5   0   1 0 0 0 0 0.22 1.00 0.14 1.00
428   2   1  14  -6   0   1 0 0 0 0 0.24 1.00 0.16 1.00
429   5   1   1  -8   0   2 0 0 0 0 0.10 0.98 0.08 0.98
430   1   2   8   0   1   1 1 0 0 0 0.34 1.00 0.30 1.00
431   4   1   7   4   0   2 0 0 0 0 0.10 0.98 0.08 0.98
432   5   1   8   4   0   1 0 0 0 0 0.24 1.00 0.16 1.00
433   1   1   6  -6   0   1 0 0 0 0 0.26 1.00 0.18 1.00
434   5   1   1  -8   0   2 0 0 0 0 0.12 1.00 0.10 1.00
435   2   1  11   3   0   2 0 0 0 0 0.12 1.00 0.10 1.00
436   3   2   4   0   1   1 1 0 0 0 0.30 1.00 0.30 1.00
437   4   1   8   0   1   1 0 0 1 0 0.26 1.00 0.18 1.00
438   1   2  14   0   1   1 1 0 0 0 0.26 1.00 0.32 1.00
439   5   2  14   0   1   1 0 0 1 0 0.22 1.00 0.32 1.00
440   2   1   2  -9   0   1 0 0 0 0 0.28 1.00 0.14 1.00
441   1   2   9  -4   0   2 0 0 0 0 0.42 1.00 0.32 1.00
442   5   1  11   0   1   2 0 0 1 0 0.14 1.00 0.12 1.00
443   3   2  10  -5   0   1 0 0 0 0 0.22 1.00 0.28 1.00
444   4   2   4   4   0   1 0 0 0 0 0.24 1.00 0.28 1.00
445   3   2  13  -4   0   2 0 0 0 0 0.42 1.00 0.32 1.00
446   3   1   2   0   1   1 1 0 0 0 0.28 1.00 0.14 1.00
447   4   2   8   5   0   1 0 0 0 0 0.24 1.00 0.30 1.00
448   1   1   3   4   0   2 0 0 0 0 0.14 1.00 0.08 1.00
449   4   1   1  -5   0   2 0 0 0 0 0.16 1.00 0.08 1.00
450   1   1   8   0   1   1 1 0 1 0 0.24 1.00 0.16 1.00
451   3   2   2  -7   0   1 0 0 0 0 0.26 1.00 0.30 1.00
452   4   2  16   0   1   1 0 0 1 0 0.26 1.00 0.32 1.00
453   4   1  11   3   0   2 0 0 0 0 0.16 1.00 0.10 1.00
454   5   1  15  -2   0   2 0 0 0 0 0.18 1.00 0.10 1.00
455   3   1  13  -4   0   2 0 0 0 0 0.18 1.00 0.12 1.00
456   1   2   7   4   0   2 0 0 0 0 0.44 1.00 0.34 1.00
457   5   2  13  -6   0   2 0 0 0 0 0.44 1.00 0.34 1.00
458   1   1   9  -4   0   2 0 0 0 0 0.20 1.00 0.12 1.00
459   3   2   3   3   0   2 0 0 0 0 0.46 1.00 0.36 1.00
460   5   2  12   5   0   1 0 0 0 0 0.28 1.00 0.28 1.00
461   2   1   5  -6   0   2 0 0 0 0 0.20 1.00 0.14 1.00
462   5   1   7   4   0   2 0 0 0 0 0.22 1.00 0.14 1.00
463   3   2   8   4   0   1 0 0 0 0 0.28 1.00 0.28 1.00
464   5   1   8   4   0   1 0 0 0 0 0.20 1.00 0.12 1.00
465   5   1   6  -6   0   1 0 0 0 0 0.20 1.00 0.12 1.00
466   1   2  11   4   0   2 0 0 0 0 0.46 1.00 0.36 1.00
467   1   1   5   0   1   2 1 0 1 0 0.22 1.00 0.16 1.00
468   2   2   4   0   1   1 0 0 1 0 0.30 1.00 0.30 1.00
469   3   2  12   0   1   1 1 0 1 0 0.30 1.00 0.26 1.00
470   5   2  13   0   1   2 1 0 0 0 0.48 1.00 0.38 1.00
471   3   2   2   0   1   1 1 0 1 0 0.26 1.00 0.22 1.00
472   3   2  13   0   1   2 1 0 1 0 0.44 1.00 0.38 1.00
473   2   1   9   0   1   2 1 0 1 0 0.18 1.00 0.12 1.00
474   2   1  10   0   1   1 1 0 1 0 0.22 1.00 0.14 1.00
475   5   1  16   4   0   1 0 0 0 0 0.18 1.00 0.10 1.00
476   4   1   7   5   0   2 0 0 0 0 0.14 1.00 0.08 1.00
477   3   1   6  -4   0   1 0 0 0 0 0.18 1.00 0.10 1.00
478   1   1   8   5   0   1 0 0 0 0 0.20 1.00 0.12 1.00
479   2   1  12   0   1   1 1 0 0 0 0.20 1.00 0.12 1.00
480   4   1  16   0   1   1 1 1 0 0 0.16 1.00 0.14 1.00
