  1 5 6 1 2   7 0
  2 4 5 1 2   2 0
  3 3 5 1 2   2 0
  4 5 3 2 1  -3 0
  5 1 7 2 1   8 0
  6 5 7 2 1   7 0
  7 3 1 2 1  -7 0
  8 5 4 1 2  -5 0
  9 4 2 1 2  -8 0
 10 2 1 2 1  -7 0
 11 2 5 2 1   3 0
 12 5 1 2 1  -5 0
 13 4 6 2 1   5 0
 14 2 3 2 1  -1 0
 15 4 3 1 2  -5 0
 16 3 2 1 2  -6 0
 17 1 3 1 2  -6 0
 18 5 7 2 1   8 0
 19 5 1 1 2  -9 0
 20 1 1 1 2  -9 0
 21 3 4 1 2  -5 0
 22 5 7 1 2   7 0
 23 5 7 2 1   8 0
 24 5 2 1 2  -5 0
 25 4 6 2 1   4 0
 26 1 7 1 2   7 0
 27 1 7 2 1   7 0
 28 1 2 1 2  -5 0
 29 5 4 1 2  -4 0
 30 5 3 1 2  -3 0
 31 4 1 1 2  -8 0
 32 2 4 2 1   0 0
 33 3 3 1 2  -3 0
 34 5 6 1 2   6 0
 35 2 7 2 1   7 0
 36 1 2 1 2  -5 0
 37 3 3 2 1   0 0
 38 4 4 2 1   0 0
 39 2 5 1 2   2 0
 40 2 2 2 1  -4 0
 41 5 2 2 1  -5 0
 42 1 5 1 2   2 0
 43 4 1 1 2  -6 0
 44 5 2 2 1  -6 0
 45 3 3 2 1   0 0
 46 4 7 2 1   7 0
 47 1 1 2 1  -4 0
 48 4 1 2 1  -7 0
 49 1 1 2 1  -5 0
 50 2 1 1 2  -6 0
 51 3 2 2 1  -1 0
 52 1 1 1 2  -7 0
 53 3 2 2 1  -4 0
 54 1 7 1 2   9 0
 55 5 1 1 2  -8 0
 56 4 4 1 2  -5 0
 57 1 2 2 1  -4 0
 58 3 4 1 2  -3 0
 59 5 6 1 2   5 0
 60 5 3 1 2  -7 0
 61 2 5 2 1   2 0
 62 4 2 1 2  -7 0
 63 4 1 1 2 -10 0
 64 5 2 2 1  -6 0
 65 4 7 2 1   9 0
 66 5 5 2 1   2 0
 67 2 5 2 1   1 0
 68 4 5 2 1   1 0
 69 5 1 1 2  -5 0
 70 2 5 1 2   2 0
 71 3 5 2 1   5 0
 72 4 2 1 2  -7 0
 73 2 2 1 2  -6 0
 74 3 7 1 2   8 0
 75 3 1 2 1  -4 0
 76 1 7 2 1  10 0
 77 1 2 1 2  -7 0
 78 3 3 1 2  -4 0
 79 3 2 2 1  -3 0
 80 2 2 1 2  -7 0
 81 1 2 2 1  -4 0
 82 3 1 1 2  -9 0
 83 2 3 2 1   0 0
 84 2 5 1 2   4 0
 85 2 5 1 2   1 0
 86 3 4 2 1  -1 0
 87 3 6 1 2   6 0
 88 2 4 1 2  -1 0
 89 1 5 1 2  -2 0
 90 4 6 2 1   6 0
 91 3 5 1 2   5 0
 92 5 3 2 1  -4 0
 93 2 6 1 2   8 0
 94 2 4 2 1   0 0
 95 5 5 1 2   3 0
 96 3 7 2 1   8 0
 97 5 4 2 1  -1 0
 98 2 1 1 2 -10 0
 99 2 6 1 2   8 0
100 1 2 2 1  -6 0
101 4 7 2 1   8 0
102 4 6 1 2   7 0
103 2 3 2 1  -4 0
104 5 1 2 1  -9 0
105 5 1 1 2 -10 0
106 2 3 1 2  -6 0
107 4 4 2 1  -1 0
108 4 5 2 1   2 0
109 2 6 2 1   5 0
110 4 3 1 2  -5 0
111 2 2 2 1  -6 0
112 5 2 1 2  -6 0
113 4 3 2 1  -3 0
114 3 4 2 1  -2 0
115 2 7 2 1   5 0
116 4 5 1 2   4 0
117 2 5 2 1   1 0
118 5 4 1 2  -5 0
119 1 5 2 1   0 0
120 1 3 1 2  -5 0
121 2 3 2 1  -4 0
122 1 3 2 1  -5 0
123 3 7 1 2   9 0
124 1 7 1 2   9 0
125 3 6 1 2   7 0
126 3 7 1 2   7 0
127 5 7 2 1   6 0
128 3 6 1 2   5 0
129 5 6 2 1   5 0
130 5 6 1 2   5 0
131 1 5 1 2   4 0
132 1 1 1 2  -6 0
133 4 3 2 1  -5 0
134 4 2 2 1  -6 0
135 3 1 2 1  -7 0
136 3 3 1 2  -3 0
137 2 3 2 1  -3 0
138 1 7 1 2   9 0
139 5 7 2 1   8 0
140 3 3 2 1  -2 0
141 2 4 1 2  -3 0
142 3 4 1 2  -4 0
143 2 3 1 2  -5 0
144 1 6 2 1   5 0
145 1 3 2 1  -4 0
146 3 6 1 2   8 0
147 3 5 1 2   5 0
148 3 2 1 2  -6 0
149 5 5 2 1   3 0
150 2 1 2 1  -6 0
151 5 6 2 1   5 0
152 1 6 1 2   7 0
153 4 6 2 1   6 0
154 5 4 2 1   0 0
155 2 7 1 2   8 0
156 4 4 1 2  -5 0
157 4 5 1 2   2 0
158 3 4 1 2  -4 0
159 2 6 2 1   6 0
160 2 4 1 2  -4 0
161 1 6 1 2   5 0
162 4 5 1 2   4 0
163 4 7 1 2   6 0
164 4 7 2 1   7 0
165 2 7 2 1   8 0
166 3 6 2 1   4 0
167 4 7 1 2   7 0
168 3 6 2 1   4 0
169 5 7 1 2   7 0
170 3 7 2 1   6 0
171 5 2 1 2  -7 0
172 1 1 2 1  -7 0
173 4 7 1 2   8 0
174 3 1 1 2  -9 0
175 1 3 1 2  -5 0
176 2 2 1 2  -6 0
177 1 5 1 2   1 0
178 1 7 2 1   5 0
179 1 1 2 1  -2 0
180 2 7 1 2   8 0
181 2 1 2 1 -10 0
182 1 3 2 1  -7 0
183 4 2 2 1  -5 0
184 1 6 1 2   5 0
185 4 6 1 2   4 0
186 2 6 1 2   4 0
187 4 7 2 1   5 0
188 1 4 2 1  -1 0
189 4 1 1 2  -6 0
190 1 5 2 1   0 0
191 5 7 1 2   8 0
192 3 3 1 2  -4 0
193 2 4 1 2  -6 0
194 2 2 2 1  -6 0
195 5 3 1 2  -5 0
196 3 4 1 2  -4 0
197 4 1 2 1  -7 0
198 3 5 2 1  -4 0
199 2 1 1 2 -10 0
200 4 6 1 2   6 0
201 1 3 1 2  -5 0
202 2 1 1 2  -9 0
203 4 6 1 2   5 0
204 4 3 1 2  -5 0
205 3 2 1 2  -6 0
206 4 4 1 2  -4 0
207 3 1 2 1  -7 0
208 5 4 1 2  -5 0
209 1 4 1 2  -5 0
210 5 2 1 2  -6 0
211 4 6 2 1   5 0
212 5 3 2 1  -3 0
213 1 4 2 1  -2 0
214 2 3 1 2  -2 0
215 3 6 2 1   4 0
216 1 2 1 2  -7 0
217 2 4 2 1  -3 0
218 4 7 1 2   7 0
219 2 1 2 1  -8 0
220 4 2 2 1  -8 0
221 4 1 2 1  -8 0
222 2 4 2 1  -3 0
223 3 3 2 1  -3 0
224 4 4 2 1  -2 0
225 2 7 2 1   4 0
226 1 3 2 1  -2 0
227 1 4 1 2  -3 0
228 1 6 1 2   6 0
229 1 6 1 2   5 0
230 5 1 2 1  -7 0
231 2 6 1 2   5 0
232 5 5 1 2   4 0
233 1 5 2 1   1 0
234 2 6 2 1   2 0
235 3 5 2 1   2 0
236 5 6 2 1   4 0
237 5 2 2 1  -7 0
238 1 6 2 1   5 0
239 4 7 1 2   9 0
240 3 3 2 1  -6 0
241 4 4 1 2   0 0
242 1 4 2 1  -1 0
243 2 4 1 2  -5 0
244 4 2 2 1  -9 0
245 2 1 1 2 -10 0
246 1 1 1 2  -9 0
247 3 2 2 1  -6 0
248 2 5 2 1   1 0
249 2 1 2 1  -7 0
250 1 3 1 2  -5 0
251 2 5 1 2   4 0
252 3 1 1 2  -7 0
253 5 4 2 1  -1 0
254 2 6 2 1   5 0
255 5 3 1 2  -3 0
256 1 6 2 1   5 0
257 5 6 1 2   5 0
258 5 3 2 1  -1 0
259 1 5 2 1   1 0
260 4 4 2 1  -2 0
261 1 4 2 1  -2 0
262 3 5 2 1   2 0
263 5 7 1 2   8 0
264 3 2 1 2  -8 0
265 2 2 1 2  -8 0
266 3 4 2 1  -4 0
267 5 5 1 2   5 0
268 1 2 2 1  -6 0
269 2 2 2 1  -6 0
270 2 7 2 1   8 0
271 1 1 2 1  -8 0
272 4 3 1 2  -5 0
273 2 7 1 2  10 0
274 4 1 1 2  -9 0
275 3 7 1 2   8 0
276 5 2 2 1  -5 0
277 5 4 2 1  -2 0
278 1 7 2 1   5 0
279 4 5 2 1   0 0
280 1 2 2 1  -6 0
281 4 4 2 1  -4 0
282 1 4 1 2  -5 0
283 3 4 2 1  -3 0
284 1 4 1 2  -5 0
285 4 4 1 2  -5 0
286 1 6 2 1   5 0
287 5 1 2 1  -9 0
288 4 3 2 1  -4 0
289 5 6 2 1   5 0
290 3 5 1 2   4 0
291 5 2 1 2  -6 0
292 4 1 2 1  -8 0
293 3 4 2 1  -3 0
294 1 3 2 1  -4 0
295 2 2 2 1  -5 0
296 5 1 2 1  -6 0
297 3 6 1 2   6 0
298 5 3 2 1  -5 0
299 4 5 1 2   5 0
300 3 5 1 2   4 0
301 2 3 1 2  -4 0
302 3 7 2 1   8 0
303 4 5 2 1   2 0
304 2 7 1 2   9 0
305 5 4 2 1   0 0
306 4 5 2 1   1 0
307 5 5 1 2   2 0
308 3 7 1 2   5 0
309 4 6 1 2   5 0
310 2 7 1 2   6 0
311 3 1 1 2  -8 0
312 1 6 2 1   5 0
313 2 6 2 1   5 0
314 1 4 2 1  -2 0
315 1 2 1 2  -8 0
316 1 4 1 2  -5 0
317 3 1 2 1  -9 0
318 4 2 1 2 -10 0
319 3 5 2 1   1 0
320 3 6 2 1   2 0
321 5 7 1 2   6 0
322 2 2 1 2  -6 0
323 4 3 1 2  -5 0
324 1 1 1 2  -7 0
325 5 5 2 1   1 0
326 2 6 1 2   6 0
327 3 7 2 1   5 0
328 1 5 2 1   0 0
329 1 7 1 2   7 0
330 2 3 1 2  -5 0
331 3 2 1 2  -5 0
332 5 4 1 2  -4 0
333 5 3 1 2  -4 0
334 5 5 2 1   1 0
335 3 7 2 1   7 0
336 4 3 2 1  -1 0
337 2 4 2 1  -1 0
338 5 5 2 1   0 0
339 4 3 2 1  -1 0
340 5 5 1 2   1 0
341 3 1 1 2  -9 0
342 5 1 1 2 -10 0
343 3 2 2 1  -8 0
344 4 1 2 1  -8 0
345 1 5 1 2   4 0
346 3 3 1 2  -5 0
347 5 6 2 1   3 0
348 4 2 2 1  -7 0
349 4 2 1 2  -9 0
350 3 6 2 1   5 0
