  1 1 4 2 1  -3 0
  2 5 7 2 1   0 1
  3 1 5 1 2   0 0
  4 4 7 2 1   6 0
  5 4 2 1 2  -3 0
  6 2 5 1 2   0 0
  7 1 3 2 1  -3 0
  8 4 7 2 1   4 0
  9 2 4 1 2   0 1
 10 5 3 2 1  -5 0
 11 4 6 2 1   0 1
 12 2 3 1 2   0 1
 13 3 2 1 2   0 1
 14 3 4 1 2   0 1
 15 3 4 2 1  -3 0
 16 3 4 1 2  -4 0
 17 3 6 1 2   0 1
 18 4 5 1 2   0 0
 19 3 4 1 2  -4 0
 20 4 5 1 2   0 0
 21 1 2 1 2   2 0
 22 1 6 1 2   6 0
 23 5 5 1 2   0 1
 24 4 3 2 1   0 1
 25 1 6 2 1   0 1
 26 3 4 2 1   0 1
 27 4 1 1 2   0 1
 28 1 1 1 2   0 1
 29 4 1 2 1  -5 0
 30 3 3 2 1   0 1
 31 3 1 2 1  -6 0
 32 5 5 1 2   4 0
 33 2 1 1 2  -5 0
 34 1 6 1 2   3 0
 35 1 5 1 2  -5 0
 36 5 2 1 2  -3 0
 37 2 1 2 1  -5 0
 38 3 6 1 2   0 1
 39 3 4 2 1   0 1
 40 4 3 1 2   0 1
 41 3 7 2 1   8 0
 42 2 7 1 2   9 0
 43 2 5 1 2   5 0
 44 4 4 1 2   0 1
 45 4 3 1 2  -4 0
 46 1 6 2 1   5 0
 47 2 7 1 2   0 1
 48 2 3 1 2  -5 0
 49 2 2 2 1   0 1
 50 5 7 2 1  10 0
 51 2 7 2 1  10 0
 52 2 7 1 2  10 0
 53 1 1 1 2  -7 0
 54 3 1 1 2 -10 0
 55 3 6 2 1   0 1
 56 4 4 2 1   0 1
 57 5 4 2 1   0 1
 58 4 7 2 1   8 0
 59 5 7 1 2   7 0
 60 5 6 2 1   4 0
 61 1 5 1 2   0 1
 62 2 2 1 2  -4 0
 63 4 3 2 1  -3 0
 64 4 4 2 1   0 1
 65 1 6 1 2   0 1
 66 3 1 1 2  -7 0
 67 3 2 2 1  -5 0
 68 3 4 2 1   0 1
 69 3 5 2 1   0 0
 70 3 5 1 2   0 1
 71 5 2 1 2  -4 0
 72 4 6 1 2   4 0
 73 2 3 2 1   0 0
 74 5 2 2 1  -3 0
 75 2 3 1 2  -2 0
 76 3 2 1 2  -5 0
 77 5 7 1 2   0 1
 78 5 3 1 2   0 1
 79 1 6 1 2   4 0
 80 2 5 2 1   2 0
 81 3 5 2 1   0 0
 82 1 3 2 1  -3 0
 83 5 1 1 2  -8 0
 84 1 1 1 2   0 1
 85 1 4 2 1   0 1
 86 3 6 1 2   0 1
 87 1 7 2 1   5 0
 88 1 2 2 1  -3 0
 89 5 5 2 1   0 1
 90 3 3 2 1  -2 0
 91 4 7 1 2   0 1
 92 5 3 1 2   0 1
 93 1 3 1 2   0 1
 94 1 4 1 2  -2 0
 95 1 4 1 2   0 1
 96 2 2 1 2   0 1
 97 4 2 2 1  -3 0
 98 5 1 1 2   0 1
 99 2 1 2 1   0 1
100 2 2 2 1   0 0
101 4 5 2 1   0 1
102 3 7 1 2   0 1
103 2 4 2 1   0 1
104 1 7 2 1   0 1
105 1 4 2 1  -3 0
106 2 5 2 1   0 1
107 3 7 1 2   8 0
108 2 7 2 1   2 0
109 2 4 2 1   0 0
110 5 2 2 1  -4 0
111 1 4 2 1  -3 0
112 2 1 1 2  -9 0
113 2 5 2 1  -3 0
114 5 7 1 2   8 0
115 5 1 1 2  -5 0
116 5 6 2 1   0 1
117 3 5 1 2   0 1
118 2 4 1 2   0 0
119 5 4 1 2   3 0
120 2 6 2 1   5 0
121 2 4 2 1   0 1
122 1 5 2 1   0 0
123 3 7 1 2   6 0
124 4 5 2 1   0 0
125 5 4 1 2  -2 0
126 5 2 1 2  -7 0
127 2 4 2 1   0 1
128 1 2 2 1  -3 0
129 1 3 1 2   0 1
130 1 5 1 2   0 1
131 5 5 1 2   0 1
132 3 2 2 1  -4 0
133 1 5 2 1   0 1
134 4 5 1 2   0 1
135 4 3 2 1   3 0
136 3 3 2 1   0 0
137 5 4 1 2   0 0
138 3 6 2 1   2 0
139 4 2 1 2  -2 0
140 2 1 2 1  -7 0
141 3 2 1 2   3 0
142 1 3 1 2   0 1
143 3 3 2 1   0 0
144 2 6 2 1   3 0
145 1 4 1 2  -2 0
146 4 6 2 1   0 1
147 1 3 1 2   0 1
148 4 6 1 2   0 1
149 2 3 2 1  -1 0
150 4 3 2 1   3 0
151 3 7 2 1   7 0
152 5 2 2 1  -4 0
153 5 6 2 1   4 0
154 3 7 2 1   9 0
155 2 7 2 1   8 0
156 5 6 1 2   5 0
157 4 5 1 2   0 1
158 2 3 1 2   0 1
159 5 2 2 1   0 1
160 5 1 2 1 -10 0
161 3 1 2 1   0 1
162 4 6 2 1   0 1
163 5 3 1 2  -2 0
164 5 5 2 1   2 0
165 4 6 2 1   0 1
166 5 1 2 1  -9 0
167 1 3 2 1   0 0
168 5 7 2 1   5 0
169 2 6 1 2   5 0
170 5 1 2 1   0 1
171 4 5 2 1   0 1
172 3 2 2 1  -2 0
173 1 6 2 1   2 0
174 4 1 1 2   0 1
175 1 7 1 2   0 1
176 1 4 1 2   0 1
177 5 3 2 1   0 1
178 2 6 1 2   6 0
179 4 2 2 1  -5 0
180 2 6 2 1   5 0
181 2 3 2 1   3 0
182 1 2 2 1   0 1
183 5 4 2 1   0 0
184 2 2 2 1  -2 0
185 4 4 1 2   0 1
186 4 4 2 1  -2 0
187 1 5 2 1   0 1
188 4 7 1 2   0 1
189 4 7 2 1   0 1
190 1 5 2 1   0 0
191 2 1 2 1   0 1
192 5 1 2 1   0 0
193 5 4 2 1   0 1
194 3 6 2 1   0 1
195 2 6 1 2   0 1
196 2 2 2 1   0 1
197 1 1 1 2  -9 0
198 5 6 2 1   4 0
199 1 1 2 1  -5 0
200 2 7 2 1   5 0
201 1 7 1 2   0 1
202 3 1 1 2   0 0
203 1 3 2 1   0 1
204 5 7 1 2   0 1
205 3 3 1 2   0 1
206 4 7 1 2   4 0
207 4 2 1 2  -3 0
208 4 1 2 1 -10 0
209 2 1 1 2   0 1
210 3 1 2 1  -8 0
211 2 6 2 1   3 0
212 5 5 2 1   0 0
213 5 7 1 2   0 1
214 5 3 2 1   0 0
215 5 5 2 1   0 1
216 4 7 1 2   4 0
217 3 1 1 2   0 1
218 3 2 1 2   0 1
219 4 4 1 2  -2 0
220 2 7 1 2   0 1
221 1 7 1 2   0 1
222 3 2 1 2   0 1
223 3 7 1 2   6 0
224 4 5 1 2   0 1
225 2 2 1 2   0 1
226 4 4 1 2  -2 0
227 5 5 1 2  -3 0
228 1 7 2 1   0 1
229 5 3 2 1   0 0
230 5 4 1 2  -2 0
231 3 2 2 1   0 1
232 4 1 2 1  -4 0
233 3 3 1 2  -2 0
234 3 6 2 1   5 0
235 2 5 2 1   0 0
236 4 6 1 2   0 1
237 4 1 1 2   0 1
238 2 7 1 2   6 0
239 4 3 1 2  -2 0
240 3 6 1 2   0 1
241 1 1 1 2   0 1
242 2 3 2 1   0 1
243 1 2 1 2  -3 0
244 4 1 2 1  -5 0
245 1 1 2 1  -8 0
246 4 5 2 1   3 0
247 5 6 2 1   3 0
248 5 5 2 1   0 1
249 2 5 1 2   3 0
250 5 4 2 1  -1 0
251 3 5 1 2   2 0
252 1 1 2 1  -9 0
253 4 3 2 1   0 1
254 4 4 2 1   0 1
255 1 7 1 2   0 1
256 1 6 1 2   0 1
257 2 2 2 1  -3 0
258 3 3 2 1   0 1
259 4 4 1 2   0 1
260 5 3 1 2   0 1
261 4 5 2 1   3 0
262 4 2 1 2   0 0
263 1 2 1 2   0 1
264 5 6 1 2   0 1
265 2 3 1 2   0 1
266 5 4 1 2   0 1
267 3 7 1 2   0 1
268 3 5 2 1   0 1
269 2 6 1 2   0 1
270 4 2 2 1   0 1
271 2 1 1 2  -5 0
272 1 5 1 2   0 1
273 3 6 2 1   0 1
274 5 1 2 1  -5 0
275 5 6 1 2   3 0
276 2 6 1 2   2 0
277 4 2 2 1  -3 0
278 1 2 1 2   0 1
279 1 4 2 1   0 0
280 2 4 1 2   0 0
281 5 1 1 2  -7 0
282 3 3 1 2  -2 0
283 5 6 1 2   3 0
284 3 3 1 2  -1 0
285 4 4 2 1   0 1
286 5 1 1 2   0 1
287 1 3 1 2   0 1
288 2 1 1 2   0 1
289 3 1 2 1  -8 0
290 2 5 1 2   0 1
291 1 7 2 1   3 0
292 3 4 2 1   0 1
293 3 5 2 1   0 0
294 2 4 1 2  -1 0
295 2 7 2 1   0 1
296 1 7 2 1  10 0
297 4 6 2 1   4 0
298 3 1 2 1  -7 0
299 5 7 2 1   5 0
300 2 6 2 1   0 1
301 3 4 1 2   0 1
302 2 4 1 2  -2 0
303 3 7 2 1   0 1
304 5 2 1 2   0 1
305 3 4 1 2   0 1
306 4 2 2 1  -5 0
307 5 5 1 2   0 0
308 4 1 1 2  -5 0
309 4 1 1 2  -5 0
310 3 5 1 2   2 0
311 1 2 2 1   0 1
312 2 2 1 2  -5 0
313 1 1 2 1   0 1
314 1 2 2 1   0 1
315 1 6 2 1   3 0
316 4 6 1 2   0 1
317 5 7 2 1   5 0
318 5 2 2 1  -5 0
319 2 5 1 2   0 0
320 5 2 1 2   0 1
321 3 3 1 2   0 1
322 5 3 1 2   0 1
323 1 7 1 2   0 1
324 5 4 2 1  -3 0
325 1 5 2 1   0 0
326 2 2 1 2  -5 0
327 3 2 2 1   0 0
328 4 1 2 1   0 1
329 5 6 1 2   0 1
330 4 2 1 2   0 0
331 4 7 2 1   5 0
332 5 3 2 1   0 1
333 1 1 2 1   0 1
334 4 3 1 2   0 1
335 1 2 1 2   0 1
336 1 3 2 1   0 0
337 3 1 1 2   0 1
338 1 4 1 2   0 1
339 3 7 2 1   5 0
340 2 5 2 1   2 0
341 2 3 2 1   0 1
342 3 5 2 1   0 0
343 3 6 1 2   5 0
344 1 6 2 1   4 0
345 2 4 2 1   0 0
346 2 1 2 1  -6 0
347 4 3 1 2   0 1
348 4 6 1 2   3 0
349 4 7 1 2   0 1
350 3 5 1 2   2 0
