  1 4 6 2 1  10 0
  2 3 4 2 1   8 0
  3 3 2 2 1   7 0
  4 3 6 1 2  10 0
  5 4 5 1 2  10 0
  6 5 1 1 2  10 0
  7 5 4 2 1  10 0
  8 1 7 2 1  10 0
  9 2 2 2 1  10 0
 10 1 2 2 1  10 0
 11 3 1 1 2 -10 0
 12 5 7 1 2  10 0
 13 4 7 1 2  10 0
 14 4 5 2 1  10 0
 15 4 7 2 1  10 0
 16 2 6 2 1  10 0
 17 2 5 2 1  10 0
 18 2 6 2 1   7 0
 19 5 4 1 2   4 0
 20 5 7 1 2   5 0
 21 1 2 2 1   4 0
 22 5 3 2 1   0 1
 23 2 2 1 2   0 1
 24 4 4 1 2   0 1
 25 2 7 1 2   7 0
 26 3 7 2 1   0 1
 27 2 4 2 1   0 1
 28 3 3 1 2  -7 0
 29 1 3 2 1   4 0
 30 3 4 2 1   5 0
 31 5 2 2 1  -4 0
 32 5 1 1 2  -8 0
 33 1 2 2 1  -5 0
 34 3 7 1 2   0 1
 35 3 6 1 2   5 0
 36 3 2 1 2  -6 0
 37 2 2 2 1   5 0
 38 3 1 2 1   0 1
 39 5 6 1 2   0 1
 40 1 6 2 1  10 0
 41 3 2 2 1  -5 0
 42 2 2 2 1  -4 0
 43 1 5 1 2   0 1
 44 5 5 1 2   0 1
 45 5 7 2 1   0 0
 46 1 1 2 1  -7 0
 47 4 2 1 2 -10 0
 48 3 2 2 1  -3 0
 49 3 6 2 1  10 0
 50 3 4 1 2   0 1
 51 1 3 2 1   0 1
 52 5 2 1 2   0 1
 53 1 2 1 2  -7 0
 54 5 4 2 1   1 0
 55 2 7 2 1  10 0
 56 4 5 2 1   2 0
 57 2 7 1 2   0 1
 58 1 4 2 1   0 0
 59 3 6 1 2   7 0
 60 4 6 1 2  10 0
 61 4 1 1 2   0 1
 62 4 3 2 1   6 0
 63 4 1 2 1   4 0
 64 5 5 2 1   6 0
 65 4 3 2 1  -1 0
 66 4 5 2 1   3 0
 67 3 5 2 1   5 0
 68 2 3 1 2   0 1
 69 5 6 2 1   5 0
 70 5 3 1 2   0 1
 71 2 4 1 2   4 0
 72 1 5 1 2   0 1
 73 2 7 2 1   0 1
 74 4 3 1 2   0 1
 75 3 3 2 1   6 0
 76 4 6 1 2   8 0
 77 5 6 2 1  10 0
 78 4 5 1 2   0 1
 79 2 7 2 1  10 0
 80 5 7 2 1   0 1
 81 5 6 2 1   0 1
 82 3 4 2 1   0 1
 83 4 3 2 1  -7 0
 84 4 4 2 1   0 1
 85 3 5 2 1   5 0
 86 1 2 2 1   6 0
 87 1 3 1 2   0 1
 88 5 7 1 2   0 1
 89 3 6 2 1   0 1
 90 2 4 1 2   0 1
 91 3 3 2 1   0 1
 92 4 3 1 2 -10 0
 93 3 7 2 1   0 1
 94 3 5 1 2   0 1
 95 5 3 2 1   0 1
 96 4 2 2 1  -2 0
 97 1 7 1 2  10 0
 98 5 4 2 1   0 1
 99 5 3 1 2  -2 0
100 1 2 1 2   0 0
101 5 2 2 1  -5 0
102 1 2 1 2   0 1
103 4 5 2 1   0 1
104 3 7 2 1   0 1
105 3 3 2 1   0 1
106 1 6 2 1   9 0
107 4 7 2 1   5 0
108 4 3 1 2   0 1
109 4 4 2 1   0 1
110 1 5 2 1   0 1
111 1 1 2 1  -5 0
112 1 4 1 2   0 1
113 2 4 1 2   0 1
114 4 1 2 1  -6 0
115 4 2 2 1   0 1
116 5 7 2 1   0 1
117 1 3 2 1   4 0
118 2 4 1 2   1 0
119 5 7 1 2   0 1
120 2 6 2 1   0 1
121 4 4 2 1   0 1
122 3 1 2 1   0 1
123 3 3 2 1  -1 0
124 4 6 1 2   0 1
125 5 4 1 2  -6 0
126 5 6 2 1   0 1
127 1 4 2 1   1 0
128 4 1 1 2  -6 0
129 2 1 2 1  -5 0
130 1 1 1 2   0 1
131 2 3 2 1   0 1
132 1 5 1 2   0 1
133 3 7 2 1  10 0
134 5 2 2 1   0 1
135 5 6 1 2   6 0
136 3 1 2 1   0 1
137 2 5 1 2   0 1
138 1 7 2 1   0 1
139 5 5 2 1   0 1
140 1 1 2 1   3 0
141 1 6 2 1  10 0
142 3 4 2 1   0 0
143 4 2 1 2  -5 0
144 3 6 2 1   5 0
145 4 5 2 1   4 0
146 3 7 2 1   5 0
147 1 6 1 2   5 0
148 3 1 2 1  -5 0
149 2 3 2 1   0 1
150 2 6 1 2   4 0
151 3 5 2 1   0 1
152 2 5 1 2   0 1
153 2 4 2 1   6 0
154 4 2 1 2   0 1
155 5 5 1 2   0 1
156 5 1 2 1   5 0
157 3 2 1 2  -7 0
158 2 3 1 2 -10 0
159 4 5 1 2   0 1
160 1 5 2 1   0 1
161 1 4 2 1   0 1
162 4 4 2 1   0 1
163 3 2 1 2 -10 0
164 4 3 2 1   4 0
165 3 2 2 1   4 0
166 5 1 2 1   0 1
167 5 5 1 2   0 1
168 1 4 1 2   0 1
169 3 5 1 2   5 0
170 2 5 1 2   0 1
171 2 7 2 1  10 0
172 1 2 1 2 -10 0
173 1 5 1 2   0 1
174 2 5 2 1   0 1
175 4 7 1 2   5 0
176 2 6 1 2   6 0
177 3 3 2 1   2 0
178 5 4 2 1   2 0
179 1 6 1 2   0 1
180 2 6 2 1   0 1
181 4 6 2 1   0 1
182 2 7 1 2   3 0
183 5 6 1 2   2 0
184 3 4 1 2  -3 0
185 5 3 2 1   6 0
186 3 7 1 2  10 0
187 1 2 2 1   4 0
188 2 3 1 2   0 1
189 3 5 1 2   0 1
190 2 5 1 2  10 0
191 3 3 1 2   0 1
192 3 5 1 2   0 1
193 4 2 1 2   5 0
194 2 3 1 2   0 1
195 5 2 1 2   0 1
196 4 6 2 1   0 1
197 3 7 1 2  10 0
198 1 1 2 1   0 1
199 4 3 2 1   0 1
200 1 5 2 1   5 0
201 4 6 2 1  10 0
202 4 2 1 2  -6 0
203 4 1 2 1   0 1
204 2 2 1 2   0 1
205 3 1 2 1   0 1
206 2 6 1 2   4 0
207 1 7 1 2   6 0
208 3 5 1 2   5 0
209 1 6 2 1  10 0
210 2 1 2 1  -6 0
211 5 2 2 1   0 0
212 1 7 2 1   8 0
213 2 1 2 1  -6 0
214 5 5 2 1   2 0
215 1 3 1 2  -6 0
216 5 2 1 2 -10 0
217 3 5 2 1   0 1
218 5 5 1 2  -5 0
219 5 6 1 2   4 0
220 3 1 1 2  -6 0
221 3 1 1 2   0 1
222 2 4 2 1   0 1
223 4 7 1 2   0 1
224 2 6 1 2   0 1
225 5 3 2 1   0 1
226 1 1 1 2   0 1
227 4 3 1 2   0 1
228 2 4 2 1   1 0
229 4 4 1 2   1 0
230 1 2 1 2   0 1
231 2 1 1 2   0 1
232 2 6 1 2   0 0
233 5 3 2 1   1 0
234 3 4 1 2  -4 0
235 2 1 1 2  -7 0
236 4 2 2 1   0 1
237 1 4 2 1   0 1
238 5 5 2 1   6 0
239 4 1 1 2  -7 0
240 5 4 1 2  -2 0
241 5 2 1 2  -7 0
242 3 4 1 2   0 0
243 1 3 2 1   5 0
244 3 4 1 2   0 1
245 1 4 1 2   0 1
246 2 5 2 1   0 1
247 2 3 2 1   3 0
248 5 1 1 2  -6 0
249 5 4 1 2   0 1
250 1 3 1 2  -3 0
251 1 3 2 1   2 0
252 4 6 1 2   5 0
253 3 2 2 1   0 1
254 5 7 1 2   0 1
255 2 5 2 1   0 1
256 5 6 1 2   0 1
257 2 2 2 1   0 1
258 1 7 1 2  10 0
259 2 2 1 2   0 1
260 4 1 2 1   0 1
261 2 1 2 1   0 1
262 4 7 1 2   0 1
263 3 4 2 1   1 0
264 1 6 1 2   2 0
265 4 7 2 1   0 1
266 1 1 1 2   0 1
267 5 1 1 2   0 1
268 2 3 1 2  -7 0
269 1 1 2 1   0 0
270 1 5 2 1   0 1
271 5 3 1 2  -6 0
272 4 2 2 1   4 0
273 2 5 2 1   3 0
274 2 3 2 1   0 1
275 5 5 2 1   6 0
276 5 3 1 2   0 1
277 4 7 2 1   0 1
278 5 1 1 2   0 1
279 4 4 1 2  -2 0
280 1 7 1 2   4 0
281 3 2 1 2  -5 0
282 3 7 1 2   4 0
283 4 4 1 2   0 1
284 2 2 2 1   3 0
285 2 7 2 1  10 0
286 1 4 1 2   0 1
287 3 6 2 1   8 0
288 5 6 2 1   6 0
289 1 7 2 1   7 0
290 2 7 1 2   0 1
291 4 1 2 1   0 1
292 2 2 1 2  -6 0
293 1 4 1 2   6 0
294 2 4 1 2   0 0
295 1 7 2 1   6 0
296 3 3 1 2 -10 0
297 3 5 2 1   2 0
298 2 1 2 1   4 0
299 1 1 1 2  -6 0
300 2 4 2 1   1 0
301 5 7 2 1   5 0
302 5 2 1 2   0 1
303 3 6 1 2   5 0
304 5 2 2 1   6 0
305 3 1 1 2   3 0
306 4 2 2 1   4 0
307 4 1 1 2  -4 0
308 1 5 2 1   4 0
309 2 3 2 1   4 0
310 3 6 1 2   0 1
311 3 6 2 1   0 1
312 1 1 1 2   0 1
313 1 5 1 2   0 0
314 1 7 1 2   6 0
315 2 1 1 2  -8 0
316 2 1 1 2   0 1
317 4 7 1 2   7 0
318 1 3 1 2  -6 0
319 2 5 1 2  -2 0
320 1 6 1 2  -4 0
321 1 3 1 2  -1 0
322 4 4 1 2  -3 0
323 4 4 2 1   1 0
324 5 5 1 2   0 1
325 3 1 1 2  -3 0
326 4 6 1 2   4 0
327 4 5 1 2   1 0
328 1 6 1 2   0 1
329 3 2 1 2  -7 0
330 2 2 1 2 -10 0
331 5 1 2 1   0 1
332 4 7 2 1  10 0
333 3 7 1 2   6 0
334 4 5 1 2   3 0
335 3 3 1 2   0 1
336 2 6 2 1   6 0
337 5 4 1 2   0 0
338 1 4 2 1   0 1
339 4 1 1 2  -8 0
340 4 6 2 1   5 0
341 5 7 2 1   5 0
342 4 3 1 2   0 1
343 5 4 2 1   1 0
344 2 7 1 2   0 1
345 5 1 2 1   3 0
346 5 3 1 2  -4 0
347 1 6 2 1   4 0
348 5 1 2 1   3 0
349 3 3 1 2  -3 0
350 2 1 1 2  -8 0
