  1 3 4 1 2  -3 0
  2 5 6 1 2   5 0
  3 5 1 1 2  -9 0
  4 3 2 2 1  -3 0
  5 2 7 1 2   5 0
  6 4 3 1 2  -3 0
  7 4 3 1 2  -6 0
  8 3 3 2 1  -3 0
  9 1 2 1 2  -4 0
 10 3 6 2 1   3 0
 11 2 3 1 2  -2 0
 12 5 6 1 2   3 0
 13 5 7 1 2   5 0
 14 3 6 2 1   3 0
 15 5 2 2 1  -3 0
 16 4 3 1 2  -2 0
 17 5 6 1 2   5 0
 18 4 2 2 1  -3 0
 19 3 2 1 2  -7 0
 20 4 6 2 1   3 0
 21 5 4 2 1  -2 0
 22 5 4 1 2   0 0
 23 4 7 1 2   6 0
 24 1 6 2 1   2 0
 25 5 4 1 2  -2 0
 26 5 3 2 1  -1 0
 27 5 4 1 2  -1 0
 28 4 4 1 2  -1 0
 29 3 6 1 2   4 0
 30 5 4 2 1  -2 0
 31 5 3 1 2  -2 0
 32 2 1 2 1 -10 0
 33 1 3 1 2   0 0
 34 5 4 1 2   0 0
 35 2 4 1 2  -2 0
 36 4 3 2 1  -3 0
 37 5 7 1 2   8 0
 38 4 1 2 1 -10 0
 39 5 2 2 1  -9 0
 40 4 5 1 2   3 0
 41 1 4 2 1  -3 0
 42 5 1 1 2  -8 0
 43 1 5 2 1   2 0
 44 5 3 2 1   1 0
 45 2 2 2 1  -3 0
 46 5 4 2 1   1 0
 47 4 7 2 1  10 0
 48 1 6 2 1   6 0
 49 1 2 1 2 -10 0
 50 3 3 2 1  -5 0
 51 3 2 2 1  -6 0
 52 3 7 2 1   9 0
 53 5 3 2 1  -2 0
 54 5 1 2 1 -10 0
 55 4 2 1 2  -7 0
 56 5 1 1 2  -9 0
 57 2 3 2 1  -1 0
 58 2 2 1 2 -10 0
 59 4 6 1 2   5 0
 60 3 4 2 1  -1 0
 61 3 1 1 2   4 0
 62 2 7 1 2  10 0
 63 1 6 1 2  10 0
 64 2 7 2 1   9 0
 65 4 7 1 2  10 0
 66 2 1 2 1  -3 0
 67 4 2 2 1  -2 0
 68 1 3 1 2  -1 0
 69 4 3 2 1  -1 0
 70 4 7 1 2   5 0
 71 4 4 2 1  -3 0
 72 4 5 2 1  -1 0
 73 1 1 1 2  -9 0
 74 3 5 2 1   1 0
 75 2 6 2 1   3 0
 76 1 2 1 2  -4 0
 77 2 1 1 2  -8 0
 78 3 1 2 1  -9 0
 79 5 3 1 2  -2 0
 80 2 4 1 2  -4 0
 81 2 1 2 1  -6 0
 82 3 3 2 1  -1 0
 83 4 2 1 2  -4 0
 84 3 5 2 1   1 0
 85 1 6 1 2   3 0
 86 4 3 2 1  -1 0
 87 3 7 2 1   6 0
 88 5 2 1 2  -3 0
 89 2 7 2 1   5 0
 90 1 3 2 1  -1 0
 91 3 4 1 2  -4 0
 92 1 1 1 2  -8 0
 93 5 5 1 2   4 0
 94 2 5 1 2   3 0
 95 1 4 1 2  -4 0
 96 3 4 1 2  -6 0
 97 1 6 2 1   2 0
 98 2 2 1 2  -8 0
 99 1 4 2 1  -2 0
100 1 6 1 2   6 0
101 2 3 1 2  -4 0
102 3 4 2 1  -2 0
103 3 1 2 1  -8 0
104 1 2 1 2 -10 0
105 4 5 2 1   2 0
106 5 7 2 1   5 0
107 5 4 1 2  -2 0
108 4 6 1 2   6 0
109 5 3 1 2  -1 0
110 5 5 1 2   4 0
111 4 7 2 1   6 0
112 4 5 1 2   6 0
113 5 5 1 2   4 0
114 1 5 2 1   5 0
115 2 6 2 1   8 0
116 2 3 2 1  -4 0
117 5 6 2 1   9 0
118 4 5 2 1   2 0
119 2 1 1 2 -10 0
120 5 2 1 2  -5 0
121 4 7 1 2  10 0
122 4 1 2 1  -4 0
123 5 6 2 1   5 0
124 5 3 1 2  -3 0
125 1 7 1 2   7 0
126 2 6 1 2   6 0
127 4 7 1 2   9 0
128 1 1 2 1  -8 0
129 2 1 1 2 -10 0
130 4 5 2 1   4 0
131 3 5 2 1   2 0
132 1 2 2 1  -4 0
133 2 6 2 1   2 0
134 2 1 2 1 -10 0
135 2 2 1 2  -2 0
136 2 3 1 2  -2 0
137 5 3 2 1  -4 0
138 2 3 2 1  -2 0
139 4 1 1 2  -3 0
140 1 7 2 1   9 0
141 2 2 2 1  -8 0
142 4 6 2 1   4 0
143 1 3 2 1  -2 0
144 4 1 1 2  -9 0
145 2 2 1 2 -10 0
146 1 7 1 2  10 0
147 2 6 1 2   9 0
148 2 5 2 1   2 0
149 5 7 1 2   8 0
150 2 6 1 2   7 0
151 2 6 1 2   8 0
152 3 6 2 1   4 0
153 4 1 2 1  -5 0
154 1 1 2 1  -8 0
155 1 4 1 2  -5 0
156 5 6 1 2   4 0
157 1 5 1 2   2 0
158 4 7 2 1   9 0
159 4 1 1 2 -10 0
160 4 6 2 1   5 0
161 1 1 1 2  -6 0
162 1 5 1 2   2 0
163 1 2 2 1  -4 0
164 3 2 1 2  -8 0
165 3 5 2 1   2 0
166 2 1 1 2  -8 0
167 5 5 2 1   2 0
168 3 7 2 1   6 0
169 3 1 2 1  -7 0
170 2 7 2 1  10 0
171 2 5 2 1   2 0
172 3 5 1 2   1 0
173 3 4 2 1  -2 0
174 5 7 1 2   0 1
175 4 6 1 2   2 0
176 2 4 2 1  -2 0
177 2 5 1 2  -2 0
178 4 7 2 1   8 0
179 1 1 2 1 -10 0
180 2 5 1 2  -1 0
181 5 3 2 1  -1 0
182 3 1 1 2  -7 0
183 2 6 1 2   5 0
184 5 7 1 2   8 0
185 2 7 2 1  10 0
186 3 5 2 1  -3 0
187 3 2 2 1  -5 0
188 4 2 2 1  -7 0
189 1 2 2 1  -5 0
190 1 6 2 1   5 0
191 1 4 2 1  -4 0
192 1 6 1 2   2 0
193 5 4 2 1  -2 0
194 3 1 2 1 -10 0
195 5 2 2 1  -3 0
196 4 5 1 2   2 0
197 3 4 1 2  -2 0
198 4 4 2 1  -1 0
199 3 6 2 1   4 0
200 4 2 1 2  -6 0
201 3 7 1 2   7 0
202 1 4 1 2  -2 0
203 3 1 2 1  -7 0
204 3 6 1 2   8 0
205 1 1 2 1  -7 0
206 3 7 1 2   9 0
207 3 3 1 2  -2 0
208 2 1 1 2  -9 0
209 2 6 2 1   3 0
210 4 6 2 1   0 1
211 5 2 2 1  -3 0
212 1 3 1 2  -1 0
213 1 1 1 2  -8 0
214 5 7 2 1   8 0
215 3 6 1 2   2 0
216 1 7 2 1   7 0
217 3 4 2 1  -1 0
218 4 1 1 2 -10 0
219 3 7 1 2   7 0
220 1 4 2 1  -3 0
221 3 2 2 1  -5 0
222 5 2 1 2  -8 0
223 3 7 2 1   8 0
224 1 4 1 2  -8 0
225 1 3 2 1  -2 0
226 3 7 2 1   9 0
227 5 5 2 1   2 0
228 1 1 1 2 -10 0
229 1 1 2 1 -10 0
230 1 5 2 1   2 0
231 1 2 1 2  -9 0
232 4 2 1 2  -9 0
233 5 7 2 1   6 0
234 3 1 1 2 -10 0
235 1 6 1 2   3 0
236 1 2 2 1  -3 0
237 4 4 2 1  -1 0
238 3 5 1 2   2 0
239 5 1 2 1  -4 0
240 2 4 2 1   0 0
241 2 3 1 2  -1 0
242 4 5 2 1   2 0
243 2 4 2 1   3 0
244 1 3 1 2  -5 0
245 1 5 1 2   1 0
246 2 4 1 2  -3 0
247 5 7 2 1   7 0
248 2 7 1 2   6 0
249 5 1 2 1  -7 0
250 3 3 2 1  -1 0
251 2 3 1 2  -4 0
252 3 6 1 2   3 0
253 2 5 1 2  -6 0
254 4 3 2 1  -2 0
255 5 5 2 1   2 0
256 1 7 1 2   9 0
257 1 7 2 1   0 1
258 1 4 1 2  -4 0
259 5 2 2 1   0 1
260 4 5 1 2   4 0
261 5 4 2 1   0 1
262 3 2 1 2  -6 0
263 5 1 2 1   0 1
264 4 3 2 1   0 1
265 2 2 1 2   0 1
266 4 6 1 2   7 0
267 1 3 1 2  -7 0
268 3 2 1 2   0 1
269 5 1 2 1  -7 0
270 2 4 1 2  -7 0
271 4 2 2 1  -6 0
272 5 5 1 2   0 1
273 2 3 2 1   0 1
274 2 4 1 2  -2 0
275 2 5 2 1   2 0
276 5 1 1 2  -9 0
277 1 3 2 1  -3 0
278 4 1 2 1  -4 0
279 1 7 1 2   9 0
280 2 7 2 1   7 0
281 3 5 1 2   2 0
282 2 2 2 1  -4 0
283 1 7 1 2  10 0
284 1 5 2 1  -1 0
285 5 5 1 2  -2 0
286 5 5 2 1   2 0
287 5 6 2 1   5 0
288 4 5 1 2   4 0
289 2 5 2 1  -5 0
290 2 1 2 1  -9 0
291 5 5 2 1   3 0
292 5 7 2 1   8 0
293 3 3 1 2  -2 0
294 2 4 2 1  -2 0
295 3 1 1 2 -10 0
296 4 2 2 1  -5 0
297 2 5 1 2   3 0
298 2 4 2 1  -6 0
299 5 2 1 2  -8 0
300 1 5 2 1   4 0
301 2 6 2 1   7 0
302 1 4 2 1  -4 0
303 4 4 1 2  -3 0
304 3 6 2 1   6 0
305 3 1 1 2 -10 0
306 3 3 1 2   4 0
307 3 2 2 1  -6 0
308 4 6 1 2   7 0
309 4 4 1 2  -3 0
310 4 1 1 2 -10 0
311 2 7 1 2   7 0
312 2 2 2 1  -7 0
313 3 4 2 1  -2 0
314 3 5 1 2   1 0
315 1 3 2 1  -3 0
316 3 3 2 1  -4 0
317 3 2 1 2  -6 0
318 2 5 2 1   0 1
319 2 7 1 2   2 0
320 5 6 2 1   4 0
321 3 3 1 2  -5 0
322 5 3 1 2  -6 0
323 5 2 1 2  -7 0
324 4 6 2 1   4 0
325 3 6 1 2   3 0
326 5 6 1 2   2 0
327 4 4 2 1  -3 0
328 4 7 2 1   8 0
329 1 5 1 2   2 0
330 3 7 1 2   7 0
331 3 5 1 2   3 0
332 4 4 1 2  -3 0
333 1 6 2 1   4 0
334 4 2 1 2   0 1
335 4 4 1 2  -6 0
336 1 7 2 1   9 0
337 5 6 2 1   5 0
338 1 5 1 2   3 0
339 4 3 1 2  -2 0
340 2 2 2 1  -6 0
341 1 7 2 1   8 0
342 3 4 1 2  -4 0
343 4 3 1 2  -3 0
344 4 1 2 1  -9 0
345 3 3 1 2  -2 0
346 2 3 2 1  -4 0
347 3 7 1 2  10 0
348 1 2 2 1  -5 0
349 5 1 1 2  -9 0
350 4 4 2 1  -4 0
