  1 3 7 2 1   5 1
  2 5 7 2 1   4 1
  3 1 3 1 2  -3 1
  4 1 5 2 1   0 1
  5 5 2 1 2  -3 0
  6 1 1 1 2  -8 0
  7 5 1 2 1  -6 1
  8 4 4 2 1   0 1
  9 5 1 1 2  -5 0
 10 2 1 1 2  -8 0
 11 4 1 2 1  -7 0
 12 3 7 1 2   4 0
 13 1 2 2 1  -5 0
 14 4 6 1 2   3 1
 15 2 5 2 1   3 1
 16 2 3 1 2  -3 1
 17 2 5 2 1   2 1
 18 3 1 1 2  -8 0
 19 5 6 1 2   6 0
 20 3 4 2 1   0 1
 21 3 2 1 2  -7 0
 22 4 7 1 2   5 0
 23 5 7 2 1   5 1
 24 4 7 2 1   8 1
 25 2 7 2 1   6 0
 26 4 2 1 2  -5 0
 27 5 2 1 2  -7 0
 28 3 7 2 1   5 1
 29 2 3 2 1   0 1
 30 1 7 1 2   4 1
 31 5 6 1 2   5 0
 32 1 1 2 1 -10 1
 33 4 3 2 1  -7 1
 34 4 4 2 1   0 1
 35 3 6 2 1   5 1
 36 4 1 1 2  -9 0
 37 4 4 1 2   0 0
 38 2 1 1 2  -8 0
 39 4 5 1 2   4 1
 40 4 4 1 2   0 0
 41 4 6 1 2   5 0
 42 2 5 1 2   4 0
 43 3 2 2 1  -8 1
 44 5 7 1 2   6 0
 45 5 4 1 2  -4 0
 46 2 4 1 2   0 1
 47 3 5 2 1   3 1
 48 5 2 2 1  -8 1
 49 4 4 2 1   0 1
 50 5 5 2 1   5 1
 51 5 4 2 1   0 1
 52 1 7 2 1   0 0
 53 1 3 2 1  -3 0
 54 1 5 2 1   5 0
 55 5 5 2 1   4 0
 56 2 1 1 2  -6 0
 57 3 7 1 2   6 0
 58 1 5 1 2   4 0
 59 4 4 1 2   0 0
 60 5 6 1 2   5 0
 61 1 7 1 2   5 0
 62 5 2 2 1  -5 1
 63 5 2 1 2  -8 0
 64 2 3 1 2  -5 0
 65 4 6 2 1   5 1
 66 4 2 2 1  -8 1
 67 5 7 2 1   6 1
 68 3 6 1 2   5 1
 69 1 4 2 1   0 1
 70 4 6 2 1   0 0
 71 3 3 1 2  -5 0
 72 3 6 2 1   5 1
 73 4 5 2 1   0 1
 74 2 1 1 2  -9 0
 75 5 5 1 2   4 0
 76 5 3 2 1  -3 0
 77 1 6 1 2   5 0
 78 3 6 2 1   7 0
 79 5 5 2 1   5 0
 80 5 3 2 1  -8 1
 81 3 4 1 2   0 0
 82 5 4 1 2   0 1
 83 3 5 1 2   5 0
 84 5 4 2 1   0 1
 85 1 1 2 1 -10 1
 86 2 4 2 1   0 1
 87 4 1 1 2 -10 0
 88 5 5 1 2   5 0
 89 4 5 2 1   5 0
 90 2 6 1 2   5 1
 91 3 5 2 1   5 1
 92 3 1 2 1 -10 1
 93 1 4 2 1   0 0
 94 4 3 2 1   0 1
 95 2 2 1 2  -5 0
 96 3 7 2 1  10 0
 97 3 3 2 1  -5 1
 98 2 6 1 2   5 0
 99 4 7 2 1  10 1
100 2 2 2 1  -5 0
101 1 6 1 2   5 0
102 4 6 1 2   4 0
103 2 2 2 1 -10 0
104 2 7 1 2  10 0
105 1 2 2 1 -10 1
106 1 4 2 1   0 1
107 3 5 2 1   5 0
108 3 1 1 2 -10 0
109 5 4 2 1   0 1
110 1 3 2 1  -5 0
111 1 3 2 1   0 0
112 3 5 2 1   5 1
113 3 4 2 1   0 1
114 5 1 2 1 -10 1
115 1 3 2 1 -10 1
116 3 3 2 1   0 1
117 3 1 1 2 -10 0
118 3 3 1 2  -5 0
119 3 1 2 1 -10 1
120 2 2 1 2 -10 0
121 1 1 2 1 -10 1
122 5 3 1 2  -5 0
123 1 5 1 2   5 0
124 5 1 1 2 -10 0
125 3 6 1 2   5 0
126 1 1 2 1 -10 0
127 5 3 1 2  -5 1
128 1 7 1 2   7 1
129 3 7 2 1   8 1
130 1 7 1 2   8 1
131 1 7 2 1   8 1
132 3 4 1 2  -3 0
133 4 3 2 1  -4 0
134 2 2 2 1  -2 1
135 2 7 1 2   5 0
136 3 2 1 2  -7 0
137 4 7 2 1   7 1
138 1 4 2 1   0 1
139 5 1 1 2  -8 0
140 5 3 1 2  -4 0
141 1 4 1 2   0 1
142 1 1 1 2  -7 0
143 3 1 1 2  -7 1
144 4 5 1 2   3 1
145 1 2 1 2  -7 1
146 1 5 1 2   5 1
147 1 4 1 2  -1 0
148 4 1 1 2  -6 0
149 3 1 2 1  -8 1
150 2 5 2 1   2 0
151 4 7 2 1   8 0
152 3 4 1 2  -5 0
153 2 1 1 2 -10 0
154 4 6 1 2   4 1
155 2 7 2 1   8 0
156 1 4 1 2   0 0
157 5 3 2 1  -6 1
158 4 2 1 2   0 0
159 5 6 2 1   6 0
160 4 4 2 1   0 1
161 3 3 1 2  -3 0
162 5 4 1 2  -3 0
163 5 4 1 2  -1 1
164 4 1 2 1 -10 0
165 1 5 2 1   2 0
166 2 3 2 1  -4 1
167 1 7 2 1   7 1
168 3 5 1 2   4 1
169 4 2 2 1  -8 1
170 1 7 2 1   8 0
171 5 6 2 1   5 1
172 2 5 2 1   4 1
173 4 6 1 2   5 0
174 1 3 1 2  -5 0
175 2 2 1 2  -8 0
176 2 2 1 2  -8 0
177 1 6 2 1   4 1
178 5 7 1 2   8 0
179 1 3 1 2  -5 1
180 4 7 1 2   6 0
181 4 4 1 2  -5 0
182 1 5 2 1   4 1
183 1 2 2 1  -8 1
184 2 4 2 1  -1 1
185 3 4 1 2  -1 0
186 4 5 2 1   4 0
187 4 7 1 2   9 0
188 2 1 2 1 -10 0
189 3 2 2 1 -10 1
190 1 1 1 2 -10 0
191 5 2 1 2  -7 0
192 3 3 1 2  -5 1
193 2 7 2 1   7 0
194 3 5 1 2   3 0
195 4 5 2 1   1 1
196 3 2 1 2  -7 0
197 1 3 2 1  -2 0
198 1 5 2 1   3 0
199 5 6 2 1   4 0
200 2 2 2 1  -3 1
201 3 5 1 2   0 0
202 5 3 2 1  -6 1
203 5 5 1 2   3 0
204 5 4 2 1   0 1
205 3 7 1 2  10 0
206 2 1 2 1 -10 0
207 1 3 1 2  -4 0
208 3 4 2 1  -1 0
209 5 5 2 1   5 0
210 4 5 1 2   2 0
211 5 2 2 1  -5 1
212 2 5 2 1   3 1
213 4 2 2 1  -4 1
214 5 6 1 2   7 0
215 5 5 1 2   3 0
216 4 1 2 1 -10 0
217 5 6 1 2   3 0
218 1 2 2 1  -6 0
219 3 7 1 2   5 0
220 5 7 1 2   8 0
221 3 1 1 2  -6 0
222 5 1 2 1  -9 1
223 4 7 2 1   7 0
224 5 7 1 2   6 1
225 3 3 2 1  -1 1
226 2 5 1 2   2 0
227 4 2 1 2  -5 0
228 1 1 2 1  -8 1
229 4 2 1 2  -8 0
230 4 6 2 1   6 1
231 4 3 1 2   0 0
232 2 7 1 2   7 0
233 2 3 1 2  -2 1
234 3 4 1 2   0 0
235 3 6 2 1   3 1
236 1 6 2 1   4 0
237 3 2 1 2  -5 0
238 3 5 2 1   2 1
239 2 7 1 2   7 1
240 5 2 2 1  -6 1
241 4 7 1 2   6 0
242 3 2 1 2  -3 1
243 5 3 1 2  -2 0
244 4 5 1 2   3 0
245 4 3 1 2  -3 0
246 2 3 1 2  -2 0
247 2 4 2 1   0 1
248 4 2 1 2  -7 0
249 2 5 1 2   4 0
250 4 6 2 1   7 1
251 1 1 1 2  -5 0
252 1 1 1 2  -8 0
253 1 7 1 2   5 0
254 3 4 2 1   0 1
255 4 1 1 2  -7 1
256 4 6 2 1   5 1
257 3 3 2 1   0 1
258 2 6 1 2   5 1
259 2 6 2 1   5 0
260 2 2 2 1  -8 0
261 2 2 1 2  -6 0
262 3 5 1 2   3 0
263 2 5 1 2   2 0
264 4 3 2 1  -3 1
265 1 7 2 1   6 1
266 2 3 1 2  -5 0
267 5 7 1 2   6 0
268 5 4 2 1   0 1
269 2 6 2 1   5 1
270 2 6 2 1   5 1
271 4 4 2 1   0 0
272 4 4 1 2  -2 0
273 1 4 1 2  -2 1
274 2 7 1 2   5 0
275 5 5 1 2   3 0
276 5 1 2 1  -9 1
277 2 3 2 1  -2 0
278 4 3 1 2  -3 0
279 1 4 1 2   0 0
280 5 1 2 1  -5 1
281 5 7 2 1   7 1
282 2 1 2 1  -9 0
283 1 6 2 1   6 0
284 2 6 1 2   8 0
285 1 4 2 1   0 0
286 3 1 2 1  -8 1
287 4 2 2 1  -4 1
288 2 6 2 1   6 0
289 5 6 2 1   5 0
290 1 3 1 2  -4 1
291 2 1 2 1  -9 1
292 4 1 2 1  -8 1
293 2 6 1 2   7 0
294 1 2 1 2  -6 0
295 2 7 2 1   9 1
296 4 3 1 2  -5 0
297 3 6 1 2   6 0
298 3 4 2 1   0 0
299 2 4 1 2   0 0
300 5 2 2 1  -7 1
301 1 6 1 2   6 0
302 5 3 1 2  -5 0
303 5 3 2 1  -2 1
304 4 1 1 2  -7 0
305 3 2 2 1  -6 1
306 5 4 1 2  -1 1
307 3 3 2 1  -1 1
308 1 6 2 1   4 1
309 2 4 2 1   0 0
310 2 4 2 1   0 0
311 3 6 1 2   6 0
312 4 7 1 2   5 0
313 1 6 1 2   7 0
314 1 6 2 1   6 1
315 4 5 2 1   5 1
316 3 2 2 1  -7 0
317 1 2 2 1  -7 1
318 3 6 2 1   6 1
319 3 6 1 2   6 0
320 2 5 1 2   0 1
321 5 2 1 2  -7 0
322 2 1 2 1  -8 0
323 5 5 2 1   1 1
324 1 6 1 2   7 0
325 2 4 1 2   0 0
326 3 3 1 2  -4 1
327 4 2 2 1  -7 1
328 4 3 2 1   0 1
329 2 3 2 1  -1 1
330 1 2 1 2  -6 1
331 2 4 1 2  -1 1
332 5 7 2 1   7 1
333 1 5 1 2  -4 1
334 2 7 2 1   7 1
335 3 7 2 1   9 1
336 5 1 1 2  -6 0
337 4 5 1 2   2 0
338 4 1 2 1  -9 0
339 4 3 1 2  -2 0
340 1 2 1 2  -5 0
341 2 6 2 1   5 1
342 2 3 2 1  -3 0
343 1 2 1 2  -6 0
344 3 2 2 1   6 0
345 3 1 2 1  -9 0
346 1 5 1 2   4 0
347 2 4 1 2   0 0
348 5 1 1 2  -6 1
349 5 6 2 1   7 1
350 3 7 1 2   7 1
