  1 2 6 2 1   4 1
  2 5 1 1 2  -8 0
  3 4 3 2 1  -2 0
  4 3 4 1 2   0 1
  5 2 2 1 2  -5 0
  6 4 5 1 2   3 1
  7 4 5 1 2   4 0
  8 3 5 1 2   2 0
  9 3 1 2 1  -7 0
 10 2 5 1 2   6 0
 11 5 1 1 2  -6 0
 12 5 2 1 2  -4 1
 13 3 1 2 1 -10 0
 14 5 4 2 1  -1 0
 15 3 5 2 1   2 1
 16 4 1 2 1  -6 0
 17 4 4 1 2  -1 0
 18 2 4 2 1  -1 0
 19 4 1 2 1  -8 0
 20 5 6 1 2   6 0
 21 5 6 1 2   6 0
 22 4 2 1 2  -4 0
 23 1 1 2 1  -7 0
 24 4 6 2 1   6 1
 25 5 5 2 1   3 1
 26 5 6 1 2   5 0
 27 3 6 2 1   6 1
 28 3 1 1 2  -9 0
 29 5 3 2 1  -3 1
 30 5 6 2 1   6 1
 31 5 5 1 2   3 1
 32 2 3 2 1  -3 1
 33 1 5 1 2   2 1
 34 4 6 2 1   8 1
 35 1 6 2 1   7 1
 36 4 5 2 1  -1 1
 37 5 2 1 2  -5 1
 38 4 3 2 1  -2 1
 39 5 4 2 1   0 0
 40 3 7 2 1   9 1
 41 1 6 2 1   7 1
 42 5 3 1 2  -5 1
 43 1 7 2 1   9 1
 44 5 5 2 1   0 1
 45 2 4 2 1  -1 1
 46 5 6 2 1   6 1
 47 4 2 1 2  -4 1
 48 1 1 2 1  -8 0
 49 1 4 1 2   0 0
 50 3 5 1 2   3 1
 51 3 4 2 1   0 0
 52 3 2 2 1  -4 0
 53 5 5 2 1   3 0
 54 5 3 2 1  -3 1
 55 4 4 1 2  -1 1
 56 4 3 2 1  -2 0
 57 2 5 2 1   1 0
 58 1 4 2 1   0 0
 59 3 1 2 1 -10 0
 60 3 6 2 1   5 0
 61 2 3 2 1   0 0
 62 2 2 1 2  -5 0
 63 2 2 2 1  -4 0
 64 3 2 2 1  -3 0
 65 2 3 2 1  -2 0
 66 4 4 2 1   0 0
 67 4 5 1 2   4 0
 68 4 2 1 2  -6 0
 69 4 6 2 1   7 0
 70 4 7 2 1   8 0
 71 1 3 1 2  -2 0
 72 3 7 2 1   7 0
 73 2 1 2 1  -9 0
 74 1 3 2 1  -4 0
 75 3 3 2 1  -3 0
 76 4 5 2 1   2 0
 77 2 6 1 2   9 0
 78 2 3 2 1  -3 0
 79 3 5 2 1   1 1
 80 3 4 2 1  -2 0
 81 3 7 2 1   9 1
 82 1 1 1 2  -9 0
 83 4 5 2 1   3 0
 84 3 2 1 2  -8 0
 85 4 4 2 1   0 0
 86 2 2 1 2  -4 0
 87 1 5 2 1   4 0
 88 3 6 1 2   7 0
 89 5 6 2 1   0 0
 90 1 3 1 2  -5 0
 91 4 7 2 1   8 0
 92 2 7 1 2  10 1
 93 3 6 1 2   4 0
 94 1 1 1 2  -7 0
 95 2 4 1 2   0 0
 96 1 6 1 2   6 1
 97 1 1 1 2  -7 1
 98 2 5 1 2   0 0
 99 3 6 2 1   5 0
100 3 3 2 1  -3 0
101 1 4 1 2   0 1
102 4 7 1 2   7 0
103 5 2 1 2 -10 1
104 5 6 1 2   6 0
105 4 1 1 2  -5 0
106 5 5 1 2   3 0
107 5 7 1 2   7 1
108 4 2 2 1  -6 1
109 4 7 1 2   8 0
110 4 7 2 1   8 1
111 1 7 1 2   9 0
112 2 1 2 1  -9 0
113 2 5 1 2   3 0
114 5 1 2 1  -8 0
115 4 7 1 2   6 1
116 2 3 1 2  -1 0
117 5 4 1 2  -1 0
118 4 2 1 2  -4 0
119 4 3 2 1  -2 0
120 5 1 2 1  -7 0
121 5 5 1 2   3 0
122 2 1 1 2  -8 0
123 4 2 1 2  -3 0
124 1 3 1 2  -1 0
125 2 3 1 2  -4 0
126 4 7 2 1   6 0
127 3 7 1 2   7 0
128 1 4 2 1  -2 1
129 5 4 2 1  -2 0
130 5 5 2 1   2 1
131 2 1 1 2  -9 1
132 2 3 1 2  -4 0
133 1 4 2 1   0 1
134 2 5 1 2   7 0
135 5 5 1 2   4 1
136 2 5 1 2   4 1
137 4 3 1 2  -4 1
138 1 2 2 1  -6 1
139 2 4 2 1   0 1
140 4 1 2 1 -10 1
141 1 5 1 2   4 1
142 3 3 2 1  -1 1
143 2 4 1 2  -2 1
144 1 2 1 2  -6 0
145 2 1 1 2  -8 1
146 2 7 1 2  10 1
147 4 2 2 1  -7 1
148 2 1 1 2  -9 0
149 2 1 1 2 -10 1
150 3 1 2 1  -7 1
151 4 3 1 2  -3 1
152 1 3 2 1  -2 1
153 1 6 1 2   4 0
154 5 1 1 2  -6 0
155 1 7 1 2   7 1
156 4 2 2 1  -5 1
157 4 3 1 2  -1 0
158 4 1 2 1  -7 1
159 1 4 2 1   1 1
160 3 4 1 2   0 1
161 3 7 1 2   6 1
162 1 3 2 1  -2 1
163 5 7 2 1   9 1
164 3 2 2 1  -6 1
165 3 3 2 1  -4 1
166 2 2 2 1  -4 0
167 2 7 2 1  10 1
168 3 7 1 2  10 0
169 3 6 2 1   4 1
170 5 2 1 2  -6 1
171 4 1 1 2  -8 1
172 2 6 2 1   7 1
173 1 7 2 1   7 1
174 4 2 2 1  -4 1
175 1 3 2 1  -2 1
176 1 7 2 1   9 1
177 5 5 1 2   4 1
178 3 3 1 2  -4 1
179 1 1 2 1  -8 1
180 5 2 1 2  -8 1
181 2 2 2 1  -8 1
182 3 7 2 1   9 1
183 3 4 2 1   0 1
184 4 4 1 2  -2 0
185 1 4 1 2  -2 1
186 1 1 2 1  -7 1
187 1 6 2 1   6 1
188 1 1 1 2  -9 1
189 5 6 2 1   6 1
190 3 3 1 2  -4 0
191 5 4 1 2  -2 1
192 4 7 1 2   8 0
193 2 6 2 1   6 1
194 4 6 2 1   5 1
195 3 1 2 1  -9 0
196 3 4 2 1   0 0
197 3 2 1 2  -6 0
198 1 6 1 2   5 0
199 3 3 1 2  -2 0
200 3 1 1 2  -8 0
201 1 3 1 2  -3 0
202 2 2 2 1  -6 1
203 5 4 2 1   2 0
204 3 5 1 2   3 0
205 2 3 1 2  -3 0
206 2 1 2 1  -7 0
207 4 1 2 1  -9 1
208 5 7 2 1  10 1
209 5 4 1 2   0 0
210 1 5 1 2   3 0
211 5 2 2 1  -4 0
212 3 1 1 2  -7 0
213 1 2 1 2  -4 0
214 3 6 1 2   4 1
215 3 3 2 1  -3 1
216 3 2 1 2  -6 0
217 1 6 2 1   6 1
218 3 4 1 2  -2 1
219 5 4 1 2  -1 0
220 3 2 2 1  -5 1
221 1 6 1 2   7 0
222 1 5 2 1   3 1
223 3 2 2 1  -4 1
224 5 7 2 1   8 0
225 1 3 1 2  -4 1
226 1 3 2 1  -2 1
227 1 7 2 1  10 0
228 1 4 1 2  -2 0
229 4 4 1 2  -2 0
230 5 2 2 1  -7 0
231 3 3 1 2  -3 1
232 1 1 1 2 -10 1
233 1 4 1 2  -2 0
234 4 6 1 2   6 0
235 3 7 1 2   9 1
236 5 3 1 2  -2 0
237 2 6 1 2   7 0
238 1 5 2 1   3 1
239 4 7 2 1   7 0
240 2 6 2 1   7 0
241 1 5 1 2   4 0
242 1 7 1 2   8 0
243 2 6 1 2   4 0
244 5 2 2 1  -7 0
245 5 6 2 1   6 0
246 2 2 1 2  -8 0
247 5 3 1 2  -3 1
248 3 5 2 1   3 1
249 1 5 2 1   2 1
250 2 1 2 1  -9 1
251 2 7 1 2  10 1
252 4 5 1 2   2 0
253 5 7 1 2   8 0
254 1 2 1 2  -6 0
255 1 2 2 1  -6 1
256 5 4 2 1  -1 0
257 3 7 2 1  10 1
258 5 6 1 2   5 0
259 3 4 1 2  -1 1
260 5 3 2 1  -2 1
261 5 7 2 1   8 1
262 4 5 2 1   2 0
263 2 4 1 2  -2 0
264 4 1 1 2 -10 0
265 3 4 1 2  -1 1
266 5 5 2 1   1 0
267 5 3 2 1  -3 0
268 1 6 2 1   5 0
269 4 4 2 1   0 0
270 5 7 1 2   9 0
271 2 5 2 1   3 1
272 5 3 2 1  -3 1
273 2 6 1 2   4 0
274 2 7 1 2   7 0
275 5 3 1 2  -7 1
276 1 5 2 1   2 1
277 4 3 2 1  -2 1
278 1 2 1 2  -6 1
279 2 2 2 1  -5 0
280 3 7 1 2   8 0
281 2 4 1 2  -1 0
282 1 2 1 2  -5 0
283 1 7 2 1   7 1
284 5 7 1 2   8 0
285 5 7 1 2   8 0
286 5 1 1 2 -10 0
287 4 7 1 2   6 0
288 2 7 2 1   9 0
289 2 3 1 2  -4 0
290 5 7 2 1   8 1
291 5 2 2 1  -5 1
292 3 5 1 2   3 1
293 2 6 1 2   3 1
294 2 3 2 1  -3 1
295 4 4 2 1  -1 0
296 2 7 1 2   7 0
297 2 6 2 1   5 1
298 5 4 1 2  -2 0
299 1 7 1 2   7 0
300 2 1 2 1  -9 1
301 1 6 1 2   3 0
302 4 6 1 2   5 0
303 3 1 1 2 -10 0
304 3 3 1 2  -3 0
305 2 5 2 1   2 0
306 3 4 2 1   0 1
307 4 1 1 2  -9 0
308 4 6 1 2   5 1
309 4 3 1 2  -2 1
310 1 2 2 1  -5 1
311 2 4 2 1   0 1
312 3 6 1 2   6 0
313 2 7 2 1   8 0
314 5 2 2 1  -5 0
315 1 5 1 2   2 0
316 3 5 2 1   2 0
317 2 4 2 1   0 0
318 2 7 2 1   9 0
319 2 2 1 2  -9 0
320 5 1 2 1 -10 0
321 3 5 1 2   3 1
322 4 5 2 1   1 0
323 4 4 2 1   0 0
324 4 1 1 2  -9 0
325 3 1 1 2 -10 0
326 5 1 1 2  -9 0
327 4 6 2 1   6 1
328 4 2 2 1  -6 1
329 3 2 1 2  -5 1
330 2 7 2 1   7 1
331 3 6 2 1   5 1
332 1 1 2 1  -9 1
333 4 4 1 2   0 1
334 4 6 1 2   3 1
335 1 2 2 1  -6 1
336 5 1 2 1  -7 1
337 1 7 1 2   7 1
338 3 5 2 1   2 0
339 2 4 1 2   0 1
340 5 1 2 1  -9 0
341 1 2 2 1  -5 1
342 3 6 1 2   6 0
343 4 5 1 2   3 0
344 4 3 1 2  -5 0
345 2 5 2 1   2 0
346 2 5 2 1   2 1
347 3 2 1 2  -7 0
348 1 4 2 1   0 1
349 5 3 1 2  -4 0
350 4 6 1 2   5 0
