0.10 0.50 0.10 0.50 0 0 0 0
0.10 0.50 0.10 0.50 0 0 0 0
0.12 0.52 0.12 0.52 0 1 0 1
0.12 0.50 0.12 0.50 0 0 0 0
0.14 0.50 0.14 0.50 1 0 1 0
0.12 0.52 0.12 0.52 0 0 0 0
0.12 0.52 0.12 0.52 1 0 1 0
0.10 0.54 0.10 0.54 0 1 0 1
0.10 0.52 0.10 0.52 0 0 0 0
0.12 0.52 0.12 0.52 0 0 0 0
0.12 0.54 0.12 0.54 0 0 0 0
0.14 0.54 0.14 0.54 1 0 1 0
0.12 0.56 0.12 0.56 1 1 1 0
0.10 0.54 0.10 0.56 0 0 0 0
0.10 0.54 0.10 0.58 0 0 0 0
0.12 0.56 0.12 0.58 0 0 1 0
0.12 0.56 0.10 0.60 1 0 1 0
0.10 0.58 0.08 0.60 0 1 0 0
0.10 0.56 0.08 0.62 0 0 0 1
0.12 0.56 0.10 0.60 0 0 0 0
0.12 0.58 0.10 0.60 1 0 1 0
0.10 0.58 0.08 0.62 0 1 0 1
0.10 0.56 0.08 0.60 0 0 0 0
0.12 0.56 0.10 0.60 0 0 0 0
0.12 0.58 0.10 0.62 0 0 0 0
0.14 0.58 0.12 0.62 1 1 1 1
0.12 0.56 0.10 0.60 1 1 1 1
0.10 0.54 0.08 0.58 0 1 0 1
0.10 0.52 0.08 0.56 0 1 0 1
0.12 0.50 0.10 0.54 1 1 1 1
0.10 0.48 0.08 0.52 0 1 0 1
0.10 0.46 0.08 0.50 0 0 0 0
0.12 0.46 0.10 0.50 0 0 0 0
0.12 0.48 0.10 0.52 0 1 0 1
0.14 0.46 0.12 0.50 1 1 1 1
0.12 0.44 0.10 0.48 0 1 0 1
0.12 0.42 0.10 0.46 0 0 0 0
0.14 0.42 0.12 0.46 1 1 1 1
0.12 0.40 0.10 0.44 0 0 0 0
0.12 0.40 0.10 0.44 0 0 0 0
0.14 0.42 0.12 0.46 1 1 1 1
0.12 0.40 0.10 0.44 0 1 0 1
0.12 0.38 0.10 0.42 0 0 0 0
0.14 0.38 0.12 0.42 1 1 1 1
0.12 0.36 0.10 0.40 1 1 1 1
0.10 0.34 0.08 0.38 1 1 1 1
0.08 0.32 0.06 0.36 1 1 1 1
0.06 0.30 0.04 0.34 0 1 0 1
0.06 0.28 0.04 0.32 0 1 0 1
0.08 0.26 0.06 0.30 0 0 0 0
0.08 0.26 0.06 0.30 0 1 0 1
0.10 0.24 0.08 0.28 0 0 0 0
0.10 0.24 0.08 0.28 0 0 0 0
0.12 0.26 0.10 0.30 1 1 1 1
0.10 0.24 0.08 0.28 1 1 1 1
0.08 0.22 0.06 0.26 0 0 0 0
0.08 0.22 0.06 0.26 0 1 0 1
0.10 0.20 0.08 0.24 0 0 0 0
0.10 0.20 0.08 0.24 0 1 0 1
0.12 0.18 0.10 0.22 1 1 1 1
0.10 0.16 0.08 0.20 1 1 1 1
0.08 0.14 0.06 0.18 0 0 0 0
0.08 0.14 0.06 0.18 0 0 0 0
0.10 0.16 0.08 0.20 0 0 0 0
0.10 0.16 0.08 0.20 0 0 0 0
0.12 0.18 0.10 0.22 1 0 1 0
0.10 0.18 0.08 0.22 0 0 0 0
0.10 0.20 0.08 0.24 0 0 0 0
0.12 0.20 0.10 0.24 1 1 1 1
0.10 0.18 0.08 0.22 0 0 0 0
0.10 0.18 0.08 0.22 0 0 0 0
0.12 0.20 0.10 0.24 1 1 1 1
0.10 0.18 0.08 0.22 0 0 0 0
0.10 0.18 0.08 0.22 0 0 0 0
0.12 0.20 0.10 0.24 1 1 1 1
0.10 0.18 0.08 0.22 0 0 0 0
0.10 0.18 0.08 0.22 0 0 0 0
0.12 0.20 0.10 0.24 1 1 1 1
0.10 0.18 0.08 0.22 0 0 0 0
0.10 0.18 0.08 0.22 0 0 0 0
0.12 0.20 0.10 0.24 1 1 1 1
0.10 0.18 0.08 0.22 0 0 0 0
0.10 0.18 0.08 0.22 0 0 0 0
0.12 0.20 0.10 0.24 1 1 1 1
0.10 0.18 0.08 0.22 0 0 0 0
0.10 0.18 0.08 0.22 0 0 0 0
0.12 0.20 0.10 0.24 1 1 1 1
0.10 0.18 0.08 0.22 0 0 0 0
0.10 0.18 0.08 0.22 0 0 0 0
0.12 0.20 0.10 0.24 1 1 1 1
0.10 0.18 0.08 0.22 0 0 0 0
0.10 0.18 0.08 0.22 0 0 0 0
0.12 0.20 0.10 0.24 1 1 1 1
0.10 0.18 0.08 0.22 0 0 0 0
0.10 0.18 0.08 0.22 0 0 0 0
0.12 0.20 0.10 0.24 1 1 1 1
0.10 0.18 0.08 0.22 0 0 0 0
0.10 0.18 0.08 0.22 0 0 0 0
0.12 0.20 0.10 0.24 1 0 1 0
0.10 0.20 0.08 0.24 0 0 0 0
0.10 0.22 0.08 0.26 0 0 0 0
0.12 0.22 0.10 0.26 1 1 1 1
0.10 0.20 0.08 0.24 0 0 0 0
0.10 0.20 0.08 0.24 0 0 0 0
0.12 0.22 0.10 0.26 0 0 0 0
0.12 0.22 0.10 0.26 1 1 1 1
0.10 0.20 0.08 0.24 1 0 1 0
0.08 0.20 0.06 0.24 0 1 0 1
0.08 0.18 0.06 0.22 0 1 0 1
0.10 0.16 0.08 0.20 0 1 0 1
0.10 0.14 0.08 0.18 0 0 0 0
0.12 0.14 0.10 0.18 1 1 1 1
0.10 0.12 0.08 0.16 0 0 0 0
0.10 0.12 0.08 0.16 1 0 0 0
0.08 0.14 0.10 0.18 0 0 0 0
0.08 0.14 0.10 0.18 0 0 0 0
0.10 0.16 0.12 0.20 0 0 0 0
0.10 0.16 0.12 0.20 1 0 1 0
0.08 0.18 0.10 0.22 0 1 0 1
0.08 0.16 0.10 0.20 0 0 0 0
0.10 0.16 0.12 0.20 1 1 1 1
0.08 0.14 0.10 0.18 0 0 0 0
0.08 0.14 0.10 0.18 0 0 0 0
0.10 0.16 0.12 0.20 0 0 0 0
0.10 0.16 0.12 0.20 0 0 0 0
0.12 0.18 0.14 0.22 1 1 1 1
0.10 0.16 0.12 0.20 0 0 1 0
0.10 0.16 0.10 0.20 0 0 0 0
0.12 0.18 0.10 0.22 1 0 1 0
0.10 0.18 0.08 0.22 0 0 0 0
0.10 0.20 0.08 0.24 0 1 0 1
0.12 0.18 0.10 0.22 1 1 1 1
0.10 0.16 0.08 0.20 0 0 0 0
0.10 0.16 0.08 0.20 0 1 0 1
0.12 0.14 0.10 0.18 1 1 1 1
0.10 0.12 0.08 0.16 0 0 0 0
0.10 0.12 0.08 0.16 0 0 0 0
0.12 0.14 0.10 0.18 0 0 0 0
0.12 0.14 0.10 0.18 0 0 0 0
0.14 0.16 0.12 0.20 0 0 0 0
0.14 0.16 0.12 0.20 1 1 1 1
0.12 0.14 0.10 0.18 1 0 1 0
0.10 0.14 0.08 0.18 0 0 0 0
0.10 0.16 0.08 0.20 0 0 0 0
0.12 0.16 0.10 0.20 1 1 1 0
0.10 0.14 0.08 0.22 0 0 0 0
0.10 0.14 0.08 0.22 0 0 0 0
0.12 0.16 0.10 0.24 1 1 1 0
0.10 0.14 0.08 0.24 0 0 0 1
0.10 0.14 0.08 0.22 0 0 0 0
0.12 0.16 0.10 0.22 1 0 1 0
0.10 0.16 0.08 0.24 0 0 0 0
0.10 0.18 0.08 0.24 0 0 0 0
0.12 0.18 0.10 0.26 1 1 1 1
0.10 0.16 0.08 0.24 0 0 0 0
0.10 0.16 0.08 0.24 0 0 0 0
0.12 0.18 0.10 0.26 1 1 1 1
0.10 0.16 0.08 0.24 0 0 0 0
0.10 0.16 0.08 0.24 0 0 0 0
0.12 0.18 0.10 0.26 1 1 1 1
0.10 0.16 0.08 0.24 0 0 0 0
0.10 0.16 0.08 0.24 0 0 0 0
0.12 0.18 0.10 0.26 0 0 0 0
0.12 0.18 0.10 0.26 0 0 0 0
0.14 0.20 0.12 0.28 1 1 1 1
0.12 0.18 0.10 0.26 1 1 1 1
0.10 0.16 0.08 0.24 0 0 0 0
0.10 0.16 0.08 0.24 0 0 0 0
0.12 0.18 0.10 0.26 1 1 1 1
0.10 0.16 0.08 0.24 0 0 0 0
0.10 0.16 0.08 0.24 0 0 0 0
0.12 0.18 0.10 0.26 0 0 0 0
0.12 0.18 0.10 0.26 0 0 0 0
0.14 0.20 0.12 0.28 1 1 1 1
0.12 0.18 0.10 0.26 1 1 1 1
0.10 0.16 0.08 0.24 0 0 0 1
0.10 0.16 0.08 0.22 0 0 0 0
0.12 0.18 0.10 0.22 0 0 0 0
0.12 0.18 0.10 0.24 1 1 1 1
0.10 0.16 0.08 0.22 0 0 0 0
0.10 0.16 0.08 0.22 0 0 0 0
0.12 0.18 0.10 0.24 1 1 1 1
0.10 0.16 0.08 0.22 0 0 0 0
0.10 0.16 0.08 0.22 0 0 0 0
0.12 0.18 0.10 0.24 0 0 0 0
0.12 0.18 0.10 0.24 0 0 0 1
0.14 0.20 0.12 0.22 1 1 1 1
0.12 0.18 0.10 0.20 0 0 0 0
0.12 0.18 0.10 0.20 1 0 1 1
0.10 0.20 0.08 0.18 1 1 1 0
0.08 0.18 0.06 0.18 0 0 0 0
0.08 0.18 0.06 0.20 0 0 0 0
0.10 0.20 0.08 0.20 0 0 0 0
0.10 0.20 0.08 0.22 0 0 0 0
0.12 0.22 0.10 0.22 1 1 1 1
0.10 0.20 0.08 0.20 0 0 0 0
0.10 0.20 0.08 0.20 0 0 0 0
0.12 0.22 0.10 0.22 1 1 1 1
0.10 0.20 0.08 0.20 1 1 1 1
0.08 0.18 0.06 0.18 0 0 0 0
0.08 0.18 0.06 0.18 0 0 0 0
0.10 0.20 0.08 0.20 0 0 0 0
0.10 0.20 0.08 0.20 0 0 0 0
0.12 0.22 0.10 0.22 0 0 0 0
0.12 0.22 0.10 0.22 0 0 0 0
0.14 0.24 0.12 0.24 1 1 1 0
0.12 0.22 0.10 0.24 0 0 0 0
0.12 0.22 0.10 0.26 0 0 0 0
0.14 0.24 0.12 0.26 1 1 1 1
0.12 0.22 0.10 0.24 1 1 1 1
0.10 0.20 0.08 0.22 0 0 0 0
0.10 0.20 0.08 0.22 0 0 0 0
0.12 0.22 0.10 0.24 0 1 0 1
0.12 0.20 0.10 0.22 1 1 1 1
0.10 0.18 0.08 0.20 0 0 0 0
0.10 0.18 0.08 0.20 0 0 0 0
0.12 0.20 0.10 0.22 0 0 0 0
0.12 0.20 0.10 0.22 1 1 1 1
0.10 0.18 0.08 0.20 0 0 0 0
0.10 0.18 0.08 0.20 0 0 0 0
0.12 0.20 0.10 0.22 0 0 0 0
0.12 0.20 0.10 0.22 0 0 0 0
0.14 0.22 0.12 0.24 1 1 1 1
0.12 0.20 0.10 0.22 0 0 0 0
0.12 0.20 0.10 0.22 1 0 1 0
0.10 0.22 0.08 0.24 0 0 0 0
0.10 0.22 0.08 0.24 0 0 0 0
0.12 0.24 0.10 0.26 0 0 0 0
0.12 0.24 0.10 0.26 0 1 0 1
0.14 0.22 0.12 0.24 1 1 1 1
0.12 0.20 0.10 0.22 0 0 0 0
0.12 0.20 0.10 0.22 0 0 0 0
0.14 0.22 0.12 0.24 0 0 0 0
0.14 0.22 0.12 0.24 0 0 0 0
0.16 0.24 0.14 0.26 1 1 1 1
0.14 0.22 0.12 0.24 0 0 0 0
0.14 0.22 0.12 0.24 0 0 0 0
0.16 0.24 0.14 0.26 1 1 1 1
0.14 0.22 0.12 0.24 1 1 1 1
0.12 0.20 0.10 0.22 1 1 1 1
0.10 0.18 0.08 0.20 0 0 0 0
0.10 0.18 0.08 0.20 0 0 0 0
0.12 0.20 0.10 0.22 1 1 1 1
0.10 0.18 0.08 0.20 0 0 0 0
0.10 0.18 0.08 0.20 0 0 0 0
0.12 0.20 0.10 0.22 1 1 1 1
0.10 0.18 0.08 0.20 0 0 0 0
0.10 0.18 0.08 0.20 0 0 0 0
0.12 0.20 0.10 0.22 1 1 1 1
0.10 0.18 0.08 0.20 0 1 0 1
0.10 0.16 0.08 0.18 0 1 0 1
0.12 0.14 0.10 0.16 1 1 1 1
0.10 0.12 0.08 0.14 0 0 0 0
0.10 0.12 0.08 0.14 0 0 0 0
0.12 0.14 0.10 0.16 1 1 1 1
0.10 0.12 0.08 0.14 0 0 0 0
0.10 0.12 0.08 0.14 0 0 0 0
0.12 0.14 0.10 0.16 1 1 1 1
0.10 0.12 0.08 0.14 0 0 0 0
0.10 0.12 0.08 0.14 0 0 0 0
0.12 0.14 0.10 0.16 1 1 1 1
0.10 0.12 0.08 0.14 0 0 0 0
0.10 0.12 0.08 0.14 0 0 0 0
0.12 0.14 0.10 0.16 1 1 1 1
0.10 0.12 0.08 0.14 0 0 0 0
0.10 0.12 0.08 0.14 0 0 0 0
0.12 0.14 0.10 0.16 0 0 0 0
0.12 0.14 0.10 0.16 1 1 1 1
0.10 0.12 0.08 0.14 0 0 0 0
0.10 0.12 0.08 0.14 0 0 0 0
0.12 0.14 0.10 0.16 1 1 1 1
0.10 0.12 0.08 0.14 0 0 0 0
0.10 0.12 0.08 0.14 0 0 0 0
0.12 0.14 0.10 0.16 0 0 0 0
0.12 0.14 0.10 0.16 1 1 1 1
0.10 0.12 0.08 0.14 0 0 0 0
0.10 0.12 0.08 0.14 0 0 0 0
0.12 0.14 0.10 0.16 1 1 1 1
0.10 0.12 0.08 0.14 0 0 0 0
0.10 0.12 0.08 0.14 0 0 0 0
0.12 0.14 0.10 0.16 1 0 0 0
0.10 0.14 0.10 0.16 0 0 0 0
0.10 0.16 0.12 0.18 0 0 0 0
0.12 0.16 0.12 0.18 1 1 1 1
0.10 0.14 0.10 0.16 0 0 0 0
0.10 0.14 0.10 0.16 1 1 1 1
0.08 0.12 0.08 0.14 0 0 0 0
0.08 0.12 0.08 0.14 0 0 0 0
0.10 0.14 0.10 0.16 0 0 0 0
0.10 0.14 0.10 0.16 1 0 1 0
0.08 0.16 0.08 0.18 0 0 0 0
0.08 0.16 0.08 0.18 0 0 0 0
0.10 0.18 0.10 0.20 1 1 1 1
0.08 0.16 0.08 0.18 0 0 0 0
0.08 0.16 0.08 0.18 0 0 0 0
0.10 0.18 0.10 0.20 1 1 1 1
0.08 0.16 0.08 0.18 0 0 0 0
0.08 0.16 0.08 0.18 0 0 0 0
0.10 0.18 0.10 0.20 1 1 1 1
0.08 0.16 0.08 0.18 0 0 0 0
0.08 0.16 0.08 0.18 0 0 0 0
0.10 0.18 0.10 0.20 1 1 1 1
0.08 0.16 0.08 0.18 0 0 0 0
0.08 0.16 0.08 0.18 0 0 0 0
0.10 0.18 0.10 0.20 0 1 1 1
0.10 0.16 0.08 0.18 0 1 1 1
0.12 0.14 0.06 0.16 1 1 0 1
0.10 0.12 0.06 0.14 1 0 0 0
0.08 0.12 0.08 0.14 0 0 0 0
0.08 0.14 0.08 0.16 0 0 0 0
0.10 0.14 0.10 0.16 1 0 1 1
0.08 0.16 0.08 0.14 0 0 0 0
0.08 0.16 0.08 0.14 0 0 0 0
0.10 0.18 0.10 0.16 0 0 0 0
0.10 0.18 0.10 0.16 0 0 0 0
0.12 0.20 0.12 0.18 1 1 1 1
0.10 0.18 0.10 0.16 0 0 0 0
0.10 0.18 0.10 0.16 1 1 1 1
0.08 0.16 0.08 0.14 0 0 0 0
0.08 0.16 0.08 0.14 0 0 0 0
0.10 0.18 0.10 0.16 0 0 0 0
0.10 0.18 0.10 0.16 0 0 0 0
0.12 0.20 0.12 0.18 1 1 1 1
0.10 0.18 0.10 0.16 0 0 0 0
0.10 0.18 0.10 0.16 0 0 0 0
0.12 0.20 0.12 0.18 0 0 0 0
0.12 0.20 0.12 0.18 0 0 0 0
0.14 0.22 0.14 0.20 1 1 1 1
0.12 0.20 0.12 0.18 0 0 0 0
0.12 0.20 0.12 0.18 1 1 1 1
0.10 0.18 0.10 0.16 0 1 0 1
0.10 0.16 0.10 0.14 0 0 0 0
0.12 0.16 0.12 0.14 1 1 1 1
0.10 0.14 0.10 0.12 0 0 0 0
0.10 0.14 0.10 0.12 0 0 0 0
0.12 0.16 0.12 0.14 1 1 1 1
0.10 0.14 0.10 0.12 0 0 0 0
0.10 0.14 0.10 0.12 1 1 1 1
0.08 0.12 0.08 0.10 0 0 0 0
0.08 0.12 0.08 0.10 0 0 0 0
0.10 0.14 0.10 0.12 0 0 0 0
0.10 0.14 0.10 0.12 1 1 1 1
0.08 0.12 0.08 0.10 0 0 0 0
0.08 0.12 0.08 0.10 0 0 0 0
0.10 0.14 0.10 0.12 0 0 0 0
0.10 0.14 0.10 0.12 0 0 0 0
0.12 0.16 0.12 0.14 1 1 1 1
0.10 0.14 0.10 0.12 0 0 0 0
0.10 0.14 0.10 0.12 0 0 0 0
0.12 0.16 0.12 0.14 1 1 1 1
