0.12 0.48 0.12 1.32 0 0 0 0
0.12 0.48 0.12 1.32 0 0 0 0
0.14 0.50 0.14 1.34 0 0 0 0
0.14 0.50 0.14 1.34 1 0 0 0
0.12 0.52 0.16 1.36 0 0 0 0
0.12 0.52 0.16 1.36 0 0 0 0
0.14 0.54 0.18 1.38 0 0 0 0
0.14 0.54 0.18 1.38 0 0 0 0
0.16 0.56 0.20 1.40 0 1 1 0
0.16 0.54 0.18 1.40 0 1 0 0
0.18 0.52 0.18 1.42 0 0 0 0
0.18 0.52 0.20 1.42 0 0 0 0
0.20 0.54 0.20 1.44 0 0 0 0
0.20 0.54 0.22 1.44 1 0 1 0
0.18 0.56 0.20 1.46 0 0 0 0
0.18 0.56 0.20 1.46 1 0 1 0
0.16 0.58 0.18 1.48 0 0 0 0
0.16 0.58 0.18 1.48 0 0 0 0
0.18 0.60 0.20 1.50 0 0 0 0
0.18 0.60 0.20 1.50 1 0 1 0
0.16 0.62 0.18 1.52 0 0 0 0
0.16 0.62 0.18 1.52 0 0 0 0
0.18 0.64 0.20 1.54 0 0 0 0
0.18 0.64 0.20 1.54 0 0 0 0
0.20 0.66 0.22 1.56 0 0 1 0
0.20 0.66 0.20 1.56 1 1 1 1
0.18 0.64 0.18 1.54 0 0 0 0
0.18 0.64 0.18 1.54 0 0 0 0
0.20 0.66 0.20 1.56 1 1 1 0
0.18 0.64 0.18 1.56 0 0 0 0
0.18 0.64 0.18 1.58 0 0 0 0
0.20 0.66 0.20 1.58 0 0 0 0
0.20 0.66 0.20 1.60 1 1 1 1
0.18 0.64 0.18 1.58 0 0 0 0
0.18 0.64 0.18 1.58 0 0 0 0
0.20 0.66 0.20 1.60 1 0 1 0
0.18 0.66 0.18 1.60 0 0 0 0
0.18 0.68 0.18 1.62 0 0 0 0
0.20 0.68 0.20 1.62 1 1 1 1
0.18 0.66 0.18 1.60 0 0 0 0
0.18 0.66 0.18 1.60 0 0 0 0
0.20 0.68 0.20 1.62 0 0 0 0
0.20 0.68 0.20 1.62 0 0 0 0
0.22 0.70 0.22 1.64 1 1 1 1
0.20 0.68 0.20 1.62 0 0 0 0
0.20 0.68 0.20 1.62 0 0 0 0
0.22 0.70 0.22 1.64 0 0 0 0
0.22 0.70 0.22 1.64 1 0 1 0
0.20 0.72 0.20 1.66 0 0 0 0
0.20 0.72 0.20 1.66 1 0 1 0
0.18 0.74 0.18 1.68 0 0 0 0
0.18 0.74 0.18 1.68 1 1 1 1
0.16 0.72 0.16 1.66 0 0 0 0
0.16 0.72 0.16 1.66 0 0 0 0
0.18 0.74 0.18 1.68 1 1 0 0
0.16 0.72 0.18 1.68 0 0 0 0
0.16 0.72 0.20 1.70 0 0 0 0
0.18 0.74 0.20 1.70 1 0 1 0
0.16 0.74 0.18 1.72 0 0 0 0
0.16 0.76 0.18 1.72 0 1 0 0
0.18 0.74 0.20 1.74 0 0 0 0
0.18 0.74 0.20 1.74 0 0 0 0
0.20 0.76 0.22 1.76 0 0 0 0
0.20 0.76 0.22 1.76 0 0 0 0
0.22 0.78 0.24 1.78 0 0 0 0
0.22 0.78 0.24 1.78 0 0 0 0
0.24 0.80 0.26 1.80 0 0 0 0
0.24 0.80 0.26 1.80 0 0 0 0
0.26 0.82 0.28 1.82 0 0 0 0
0.26 0.82 0.28 1.82 0 0 0 0
0.28 0.84 0.30 1.84 0 0 0 0
0.28 0.84 0.30 1.84 0 0 0 0
0.30 0.86 0.32 1.86 1 0 1 0
0.28 0.86 0.30 1.86 1 0 1 0
0.26 0.88 0.28 1.88 0 0 0 0
0.26 0.88 0.28 1.88 0 0 0 0
0.28 0.90 0.30 1.90 0 0 0 1
0.28 0.90 0.30 1.88 0 0 0 0
0.30 0.92 0.32 1.88 0 0 0 0
0.30 0.92 0.32 1.90 0 0 0 1
0.32 0.94 0.34 1.88 0 0 0 0
0.32 0.94 0.34 1.88 0 0 0 0
0.34 0.96 0.36 1.90 0 0 0 0
0.34 0.96 0.36 1.90 0 0 0 0
0.36 0.98 0.38 1.92 1 1 1 0
0.34 0.96 0.36 1.92 0 0 0 0
0.34 0.96 0.36 1.94 0 0 0 0
0.36 0.98 0.38 1.94 0 0 0 0
0.36 0.98 0.38 1.96 0 0 0 0
0.38 1.00 0.40 1.96 1 1 1 1
0.36 0.98 0.38 1.94 0 0 0 0
0.36 0.98 0.38 1.94 1 0 1 0
0.34 1.00 0.36 1.96 0 0 0 0
0.34 1.00 0.36 1.96 1 1 1 1
0.32 0.98 0.34 1.94 0 0 0 0
0.32 0.98 0.34 1.94 0 0 0 0
0.34 1.00 0.36 1.96 0 0 0 0
0.34 1.00 0.36 1.96 0 0 0 0
0.36 1.02 0.38 1.98 1 0 1 0
0.34 1.02 0.36 1.98 0 0 0 0
0.34 1.04 0.36 2.00 0 0 0 0
0.36 1.04 0.38 2.00 0 0 0 0
0.36 1.06 0.38 2.00 0 0 0 0
0.38 1.06 0.40 2.00 0 0 0 0
0.38 1.08 0.40 2.00 0 0 0 0
0.40 1.08 0.42 2.00 0 0 0 0
0.40 1.10 0.42 2.00 1 1 1 1
0.38 1.08 0.40 1.98 1 1 1 0
0.36 1.06 0.38 1.98 1 1 1 0
0.34 1.04 0.36 2.00 0 0 0 0
0.34 1.04 0.36 2.00 0 0 0 0
0.36 1.06 0.38 2.00 0 0 0 0
0.36 1.06 0.38 2.00 0 0 0 0
0.38 1.08 0.40 2.00 0 0 0 0
0.38 1.08 0.40 2.00 1 1 1 0
0.36 1.06 0.38 2.00 0 0 0 0
0.36 1.06 0.38 2.00 1 0 1 0
0.34 1.08 0.36 2.00 1 1 1 1
0.32 1.06 0.34 1.98 1 1 1 1
0.30 1.04 0.32 1.96 1 1 1 1
0.28 1.02 0.30 1.94 0 0 0 0
0.28 1.02 0.30 1.94 1 0 1 0
0.26 1.04 0.28 1.96 0 0 0 0
0.26 1.04 0.28 1.96 1 1 1 1
0.24 1.02 0.26 1.94 1 1 1 1
0.22 1.00 0.24 1.92 0 0 0 0
0.22 1.00 0.24 1.92 1 1 1 1
0.20 0.98 0.22 1.90 0 0 0 0
0.20 0.98 0.22 1.90 1 1 1 1
0.18 0.96 0.20 1.88 0 0 0 0
0.18 0.96 0.20 1.88 0 0 0 0
0.20 0.98 0.22 1.90 0 0 0 0
0.20 0.98 0.22 1.90 0 0 0 0
0.22 1.00 0.24 1.92 1 1 1 1
0.20 0.98 0.22 1.90 1 0 1 0
0.18 0.98 0.20 1.90 1 1 1 1
0.16 0.96 0.18 1.88 1 1 1 1
0.14 0.94 0.16 1.86 0 0 0 0
0.14 0.94 0.16 1.86 0 0 0 0
0.16 0.96 0.18 1.88 0 0 0 0
0.16 0.96 0.18 1.88 0 0 0 0
0.18 0.98 0.20 1.90 1 1 1 1
0.16 0.96 0.18 1.88 0 0 0 0
0.16 0.96 0.18 1.88 1 1 1 0
0.14 0.94 0.16 1.90 0 0 0 0
0.14 0.94 0.16 1.90 1 1 1 1
0.12 0.92 0.14 1.88 1 0 0 0
0.10 0.92 0.14 1.88 0 0 0 0
0.10 0.94 0.16 1.90 0 1 1 0
0.12 0.92 0.14 1.90 0 0 0 0
0.12 0.92 0.14 1.92 0 0 0 0
0.14 0.94 0.16 1.92 0 0 0 0
0.14 0.94 0.16 1.94 0 0 0 0
0.16 0.96 0.18 1.94 0 0 0 0
0.16 0.96 0.18 1.96 0 0 0 0
0.18 0.98 0.20 1.96 0 0 0 0
0.18 0.98 0.20 1.98 0 0 0 0
0.20 1.00 0.22 1.98 0 0 0 0
0.20 1.00 0.22 2.00 1 1 1 0
0.18 0.98 0.20 2.00 0 0 0 0
0.18 0.98 0.20 2.00 1 1 1 1
0.16 0.96 0.18 1.98 0 0 0 0
0.16 0.96 0.18 1.98 0 0 0 0
0.18 0.98 0.20 2.00 1 1 1 1
0.16 0.96 0.18 1.98 0 0 0 0
0.16 0.96 0.18 1.98 1 1 1 1
0.14 0.94 0.16 1.96 0 1 1 0
0.14 0.92 0.14 1.96 0 0 0 0
0.16 0.92 0.14 1.98 0 0 0 0
0.16 0.94 0.16 1.98 0 1 0 0
0.18 0.92 0.16 2.00 0 0 0 0
0.18 0.92 0.18 2.00 0 0 0 0
0.20 0.94 0.18 2.00 1 1 1 1
0.18 0.92 0.16 1.98 1 1 1 1
0.16 0.90 0.14 1.96 0 0 0 0
0.16 0.90 0.14 1.96 0 0 0 0
0.18 0.92 0.16 1.98 0 0 0 0
0.18 0.92 0.16 1.98 0 0 0 0
0.20 0.94 0.18 2.00 0 0 0 0
0.20 0.94 0.18 2.00 1 1 1 1
0.18 0.92 0.16 1.98 1 1 1 1
0.16 0.90 0.14 1.96 0 0 0 0
0.16 0.90 0.14 1.96 1 0 1 0
0.14 0.92 0.12 1.98 0 0 0 0
0.14 0.92 0.12 1.98 0 0 0 0
0.16 0.94 0.14 2.00 0 0 0 0
0.16 0.94 0.14 2.00 0 0 0 0
0.18 0.96 0.16 2.00 0 0 0 0
0.18 0.96 0.16 2.00 0 0 0 0
0.20 0.98 0.18 2.00 0 0 0 0
0.20 0.98 0.18 2.00 1 1 1 1
0.18 0.96 0.16 1.98 1 1 1 1
0.16 0.94 0.14 1.96 1 1 1 0
0.14 0.92 0.12 1.96 0 0 0 0
0.14 0.92 0.12 1.98 0 0 0 0
0.16 0.94 0.14 1.98 0 0 0 0
0.16 0.94 0.14 2.00 0 0 0 0
0.18 0.96 0.16 2.00 0 0 0 0
0.18 0.96 0.16 2.00 0 0 0 0
0.20 0.98 0.18 2.00 0 0 0 0
0.20 0.98 0.18 2.00 0 0 0 0
0.22 1.00 0.20 2.00 0 0 0 0
0.22 1.00 0.20 2.00 0 0 0 0
0.24 1.02 0.22 2.00 0 0 0 0
0.24 1.02 0.22 2.00 0 0 0 0
0.26 1.04 0.24 2.00 0 0 0 0
0.26 1.04 0.24 2.00 0 0 0 0
0.28 1.06 0.26 2.00 0 0 0 0
0.28 1.06 0.26 2.00 1 0 1 0
0.26 1.08 0.24 2.00 0 0 0 0
0.26 1.08 0.24 2.00 0 0 0 0
0.28 1.10 0.26 2.00 0 0 0 0
0.28 1.10 0.26 2.00 1 1 1 1
0.26 1.08 0.24 1.98 0 0 0 0
0.26 1.08 0.24 1.98 0 0 0 0
0.28 1.10 0.26 2.00 1 1 1 1
0.26 1.08 0.24 1.98 1 0 1 0
0.24 1.08 0.22 1.98 0 0 0 0
0.24 1.10 0.22 2.00 0 0 0 0
0.26 1.10 0.24 2.00 0 0 0 0
0.26 1.12 0.24 2.00 1 1 1 0
0.24 1.10 0.22 2.00 0 0 0 0
0.24 1.10 0.22 2.00 1 1 1 0
0.22 1.08 0.20 2.00 0 0 0 0
0.22 1.08 0.20 2.00 1 0 1 0
0.20 1.10 0.18 2.00 0 0 0 0
0.20 1.10 0.18 2.00 1 0 1 0
0.18 1.12 0.16 2.00 0 0 0 0
0.18 1.12 0.16 2.00 0 0 0 0
0.20 1.14 0.18 2.00 1 1 1 1
0.18 1.12 0.16 1.98 0 0 0 0
0.18 1.12 0.16 1.98 1 0 1 0
0.16 1.14 0.14 2.00 0 0 0 0
0.16 1.14 0.14 2.00 0 0 0 0
0.18 1.16 0.16 2.00 0 0 0 0
0.18 1.16 0.16 2.00 0 0 0 0
0.20 1.18 0.18 2.00 1 1 1 1
0.18 1.16 0.16 1.98 0 0 0 0
0.18 1.16 0.16 1.98 0 0 0 0
0.20 1.18 0.18 2.00 1 0 0 0
0.18 1.18 0.18 2.00 0 0 0 0
0.18 1.20 0.20 2.00 0 0 0 0
0.20 1.20 0.20 2.00 1 0 1 0
0.18 1.22 0.18 2.00 0 0 0 0
0.18 1.22 0.18 2.00 0 0 0 0
0.20 1.24 0.20 2.00 0 0 0 0
0.20 1.24 0.20 2.00 0 0 0 0
0.22 1.26 0.22 2.00 1 1 1 1
0.20 1.24 0.20 1.98 0 0 0 0
0.20 1.24 0.20 1.98 1 1 1 1
0.18 1.22 0.18 1.96 1 1 1 1
0.16 1.20 0.16 1.94 0 0 0 0
0.16 1.20 0.16 1.94 0 0 0 0
0.18 1.22 0.18 1.96 1 1 1 1
0.16 1.20 0.16 1.94 0 0 0 0
0.16 1.20 0.16 1.94 0 0 0 0
0.18 1.22 0.18 1.96 0 0 0 0
0.18 1.22 0.18 1.96 1 1 1 1
0.16 1.20 0.16 1.94 0 0 0 0
0.16 1.20 0.16 1.94 0 0 0 0
0.18 1.22 0.18 1.96 1 1 1 1
0.16 1.20 0.16 1.94 1 0 1 0
0.14 1.20 0.14 1.94 0 0 0 0
0.14 1.22 0.14 1.96 0 0 0 0
0.16 1.22 0.16 1.96 0 0 0 0
0.16 1.24 0.16 1.98 0 0 0 0
0.18 1.24 0.18 1.98 1 1 1 1
0.16 1.22 0.16 1.96 0 0 0 0
0.16 1.22 0.16 1.96 0 0 0 0
0.18 1.24 0.18 1.98 1 0 1 0
0.16 1.24 0.16 1.98 1 1 1 1
0.14 1.22 0.14 1.96 0 0 0 0
0.14 1.22 0.14 1.96 1 1 1 1
0.12 1.20 0.12 1.94 0 1 0 1
0.12 1.18 0.12 1.92 0 0 0 0
0.14 1.18 0.14 1.92 0 0 0 0
0.14 1.20 0.14 1.94 0 1 0 1
0.16 1.18 0.16 1.92 1 1 1 1
0.14 1.16 0.14 1.90 0 0 0 0
0.14 1.16 0.14 1.90 0 0 0 0
0.16 1.18 0.16 1.92 0 0 0 0
0.16 1.18 0.16 1.92 0 0 0 0
0.18 1.20 0.18 1.94 0 0 0 0
0.18 1.20 0.18 1.94 0 0 0 0
0.20 1.22 0.20 1.96 0 0 0 0
0.20 1.22 0.20 1.96 1 1 1 1
0.18 1.20 0.18 1.94 0 0 0 0
0.18 1.20 0.18 1.94 0 0 0 0
0.20 1.22 0.20 1.96 0 1 0 1
0.20 1.20 0.20 1.94 1 1 1 1
0.18 1.18 0.18 1.92 0 0 0 0
0.18 1.18 0.18 1.92 0 0 0 0
0.20 1.20 0.20 1.94 1 1 1 0
0.18 1.18 0.18 1.94 1 1 1 1
0.16 1.16 0.16 1.92 1 1 1 1
0.14 1.14 0.14 1.90 0 0 0 0
0.14 1.14 0.14 1.90 0 0 0 0
0.16 1.16 0.16 1.92 0 0 0 0
0.16 1.16 0.16 1.92 1 1 1 1
0.14 1.14 0.14 1.90 0 0 0 0
0.14 1.14 0.14 1.90 0 1 0 1
0.16 1.12 0.16 1.88 0 0 0 0
0.16 1.12 0.16 1.88 0 0 0 0
0.18 1.14 0.18 1.90 0 0 0 0
0.18 1.14 0.18 1.90 0 0 0 0
0.20 1.16 0.20 1.92 0 0 0 0
0.20 1.16 0.20 1.92 0 0 0 0
0.22 1.18 0.22 1.94 1 0 1 0
0.20 1.18 0.20 1.94 0 0 0 0
0.20 1.20 0.20 1.96 0 0 0 0
0.22 1.20 0.22 1.96 0 1 0 1
0.22 1.18 0.22 1.94 0 0 0 0
0.24 1.18 0.24 1.94 1 1 1 1
0.22 1.16 0.22 1.92 1 1 1 1
0.20 1.14 0.20 1.90 0 0 0 0
0.20 1.14 0.20 1.90 1 1 1 1
0.18 1.12 0.18 1.88 0 0 0 0
0.18 1.12 0.18 1.88 0 0 0 0
0.20 1.14 0.20 1.90 0 0 0 0
0.20 1.14 0.20 1.90 1 1 1 0
0.18 1.12 0.18 1.92 0 0 0 0
0.18 1.12 0.18 1.92 0 0 0 0
0.20 1.14 0.20 1.94 1 1 1 1
0.18 1.12 0.18 1.92 0 0 0 0
0.18 1.12 0.18 1.92 0 0 0 0
0.20 1.14 0.20 1.94 0 0 0 0
0.20 1.14 0.20 1.94 0 0 0 0
0.22 1.16 0.22 1.96 1 1 1 1
0.20 1.14 0.20 1.94 1 1 1 0
0.18 1.12 0.18 1.94 0 0 0 0
0.18 1.12 0.18 1.96 0 0 0 0
0.20 1.14 0.20 1.96 0 0 0 0
0.20 1.14 0.20 1.98 0 0 0 0
0.22 1.16 0.22 1.98 0 0 0 0
0.22 1.16 0.22 2.00 1 1 1 1
0.20 1.14 0.20 1.98 0 0 0 0
0.20 1.14 0.20 1.98 1 1 1 1
0.18 1.12 0.18 1.96 0 0 0 0
0.18 1.12 0.18 1.96 0 0 0 0
0.20 1.14 0.20 1.98 1 1 1 1
0.18 1.12 0.18 1.96 0 0 0 0
0.18 1.12 0.18 1.96 0 0 0 0
0.20 1.14 0.20 1.98 0 0 0 0
0.20 1.14 0.20 1.98 0 0 0 0
0.22 1.16 0.22 2.00 0 0 0 0
0.22 1.16 0.22 2.00 1 0 1 0
0.20 1.18 0.20 2.00 0 0 0 0
0.20 1.18 0.20 2.00 1 0 1 0
0.18 1.20 0.18 2.00 0 0 0 0
0.18 1.20 0.18 2.00 0 0 0 0
