  1 1 1 1 2  -6 0
  2 5 1 1 2  -5 0
  3 5 1 2 1  -5 1
  4 5 2 2 1  -3 0
  5 4 4 2 1  -2 1
  6 3 6 2 1   5 1
  7 5 4 2 1  -3 1
  8 3 5 1 2   5 1
  9 1 4 2 1  -2 1
 10 1 1 1 2  -7 1
 11 1 5 2 1   2 1
 12 1 1 2 1  -4 0
 13 2 4 1 2  -3 1
 14 5 3 2 1  -4 0
 15 4 1 2 1  -7 1
 16 3 7 2 1  10 1
 17 3 6 2 1   4 1
 18 5 4 2 1  -2 0
 19 1 4 1 2  -3 0
 20 5 6 1 2   4 0
 21 2 5 1 2   3 0
 22 4 5 1 2   4 0
 23 4 2 2 1  -4 0
 24 2 2 1 2   2 1
 25 1 1 1 2  -3 0
 26 4 5 1 2   3 0
 27 1 2 2 1  -6 0
 28 4 2 1 2  -3 0
 29 5 7 2 1   8 0
 30 3 4 2 1  -3 0
 31 1 6 2 1   6 1
 32 5 1 2 1  -5 1
 33 3 7 2 1   6 0
 34 2 4 1 2  -2 0
 35 4 6 2 1   4 0
 36 2 7 1 2   6 0
 37 3 4 1 2  -3 1
 38 5 5 1 2   3 1
 39 5 7 1 2   5 0
 40 5 6 1 2   5 1
 41 5 7 1 2   8 0
 42 3 5 1 2   2 1
 43 1 3 1 2  -3 0
 44 1 3 2 1  -2 0
 45 4 7 1 2   7 0
 46 5 4 1 2  -2 1
 47 3 7 1 2   4 1
 48 1 3 2 1   0 1
 49 4 7 2 1   6 1
 50 5 5 1 2   2 0
 51 5 3 2 1  -4 0
 52 5 6 2 1   6 0
 53 2 5 2 1   4 0
 54 2 3 1 2  -3 1
 55 3 1 2 1  -8 0
 56 2 5 2 1   3 1
 57 3 5 1 2   3 0
 58 3 4 1 2  -3 0
 59 2 6 2 1   4 0
 60 5 1 2 1  -8 1
 61 4 6 2 1   5 1
 62 5 2 1 2  -5 0
 63 4 1 2 1  -9 0
 64 5 4 1 2  -3 1
 65 3 5 2 1   3 1
 66 5 3 2 1  -3 1
 67 2 3 1 2  -2 0
 68 3 3 1 2  -4 0
 69 3 2 1 2  -3 0
 70 5 7 1 2   8 0
 71 1 6 1 2   4 1
 72 1 6 2 1   5 1
 73 1 4 2 1   0 0
 74 4 4 1 2  -2 1
 75 4 3 2 1  -4 1
 76 2 6 2 1   5 1
 77 4 6 1 2   3 0
 78 4 7 2 1   7 1
 79 3 1 2 1  -7 1
 80 3 5 2 1   3 0
 81 2 6 1 2   4 0
 82 4 1 1 2  -7 0
 83 5 5 1 2   3 0
 84 5 3 1 2  -4 0
 85 1 2 2 1  -4 0
 86 2 3 2 1  -3 1
 87 2 7 2 1   7 0
 88 3 1 2 1  -8 1
 89 1 6 1 2   4 1
 90 4 7 1 2   6 1
 91 1 7 2 1  10 0
 92 1 7 1 2   9 1
 93 2 1 1 2  -7 0
 94 1 7 2 1  10 0
 95 3 3 2 1   1 0
 96 4 6 1 2   4 0
 97 1 4 1 2   0 0
 98 1 6 1 2   3 0
 99 1 7 1 2   6 0
100 3 4 2 1  -1 1
101 1 7 1 2   6 0
102 5 6 2 1   4 1
103 2 1 1 2  -6 0
104 4 4 2 1  -2 1
105 4 7 2 1   5 0
106 1 4 1 2  -2 0
107 2 6 1 2   2 1
108 3 6 1 2   3 0
109 2 1 1 2  -8 0
110 3 1 1 2  -6 0
111 3 2 2 1  -4 0
112 4 5 1 2   4 0
113 5 7 1 2   7 0
114 2 2 1 2  -4 0
115 4 5 2 1   3 1
116 2 3 2 1  -2 0
117 1 3 1 2  -2 0
118 5 6 1 2   3 1
119 3 2 2 1  -4 0
120 2 1 2 1  -7 0
121 2 7 1 2   7 0
122 1 3 2 1  -2 1
123 1 7 1 2   6 1
124 3 3 1 2  -2 0
125 2 4 2 1  -1 1
126 2 7 2 1   8 0
127 4 3 2 1  -3 0
128 2 1 1 2  -5 0
129 3 6 1 2   3 0
130 2 7 1 2   8 1
131 2 7 1 2   7 0
132 2 1 2 1  -6 1
133 4 7 2 1   7 0
134 1 6 1 2   3 0
135 4 4 1 2  -3 0
136 1 5 2 1   3 1
137 2 4 1 2  -2 0
138 3 3 2 1  -4 0
139 3 2 2 1  -5 0
140 1 3 1 2  -2 0
141 2 4 2 1   1 1
142 3 5 2 1   1 0
143 3 4 2 1  -2 1
144 3 1 2 1  -8 1
145 4 3 1 2  -2 1
146 4 1 2 1  -7 0
147 4 2 2 1  -5 0
148 4 7 1 2   8 1
149 3 7 2 1  10 1
150 2 7 1 2   7 1
151 1 6 1 2   4 0
152 2 3 2 1  -4 1
153 4 2 1 2  -4 0
154 4 3 2 1  -3 1
155 1 2 1 2  -5 1
156 1 2 2 1  -3 0
157 5 2 1 2  -5 1
158 1 5 2 1   3 0
159 4 4 2 1   2 1
160 4 2 2 1  -4 1
161 2 6 1 2   5 0
162 5 5 2 1   3 1
163 2 7 2 1   8 0
164 3 1 1 2  -7 0
165 5 1 1 2  -6 1
166 4 6 2 1   6 0
167 2 2 1 2  -6 0
168 4 2 2 1  -7 0
169 5 2 2 1  -5 0
170 2 3 1 2  -3 1
171 3 5 1 2   3 0
172 3 4 1 2  -4 0
173 4 5 2 1   3 1
174 1 5 1 2   4 0
175 5 7 2 1   7 0
176 3 3 2 1  -3 0
177 5 4 1 2  -1 0
178 3 7 1 2   5 0
179 3 2 1 2  -4 1
180 5 2 2 1  -4 1
181 2 5 1 2   3 0
182 2 7 2 1   8 0
183 1 6 2 1   7 0
184 4 4 1 2  -3 0
185 3 6 1 2   4 0
186 4 5 1 2   3 1
187 4 1 1 2  -6 0
188 3 3 1 2  -3 1
189 4 4 2 1  -2 0
190 2 4 2 1  -3 1
191 3 2 1 2  -4 0
192 4 4 1 2  -3 1
193 2 2 2 1  -4 0
194 4 3 2 1  -3 1
195 5 3 1 2  -4 0
196 1 5 1 2  -1 0
197 5 1 1 2  -7 0
198 1 2 1 2  -5 0
199 2 1 1 2  -8 1
200 3 6 2 1   7 0
201 3 2 2 1  -4 0
202 4 2 1 2  -5 1
203 2 2 2 1  -3 1
204 4 1 1 2  -4 1
205 3 2 1 2  -3 0
206 1 3 1 2   1 0
207 3 5 2 1   2 0
208 3 6 2 1   6 0
209 1 1 1 2  -5 1
210 2 7 2 1   9 0
211 1 2 2 1  -4 1
212 3 4 1 2  -2 0
213 5 1 1 2  -9 0
214 4 6 1 2   5 0
215 5 3 1 2   1 0
216 1 4 2 1   0 0
217 5 2 1 2  -3 1
218 4 1 1 2  -8 0
219 1 1 2 1  -6 1
220 2 1 2 1  -8 0
221 5 5 1 2   3 1
222 3 6 1 2   4 0
223 4 1 1 2  -5 0
224 2 5 2 1   3 1
225 1 3 1 2  -2 0
226 1 1 2 1  -8 1
227 4 5 1 2   4 0
228 1 5 2 1   3 0
229 4 6 1 2   5 0
230 5 1 1 2  -5 0
231 3 7 1 2   9 0
232 5 4 2 1  -2 1
233 2 1 2 1 -10 0
234 3 1 1 2  -9 0
235 4 3 1 2  -4 0
236 2 3 2 1  -1 1
237 1 7 2 1   9 0
238 5 4 1 2  -2 1
239 4 2 2 1  -3 0
240 2 2 1 2  -4 1
241 2 5 2 1   3 0
242 4 3 1 2  -4 0
243 2 6 1 2   5 1
244 1 4 1 2  -1 0
245 4 2 1 2  -5 1
246 5 6 1 2   7 0
247 3 4 1 2  -2 0
248 4 1 2 1  -9 0
249 4 2 1 2  -6 1
250 2 6 1 2   5 0
251 1 1 1 2 -10 1
252 2 5 1 2   4 0
253 4 3 2 1  -2 1
254 5 6 1 2   4 0
255 1 5 1 2   3 0
256 3 2 1 2  -2 0
257 5 7 2 1   8 0
258 5 2 2 1  -2 1
259 5 4 1 2  -3 1
260 3 1 1 2  -6 0
261 4 3 1 2  -2 1
262 1 7 2 1   7 1
263 2 3 1 2  -3 1
264 5 3 1 2  -3 1
265 1 7 1 2   7 1
266 4 5 2 1   3 1
267 4 4 1 2  -2 1
268 2 2 2 1  -5 1
269 4 6 2 1   7 0
270 2 1 2 1  -8 0
271 2 6 2 1   7 1
272 5 3 1 2  -2 0
273 3 4 2 1  -1 1
274 4 5 2 1   3 1
275 5 2 1 2  -5 0
276 1 4 2 1   0 1
277 2 5 2 1   3 1
278 3 7 1 2   7 1
279 4 5 2 1   4 0
280 1 4 2 1  -2 0
281 5 4 2 1  -3 0
282 2 4 1 2   1 1
283 2 2 2 1  -5 1
284 3 3 1 2  -3 1
285 2 4 2 1  -1 1
286 5 5 2 1   3 0
287 2 6 2 1   7 1
288 5 6 2 1   6 0
289 3 6 1 2   7 0
290 1 2 1 2  -4 1
291 5 7 1 2  10 1
292 1 3 2 1  -5 1
293 2 2 2 1  -8 1
294 5 3 2 1  -6 0
295 5 1 2 1 -10 1
296 2 4 2 1  -2 0
297 4 7 1 2   5 1
298 3 2 2 1  -7 1
299 4 1 2 1 -10 1
300 1 7 2 1   9 0
301 5 6 2 1   6 0
302 2 3 1 2  -3 0
303 3 3 2 1  -2 1
304 5 7 2 1   8 1
305 1 2 1 2  -8 1
306 2 2 1 2  -7 0
307 1 1 2 1  -8 0
308 1 6 2 1   4 1
309 1 2 2 1  -5 0
310 5 2 2 1  -6 0
311 4 6 2 1   7 1
312 2 5 1 2   3 1
313 5 5 1 2   3 0
314 1 3 2 1  -1 0
315 5 4 2 1  -1 0
316 4 3 1 2  -1 0
317 3 7 1 2   6 1
318 4 7 2 1   9 0
319 3 5 1 2   5 0
320 3 4 2 1  -2 1
321 1 2 1 2   0 1
322 2 5 1 2   3 1
323 2 4 1 2   0 0
324 3 7 2 1   9 0
325 3 1 2 1  -8 1
326 2 3 2 1  -1 1
327 5 5 2 1   3 1
328 4 4 2 1  -1 0
329 5 5 2 1   3 1
330 1 5 1 2   4 0
331 5 2 1 2  -6 0
332 1 5 1 2   4 1
333 5 1 2 1  -9 1
334 4 6 1 2   5 1
335 5 3 2 1  -4 1
336 2 6 2 1   7 1
337 3 1 1 2  -8 0
338 1 4 1 2  -2 1
339 3 3 2 1  -4 0
340 1 1 2 1  -8 0
341 5 5 2 1   3 1
342 3 5 2 1   5 1
343 5 6 2 1   8 1
344 3 3 1 2  -3 0
345 4 7 1 2   8 0
346 1 5 2 1   4 1
347 3 7 2 1  10 1
348 1 6 2 1   5 0
349 5 7 2 1   9 1
350 3 6 2 1   6 1
