  1   0   5   0   0   0   1 0.00 0.00 0.00 0.00 0.00 0.00 0 0 0 0 0 0
  2   1   8   1   0   0   2 0.00 0.00 0.00 0.00 0.00 0.00 0 0 0 0 0 0
  3   1   6   2   0   0   1 0.00 0.00 0.00 0.00 0.00 0.00 0 0 0 0 0 0
  4   0   3   0   0   0   1 0.00 0.00 0.00 0.00 0.00 0.00 0 0 0 0 0 0
  5   1   2   2   0   0   2 0.00 0.00 0.00 0.00 0.00 0.00 0 0 0 0 0 0
  6   1   9   2   0   0   2 0.00 0.00 0.00 0.00 0.00 0.00 0 0 0 0 0 0
  7   1   3   1   0   0   1 0.00 0.00 0.00 0.00 0.00 0.00 0 0 0 0 0 0
  8   1   2   1   0   0   1 0.00 0.00 0.00 0.00 0.00 0.00 0 0 0 0 0 0
  9   1   9   2   0   0   2 0.00 0.00 0.00 0.00 0.00 0.00 0 0 0 0 0 0
 10   1   6   1   0   0   2 0.00 0.00 0.00 0.00 0.00 0.00 0 0 0 0 0 0
 11   1   6   2   0   0   1 0.00 0.00 0.00 0.00 0.00 0.00 0 0 0 0 0 0
 12   1   8   2   0   0   1 0.00 0.00 0.00 0.00 0.00 0.00 0 0 0 0 0 0
 13   1   2   2   0   0   1 0.00 0.00 0.00 0.00 0.00 0.00 0 0 0 0 0 0
 14   1   3   2   0   0   1 0.00 0.00 0.00 0.00 0.00 0.00 0 0 0 0 0 0
 15   1   7   2   0   0   2 0.00 0.00 0.00 0.00 0.00 0.00 0 0 0 0 0 0
 16   1   1   1   0   0   2 0.00 0.00 0.00 0.00 0.00 0.00 0 0 0 0 0 0
 17   1   1   1   0   0   2 0.00 0.00 0.00 0.00 0.00 0.00 0 0 0 0 0 0
 18   1   3   1   0   0   2 0.00 0.00 0.00 0.00 0.00 0.00 0 0 0 0 0 0
 19   1   5   2   0   0   1 0.00 0.00 0.00 0.00 0.00 0.00 0 0 0 0 0 0
 20   1   1   1   0   0   1 0.00 0.00 0.00 0.00 0.00 0.00 0 0 0 0 0 0
 21   1   3   2   0   0   1 0.00 0.00 0.00 0.00 0.00 0.00 0 0 0 0 0 0
 22   1   3   1   0   0   2 0.00 0.00 0.00 0.00 0.00 0.00 0 0 0 0 0 0
 23   0   7   0   0   0   2 0.00 0.00 0.00 0.00 0.00 0.00 0 0 0 0 0 0
 24   1   6   2   0   0   1 0.00 0.00 0.00 0.00 0.00 0.00 0 0 0 0 0 0
 25   0   9   0   0   0   2 0.00 0.00 0.00 0.00 0.00 0.00 0 0 0 0 0 0
 26   1   4   1   0   0   1 0.00 0.00 0.00 0.00 0.00 0.00 0 0 0 0 0 0
 27   1   9   1   0   0   2 0.00 0.00 0.00 0.00 0.00 0.00 0 0 0 0 0 0
 28   1   6   1   0   0   1 0.00 0.00 0.00 0.00 0.00 0.00 0 0 0 0 0 0
 29   1   4   1   0   0   1 0.00 0.00 0.00 0.00 0.00 0.00 0 0 0 0 0 0
 30   1   7   1   0   0   1 0.00 0.00 0.00 0.00 0.00 0.00 0 0 0 0 0 0
 31   1   7   2   0   0   1 0.00 0.00 0.00 0.00 0.00 0.00 0 0 0 0 0 0
 32   1   3   2   0   0   1 0.00 0.00 0.00 0.00 0.00 0.00 0 0 0 0 0 0
 33   1   4   2   0   0   1 0.00 0.00 0.00 0.00 0.00 0.00 0 0 0 0 0 0
 34   1   9   1   0   0   2 0.00 0.00 0.00 0.00 0.00 0.00 0 0 0 0 0 0
 35   1   1   1   0   0   1 0.00 0.00 0.00 0.00 0.00 0.00 0 0 0 0 0 0
 36   1   6   2   0   0   1 0.00 0.00 0.00 0.00 0.00 0.00 0 0 0 0 0 0
 37   1   2   1   0   0   2 0.00 0.00 0.00 0.00 0.00 0.00 0 0 0 0 0 0
 38   1   4   1   0   0   2 0.00 0.00 0.00 0.00 0.00 0.00 0 0 0 0 0 0
 39   1   9   2   0   0   2 0.00 0.00 0.00 0.00 0.00 0.00 0 0 0 0 0 0
 40   0   7   0   0   0   2 0.00 0.00 0.00 0.00 0.00 0.00 0 0 0 0 0 0
 41   1   8   1   0   0   2 0.00 0.00 0.00 0.00 0.00 0.00 0 0 0 0 0 0
 42   1   3   2   0   0   2 0.00 0.00 0.00 0.00 0.00 0.00 0 0 0 0 0 0
 43   1   4   1   0   0   1 0.00 0.00 0.00 0.00 0.00 0.00 0 0 0 0 0 0
 44   1   6   1   0   0   2 0.00 0.00 0.00 0.00 0.00 0.00 0 0 0 0 0 0
 45   0  10   0   0   0   1 0.00 0.00 0.00 0.00 0.00 0.00 0 0 0 0 0 0
 46   1   8   1   0   0   1 0.00 0.00 0.00 0.00 0.00 0.00 0 0 0 0 0 0
 47   1   9   2   0   0   1 0.00 0.00 0.00 0.00 0.00 0.00 0 0 0 0 0 0
 48   1   8   2   0   0   1 0.00 0.00 0.00 0.00 0.00 0.00 0 0 0 0 0 0
 49   1   3   1   0   0   1 0.00 0.00 0.00 0.00 0.00 0.00 0 0 0 0 0 0
 50   1   3   1   0   0   2 0.00 0.00 0.00 0.00 0.00 0.00 0 0 0 0 0 0
 51   1   2   1   0   0   2 0.00 0.00 0.00 0.00 0.00 0.00 0 0 0 0 0 0
 52   1   9   1   0   0   2 0.00 0.00 0.00 0.00 0.00 0.00 0 0 0 0 0 0
 53   1   7   1   0   0   1 0.00 0.00 0.00 0.00 0.00 0.00 0 0 0 0 0 0
 54   1   6   1   0   0   1 0.00 0.00 0.00 0.00 0.00 0.00 0 0 0 0 0 0
 55   1   3   1   0   0   2 0.00 0.00 0.00 0.00 0.00 0.00 0 0 0 0 0 0
 56   1   8   2   0   0   1 0.00 0.00 0.00 0.00 0.00 0.00 0 0 0 0 0 0
 57   1   7   2   0   0   2 0.00 0.00 0.00 0.00 0.00 0.00 0 0 0 0 0 0
 58   0  11   0   0   0   2 0.00 0.00 0.00 0.00 0.00 0.00 0 0 0 0 0 0
 59   1   8   1   0   0   2 0.00 0.00 0.00 0.00 0.00 0.00 0 0 0 0 0 0
 60   1   4   1   0   0   2 0.00 0.00 0.00 0.00 0.00 0.00 0 0 0 0 0 0
 61   1   3   1   0   0   1 0.00 0.00 0.00 0.00 0.00 0.00 0 0 0 0 0 0
 62   1   7   2   0   0   1 0.00 0.00 0.00 0.00 0.00 0.00 0 0 0 0 0 0
 63   1   6   1   0   0   1 0.00 0.00 0.00 0.00 0.00 0.00 0 0 0 0 0 0
 64   1   1   1   0   0   2 0.00 0.00 0.00 0.00 0.00 0.00 0 0 0 0 0 0
 65   1   1   2   0   0   1 0.00 0.00 0.00 0.00 0.00 0.00 0 0 0 0 0 0
 66   1   2   2   0   0   2 0.00 0.00 0.00 0.00 0.00 0.00 0 0 0 0 0 0
 67   1   4   2   0   0   1 0.00 0.00 0.00 0.00 0.00 0.00 0 0 0 0 0 0
 68   1   6   1   0   0   1 0.00 0.00 0.00 0.00 0.00 0.00 0 0 0 0 0 0
 69   1   9   2   0   0   2 0.00 0.00 0.00 0.00 0.00 0.00 0 0 0 0 0 0
 70   1   9   1   0   0   1 0.00 0.00 0.00 0.00 0.00 0.00 0 0 0 0 0 0
 71   1   1   2   0   0   2 0.00 0.00 0.00 0.00 0.00 0.00 0 0 0 0 0 0
 72   1   6   1   0   0   1 0.00 0.00 0.00 0.00 0.00 0.00 0 0 0 0 0 0
 73   1   6   1   0   0   2 0.00 0.00 0.00 0.00 0.00 0.00 0 0 0 0 0 0
 74   1   6   1   0   0   2 0.00 0.00 0.00 0.00 0.00 0.00 0 0 0 0 0 0
 75   0  11   0   0   0   1 0.00 0.00 0.00 0.00 0.00 0.00 0 0 0 0 0 0
 76   0   5   0   0   0   1 0.00 0.00 0.00 0.00 0.00 0.00 0 0 0 0 0 0
 77   1   8   1   0   0   2 0.00 0.00 0.00 0.00 0.00 0.00 0 0 0 0 0 0
 78   1   4   1   0   0   2 0.00 0.00 0.00 0.00 0.00 0.00 0 0 0 0 0 0
 79   1   2   1   0   0   1 0.00 0.00 0.00 0.00 0.00 0.00 0 0 0 0 0 0
 80   1   2   1   0   0   1 0.00 0.00 0.00 0.00 0.00 0.00 0 0 0 0 0 0
 81   0   9   0   0   0   1 0.00 0.00 0.00 0.00 0.00 0.00 0 0 0 0 0 0
 82   1   9   1   0   0   2 0.00 0.00 0.00 0.00 0.00 0.00 0 0 0 0 0 0
 83   1   7   2   0   0   2 0.00 0.00 0.00 0.00 0.00 0.00 0 0 0 0 0 0
 84   0   4   0   0   0   1 0.00 0.00 0.00 0.00 0.00 0.00 0 0 0 0 0 0
 85   1   3   2   0   0   2 0.00 0.00 0.00 0.00 0.00 0.00 0 0 0 0 0 0
 86   1   3   1   0   0   2 0.00 0.00 0.00 0.00 0.00 0.00 0 0 0 0 0 0
 87   1   8   1   0   0   2 0.00 0.00 0.00 0.00 0.00 0.00 0 0 0 0 0 0
 88   1   1   1   0   0   2 0.00 0.00 0.00 0.00 0.00 0.00 0 0 0 0 0 0
 89   0   8   0   0   0   1 0.00 0.00 0.00 0.00 0.00 0.00 0 0 0 0 0 0
 90   1   2   2   0   0   2 0.00 0.00 0.00 0.00 0.00 0.00 0 0 0 0 0 0
 91   1   7   1   0   0   1 0.00 0.00 0.00 0.00 0.00 0.00 0 0 0 0 0 0
 92   0   6   0   0   0   1 0.00 0.00 0.00 0.00 0.00 0.00 0 0 0 0 0 0
 93   1   5   1   0   0   1 0.00 0.00 0.00 0.00 0.00 0.00 0 0 0 0 0 0
 94   1   3   1   0   0   1 0.00 0.00 0.00 0.00 0.00 0.00 0 0 0 0 0 0
 95   0   8   0   0   0   2 0.00 0.00 0.00 0.00 0.00 0.00 0 0 0 0 0 0
 96   1   3   1   0   0   1 0.00 0.00 0.00 0.00 0.00 0.00 0 0 0 0 0 0
 97   1   9   1   0   0   1 0.00 0.00 0.00 0.00 0.00 0.00 0 0 0 0 0 0
 98   1   3   2   0   0   1 0.00 0.00 0.00 0.00 0.00 0.00 0 0 0 0 0 0
 99   1   9   1   0   0   2 0.00 0.00 0.00 0.00 0.00 0.00 0 0 0 0 0 0
100   1   5   1   0   0   2 0.00 0.00 0.00 0.00 0.00 0.00 0 0 0 0 0 0
101   1   2   1   0   0   1 0.00 0.00 0.00 0.00 0.00 0.00 0 0 0 0 0 0
102   1   9   1   0   0   2 0.00 0.00 0.00 0.00 0.00 0.00 0 0 0 0 0 0
103   1   5   1   0   0   1 0.00 0.00 0.00 0.00 0.00 0.00 0 0 0 0 0 0
104   1   7   1   0   0   2 0.00 0.00 0.00 0.00 0.00 0.00 0 0 0 0 0 0
105   1   7   2   0   0   2 0.00 0.00 0.00 0.00 0.00 0.00 0 0 0 0 0 0
106   0   3   0   0   0   1 0.00 0.00 0.00 0.00 0.00 0.00 0 0 0 0 0 0
107   1   5   2   0   0   1 0.00 0.00 0.00 0.00 0.00 0.00 0 0 0 0 0 0
108   1   4   1   0   0   2 0.00 0.00 0.00 0.00 0.00 0.00 0 0 0 0 0 0
109   1   1   2   0   0   1 0.00 0.00 0.00 0.00 0.00 0.00 0 0 0 0 0 0
110   1   8   2   0   0   2 0.00 0.00 0.00 0.00 0.00 0.00 0 0 0 0 0 0
111   1   6   2   0   0   1 0.00 0.00 0.00 0.00 0.00 0.00 0 0 0 0 0 0
112   1   9   1   0   0   2 0.00 0.00 0.00 0.00 0.00 0.00 0 0 0 0 0 0
113   1   8   1   0   0   1 0.00 0.00 0.00 0.00 0.00 0.00 0 0 0 0 0 0
114   1   6   1   0   0   2 0.00 0.00 0.00 0.00 0.00 0.00 0 0 0 0 0 0
115   1   1   1   0   0   1 0.00 0.00 0.00 0.00 0.00 0.00 0 0 0 0 0 0
116   1   6   2   0   0   2 0.00 0.00 0.00 0.00 0.00 0.00 0 0 0 0 0 0
117   1   2   1   0   0   1 0.00 0.00 0.00 0.00 0.00 0.00 0 0 0 0 0 0
118   1   6   2   0   0   2 0.00 0.00 0.00 0.00 0.00 0.00 0 0 0 0 0 0
119   0   1   0   0   0   1 0.00 0.00 0.00 0.00 0.00 0.00 0 0 0 0 0 0
120   0   6   0   0   0   1 0.00 0.00 0.00 0.00 0.00 0.00 0 0 0 0 0 0
121   1   6   1   0   0   1 0.00 0.00 0.00 0.00 0.00 0.00 0 0 0 0 0 0
122   1   8   2   0   0   2 0.00 0.00 0.00 0.00 0.00 0.00 0 0 0 0 0 0
123   1   7   1   0   0   2 0.00 0.00 0.00 0.00 0.00 0.00 0 0 0 0 0 0
124   1   4   2   0   0   2 0.00 0.00 0.00 0.00 0.00 0.00 0 0 0 0 0 0
125   1   8   1   0   0   1 0.00 0.00 0.00 0.00 0.00 0.00 0 0 0 0 0 0
126   1   5   2   0   0   1 0.00 0.00 0.00 0.00 0.00 0.00 0 0 0 0 0 0
127   0  10   0   0   0   2 0.00 0.00 0.00 0.00 0.00 0.00 0 0 0 0 0 0
128   1   8   1   0   0   1 0.00 0.00 0.00 0.00 0.00 0.00 0 0 0 0 0 0
129   1   7   2   0   0   2 0.00 0.00 0.00 0.00 0.00 0.00 0 0 0 0 0 0
130   1   9   1   0   0   1 0.00 0.00 0.00 0.00 0.00 0.00 0 0 0 0 0 0
131   1   9   1   0   0   1 0.00 0.00 0.00 0.00 0.00 0.00 0 0 0 0 0 0
132   1   4   2   0   0   1 0.00 0.00 0.00 0.00 0.00 0.00 0 0 0 0 0 0
133   1   2   1   0   0   2 0.00 0.00 0.00 0.00 0.00 0.00 0 0 0 0 0 0
134   1   6   1   0   0   2 0.00 0.00 0.00 0.00 0.00 0.00 0 0 0 0 0 0
135   1   4   1   0   0   1 0.00 0.00 0.00 0.00 0.00 0.00 0 0 0 0 0 0
136   1   7   1   0   0   1 0.00 0.00 0.00 0.00 0.00 0.00 0 0 0 0 0 0
137   1   5   2   0   0   2 0.00 0.00 0.00 0.00 0.00 0.00 0 0 0 0 0 0
138   1   8   2   0   0   1 0.00 0.00 0.00 0.00 0.00 0.00 0 0 0 0 0 0
139   1   6   2   0   0   2 0.00 0.00 0.00 0.00 0.00 0.00 0 0 0 0 0 0
140   0  12   0   0   0   1 0.00 0.00 0.00 0.00 0.00 0.00 0 0 0 0 0 0
141   1   1   1   0   0   1 0.00 0.00 0.00 0.00 0.00 0.00 0 0 0 0 0 0
142   1   2   1   0   0   2 0.00 0.00 0.00 0.00 0.00 0.00 0 0 0 0 0 0
143   1   9   1   0   0   1 0.00 0.00 0.00 0.00 0.00 0.00 0 0 0 0 0 0
144   1   2   2   0   0   1 0.00 0.00 0.00 0.00 0.00 0.00 0 0 0 0 0 0
145   1   4   1   0   0   1 0.00 0.00 0.00 0.00 0.00 0.00 0 0 0 0 0 0
146   1   9   2   0   0   1 0.00 0.00 0.00 0.00 0.00 0.00 0 0 0 0 0 0
147   1   7   1   0   0   2 0.00 0.00 0.00 0.00 0.00 0.00 0 0 0 0 0 0
148   1   3   1   0   0   2 0.00 0.00 0.00 0.00 0.00 0.00 0 0 0 0 0 0
149   1   5   2   0   0   1 0.00 0.00 0.00 0.00 0.00 0.00 0 0 0 0 0 0
150   1   8   2   0   0   2 0.00 0.00 0.00 0.00 0.00 0.00 0 0 0 0 0 0
151   1   4   1   0   0   1 0.00 0.00 0.00 0.00 0.00 0.00 0 0 0 0 0 0
152   0   2   0   0   0   1 0.00 0.00 0.00 0.00 0.00 0.00 0 0 0 0 0 0
153   0   2   0   0   0   2 0.00 0.00 0.00 0.00 0.00 0.00 0 0 0 0 0 0
154   1   9   1   0   0   1 0.00 0.00 0.00 0.00 0.00 0.00 0 0 0 0 0 0
155   0   3   0   0   0   2 0.00 0.00 0.00 0.00 0.00 0.00 0 0 0 0 0 0
156   0   8   0   0   0   2 0.00 0.00 0.00 0.00 0.00 0.00 0 0 0 0 0 0
157   1   5   2   0   0   1 0.00 0.00 0.00 0.00 0.00 0.00 0 0 0 0 0 0
158   1   3   2   0   0   2 0.00 0.00 0.00 0.00 0.00 0.00 0 0 0 0 0 0
159   1   5   2   0   0   2 0.00 0.00 0.00 0.00 0.00 0.00 0 0 0 0 0 0
160   1   2   2   0   0   1 0.00 0.00 0.00 0.00 0.00 0.00 0 0 0 0 0 0
161   1   6   1   0   0   1 0.00 0.00 0.00 0.00 0.00 0.00 0 0 0 0 0 0
162   1   3   2   0   0   1 0.00 0.00 0.00 0.00 0.00 0.00 0 0 0 0 0 0
163   1   2   2   0   0   1 0.00 0.00 0.00 0.00 0.00 0.00 0 0 0 0 0 0
164   1   8   1   0   0   1 0.00 0.00 0.00 0.00 0.00 0.00 0 0 0 0 0 0
165   0   7   0   0   0   1 0.00 0.00 0.00 0.00 0.00 0.00 0 0 0 0 0 0
166   1   5   1   0   0   1 0.00 0.00 0.00 0.00 0.00 0.00 0 0 0 0 0 0
167   1   1   2   0   0   2 0.00 0.00 0.00 0.00 0.00 0.00 0 0 0 0 0 0
168   1   6   2   0   0   1 0.00 0.00 0.00 0.00 0.00 0.00 0 0 0 0 0 0
169   1   3   1   0   0   2 0.00 0.00 0.00 0.00 0.00 0.00 0 0 0 0 0 0
170   1   1   2   0   0   2 0.00 0.00 0.00 0.00 0.00 0.00 0 0 0 0 0 0
171   1   2   2   0   0   2 0.00 0.00 0.00 0.00 0.00 0.00 0 0 0 0 0 0
172   1   3   1   0   0   1 0.00 0.00 0.00 0.00 0.00 0.00 0 0 0 0 0 0
173   1   5   2   0   0   2 0.00 0.00 0.00 0.00 0.00 0.00 0 0 0 0 0 0
174   1   2   2   0   0   2 0.00 0.00 0.00 0.00 0.00 0.00 0 0 0 0 0 0
175   1   5   1   0   0   1 0.00 0.00 0.00 0.00 0.00 0.00 0 0 0 0 0 0
176   1   5   2   0   0   1 0.00 0.00 0.00 0.00 0.00 0.00 0 0 0 0 0 0
177   0  12   0   0   0   2 0.00 0.00 0.00 0.00 0.00 0.00 0 0 0 0 0 0
178   0  10   0   0   0   2 0.00 0.00 0.00 0.00 0.00 0.00 0 0 0 0 0 0
179   1   4   2   0   0   2 0.00 0.00 0.00 0.00 0.00 0.00 0 0 0 0 0 0
180   1   7   2   0   0   2 0.00 0.00 0.00 0.00 0.00 0.00 0 0 0 0 0 0
181   1   6   2   0   0   1 0.00 0.00 0.00 0.00 0.00 0.00 0 0 0 0 0 0
182   0   9   0   0   0   2 0.00 0.00 0.00 0.00 0.00 0.00 0 0 0 0 0 0
183   1   4   1   0   0   2 0.00 0.00 0.00 0.00 0.00 0.00 0 0 0 0 0 0
184   1   9   2   0   0   2 0.00 0.00 0.00 0.00 0.00 0.00 0 0 0 0 0 0
185   1   9   1   0   0   1 0.00 0.00 0.00 0.00 0.00 0.00 0 0 0 0 0 0
186   1   8   2   0   0   1 0.00 0.00 0.00 0.00 0.00 0.00 0 0 0 0 0 0
187   0   2   0   0   0   1 0.00 0.00 0.00 0.00 0.00 0.00 0 0 0 0 0 0
188   1   8   1   0   0   2 0.00 0.00 0.00 0.00 0.00 0.00 0 0 0 0 0 0
189   1   1   1   0   0   2 0.00 0.00 0.00 0.00 0.00 0.00 0 0 0 0 0 0
190   1   6   1   0   0   1 0.00 0.00 0.00 0.00 0.00 0.00 0 0 0 0 0 0
191   1   4   2   0   0   1 0.00 0.00 0.00 0.00 0.00 0.00 0 0 0 0 0 0
192   0   6   0   0   0   2 0.00 0.00 0.00 0.00 0.00 0.00 0 0 0 0 0 0
193   1   4   1   0   0   1 0.00 0.00 0.00 0.00 0.00 0.00 0 0 0 0 0 0
194   1   1   2   0   0   1 0.00 0.00 0.00 0.00 0.00 0.00 0 0 0 0 0 0
195   1   1   1   0   0   2 0.00 0.00 0.00 0.00 0.00 0.00 0 0 0 0 0 0
196   1   8   2   0   0   2 0.00 0.00 0.00 0.00 0.00 0.00 0 0 0 0 0 0
197   1   7   2   0   0   1 0.00 0.00 0.00 0.00 0.00 0.00 0 0 0 0 0 0
198   1   9   2   0   0   1 0.00 0.00 0.00 0.00 0.00 0.00 0 0 0 0 0 0
199   1   3   2   0   0   1 0.00 0.00 0.00 0.00 0.00 0.00 0 0 0 0 0 0
200   1   1   1   0   0   1 0.00 0.00 0.00 0.00 0.00 0.00 0 0 0 0 0 0
201   1   8   1   0   0   1 0.00 0.00 0.00 0.00 0.00 0.00 0 0 0 0 0 0
202   1   7   2   0   0   2 0.00 0.00 0.00 0.00 0.00 0.00 0 0 0 0 0 0
203   1   3   1   0   0   1 0.00 0.00 0.00 0.00 0.00 0.00 0 0 0 0 0 0
204   1   8   2   0   0   1 0.00 0.00 0.00 0.00 0.00 0.00 0 0 0 0 0 0
205   0   5   0   0   0   1 0.00 0.00 0.00 0.00 0.00 0.00 0 0 0 0 0 0
206   1   9   1   0   0   2 0.00 0.00 0.00 0.00 0.00 0.00 0 0 0 0 0 0
207   0   8   0   0   0   1 0.00 0.00 0.00 0.00 0.00 0.00 0 0 0 0 0 0
208   1   6   2   0   0   2 0.00 0.00 0.00 0.00 0.00 0.00 0 0 0 0 0 0
209   0   9   0   0   0   1 0.00 0.00 0.00 0.00 0.00 0.00 0 0 0 0 0 0
210   0  12   0   0   0   1 0.00 0.00 0.00 0.00 0.00 0.00 0 0 0 0 0 0
211   1   5   1   0   0   2 0.00 0.00 0.00 0.00 0.00 0.00 0 0 0 0 0 0
212   0   5   0   0   0   2 0.00 0.00 0.00 0.00 0.00 0.00 0 0 0 0 0 0
213   1   1   1   0   0   2 0.00 0.00 0.00 0.00 0.00 0.00 0 0 0 0 0 0
214   1   5   2   0   0   2 0.00 0.00 0.00 0.00 0.00 0.00 0 0 0 0 0 0
215   1   7   2   0   0   2 0.00 0.00 0.00 0.00 0.00 0.00 0 0 0 0 0 0
216   1   2   2   0   0   1 0.00 0.00 0.00 0.00 0.00 0.00 0 0 0 0 0 0
217   1   4   2   0   0   2 0.00 0.00 0.00 0.00 0.00 0.00 0 0 0 0 0 0
218   1   7   1   0   0   1 0.00 0.00 0.00 0.00 0.00 0.00 0 0 0 0 0 0
219   1   4   1   0   0   1 0.00 0.00 0.00 0.00 0.00 0.00 0 0 0 0 0 0
220   0   7   0   0   0   2 0.00 0.00 0.00 0.00 0.00 0.00 0 0 0 0 0 0
221   1   3   1   0   0   1 0.00 0.00 0.00 0.00 0.00 0.00 0 0 0 0 0 0
222   1   7   1   0   0   2 0.00 0.00 0.00 0.00 0.00 0.00 0 0 0 0 0 0
223   0   4   0   0   0   1 0.00 0.00 0.00 0.00 0.00 0.00 0 0 0 0 0 0
224   0   1   0   0   0   2 0.00 0.00 0.00 0.00 0.00 0.00 0 0 0 0 0 0
225   1   2   2   0   0   1 0.00 0.00 0.00 0.00 0.00 0.00 0 0 0 0 0 0
226   1   6   1   0   0   2 0.00 0.00 0.00 0.00 0.00 0.00 0 0 0 0 0 0
227   1   1   2   0   0   2 0.00 0.00 0.00 0.00 0.00 0.00 0 0 0 0 0 0
228   1   5   1   0   0   1 0.00 0.00 0.00 0.00 0.00 0.00 0 0 0 0 0 0
229   1   3   2   0   0   2 0.00 0.00 0.00 0.00 0.00 0.00 0 0 0 0 0 0
230   1   1   2   0   0   2 0.00 0.00 0.00 0.00 0.00 0.00 0 0 0 0 0 0
231   1   5   1   0   0   2 0.00 0.00 0.00 0.00 0.00 0.00 0 0 0 0 0 0
232   1   5   2   0   0   2 0.00 0.00 0.00 0.00 0.00 0.00 0 0 0 0 0 0
233   1   2   1   0   0   1 0.00 0.00 0.00 0.00 0.00 0.00 0 0 0 0 0 0
234   1   1   1   0   0   2 0.00 0.00 0.00 0.00 0.00 0.00 0 0 0 0 0 0
235   1   6   2   0   0   2 0.00 0.00 0.00 0.00 0.00 0.00 0 0 0 0 0 0
236   1   5   1   0   0   1 0.00 0.00 0.00 0.00 0.00 0.00 0 0 0 0 0 0
237   1   9   2   0   0   1 0.00 0.00 0.00 0.00 0.00 0.00 0 0 0 0 0 0
238   1   7   2   0   0   2 0.00 0.00 0.00 0.00 0.00 0.00 0 0 0 0 0 0
239   0   1   0   0   0   2 0.00 0.00 0.00 0.00 0.00 0.00 0 0 0 0 0 0
240   1   2   2   0   0   1 0.00 0.00 0.00 0.00 0.00 0.00 0 0 0 0 0 0
241   1   3   1   0   0   2 0.00 0.00 0.00 0.00 0.00 0.00 0 0 0 0 0 0
242   1   7   1   0   0   1 0.00 0.00 0.00 0.00 0.00 0.00 0 0 0 0 0 0
243   1   7   2   0   0   1 0.00 0.00 0.00 0.00 0.00 0.00 0 0 0 0 0 0
244   1   4   1   0   0   1 0.00 0.00 0.00 0.00 0.00 0.00 0 0 0 0 0 0
245   1   4   2   0   0   1 0.00 0.00 0.00 0.00 0.00 0.00 0 0 0 0 0 0
246   1   4   2   0   0   2 0.00 0.00 0.00 0.00 0.00 0.00 0 0 0 0 0 0
247   1   7   1   0   0   2 0.00 0.00 0.00 0.00 0.00 0.00 0 0 0 0 0 0
248   1   8   1   0   0   1 0.00 0.00 0.00 0.00 0.00 0.00 0 0 0 0 0 0
249   1   4   1   0   0   2 0.00 0.00 0.00 0.00 0.00 0.00 0 0 0 0 0 0
250   1   2   1   0   0   2 0.00 0.00 0.00 0.00 0.00 0.00 0 0 0 0 0 0
251   0   1   0   0   0   1 0.00 0.00 0.00 0.00 0.00 0.00 0 0 0 0 0 0
252   1   5   1   0   0   1 0.00 0.00 0.00 0.00 0.00 0.00 0 0 0 0 0 0
253   1   7   2   0   0   1 0.00 0.00 0.00 0.00 0.00 0.00 0 0 0 0 0 0
254   1   2   1   0   0   2 0.00 0.00 0.00 0.00 0.00 0.00 0 0 0 0 0 0
255   1   7   1   0   0   2 0.00 0.00 0.00 0.00 0.00 0.00 0 0 0 0 0 0
256   1   8   1   0   0   2 0.00 0.00 0.00 0.00 0.00 0.00 0 0 0 0 0 0
257   0  10   0   0   0   2 0.00 0.00 0.00 0.00 0.00 0.00 0 0 0 0 0 0
258   1   3   1   0   0   2 0.00 0.00 0.00 0.00 0.00 0.00 0 0 0 0 0 0
259   1   5   2   0   0   1 0.00 0.00 0.00 0.00 0.00 0.00 0 0 0 0 0 0
260   1   6   1   0   0   1 0.00 0.00 0.00 0.00 0.00 0.00 0 0 0 0 0 0
261   1   4   2   0   0   2 0.00 0.00 0.00 0.00 0.00 0.00 0 0 0 0 0 0
262   1   7   1   0   0   1 0.00 0.00 0.00 0.00 0.00 0.00 0 0 0 0 0 0
263   1   2   2   0   0   2 0.00 0.00 0.00 0.00 0.00 0.00 0 0 0 0 0 0
264   0   4   0   0   0   2 0.00 0.00 0.00 0.00 0.00 0.00 0 0 0 0 0 0
265   1   5   2   0   0   2 0.00 0.00 0.00 0.00 0.00 0.00 0 0 0 0 0 0
266   1   3   2   0   0   1 0.00 0.00 0.00 0.00 0.00 0.00 0 0 0 0 0 0
267   1   8   2   0   0   1 0.00 0.00 0.00 0.00 0.00 0.00 0 0 0 0 0 0
268   1   7   1   0   0   1 0.00 0.00 0.00 0.00 0.00 0.00 0 0 0 0 0 0
269   1   4   2   0   0   2 0.00 0.00 0.00 0.00 0.00 0.00 0 0 0 0 0 0
270   1   1   2   0   0   1 0.00 0.00 0.00 0.00 0.00 0.00 0 0 0 0 0 0
271   1   5   1   0   0   2 0.00 0.00 0.00 0.00 0.00 0.00 0 0 0 0 0 0
272   1   8   2   0   0   1 0.00 0.00 0.00 0.00 0.00 0.00 0 0 0 0 0 0
273   0   5   0   0   0   2 0.00 0.00 0.00 0.00 0.00 0.00 0 0 0 0 0 0
274   0   9   0   0   0   2 0.00 0.00 0.00 0.00 0.00 0.00 0 0 0 0 0 0
275   1   5   2   0   0   1 0.00 0.00 0.00 0.00 0.00 0.00 0 0 0 0 0 0
276   1   1   2   0   0   1 0.00 0.00 0.00 0.00 0.00 0.00 0 0 0 0 0 0
277   1   9   2   0   0   2 0.00 0.00 0.00 0.00 0.00 0.00 0 0 0 0 0 0
278   1   8   2   0   0   1 0.00 0.00 0.00 0.00 0.00 0.00 0 0 0 0 0 0
279   1   7   1   0   0   2 0.00 0.00 0.00 0.00 0.00 0.00 0 0 0 0 0 0
280   1   1   2   0   0   1 0.00 0.00 0.00 0.00 0.00 0.00 0 0 0 0 0 0
281   0   7   0   0   0   1 0.00 0.00 0.00 0.00 0.00 0.00 0 0 0 0 0 0
282   1   3   1   0   0   2 0.00 0.00 0.00 0.00 0.00 0.00 0 0 0 0 0 0
283   1   9   2   0   0   2 0.00 0.00 0.00 0.00 0.00 0.00 0 0 0 0 0 0
284   1   2   1   0   0   2 0.00 0.00 0.00 0.00 0.00 0.00 0 0 0 0 0 0
285   0   2   0   0   0   1 0.00 0.00 0.00 0.00 0.00 0.00 0 0 0 0 0 0
286   1   8   2   0   0   2 0.00 0.00 0.00 0.00 0.00 0.00 0 0 0 0 0 0
287   1   2   2   0   0   2 0.00 0.00 0.00 0.00 0.00 0.00 0 0 0 0 0 0
288   1   3   2   0   0   2 0.00 0.00 0.00 0.00 0.00 0.00 0 0 0 0 0 0
289   1   8   1   0   0   1 0.00 0.00 0.00 0.00 0.00 0.00 0 0 0 0 0 0
290   0  10   0   0   0   1 0.00 0.00 0.00 0.00 0.00 0.00 0 0 0 0 0 0
291   0  11   0   0   0   2 0.00 0.00 0.00 0.00 0.00 0.00 0 0 0 0 0 0
292   1   6   1   0   0   1 0.00 0.00 0.00 0.00 0.00 0.00 0 0 0 0 0 0
293   1   8   2   0   0   2 0.00 0.00 0.00 0.00 0.00 0.00 0 0 0 0 0 0
294   1   7   2   0   0   1 0.00 0.00 0.00 0.00 0.00 0.00 0 0 0 0 0 0
295   1   7   1   0   0   1 0.00 0.00 0.00 0.00 0.00 0.00 0 0 0 0 0 0
296   1   3   2   0   0   1 0.00 0.00 0.00 0.00 0.00 0.00 0 0 0 0 0 0
297   1   5   2   0   0   1 0.00 0.00 0.00 0.00 0.00 0.00 0 0 0 0 0 0
298   0   3   0   0   0   2 0.00 0.00 0.00 0.00 0.00 0.00 0 0 0 0 0 0
299   1   3   2   0   0   2 0.00 0.00 0.00 0.00 0.00 0.00 0 0 0 0 0 0
300   1   2   2   0   0   1 0.00 0.00 0.00 0.00 0.00 0.00 0 0 0 0 0 0
301   1   1   2   0   0   2 0.00 0.00 0.00 0.00 0.00 0.00 0 0 0 0 0 0
302   1   6   2   0   0   2 0.00 0.00 0.00 0.00 0.00 0.00 0 0 0 0 0 0
303   1   2   1   0   0   1 0.00 0.00 0.00 0.00 0.00 0.00 0 0 0 0 0 0
304   1   7   2   0   0   1 0.00 0.00 0.00 0.00 0.00 0.00 0 0 0 0 0 0
305   1   7   2   0   0   1 0.00 0.00 0.00 0.00 0.00 0.00 0 0 0 0 0 0
306   1   2   2   0   0   1 0.00 0.00 0.00 0.00 0.00 0.00 0 0 0 0 0 0
307   1   9   2   0   0   2 0.00 0.00 0.00 0.00 0.00 0.00 0 0 0 0 0 0
308   1   5   2   0   0   2 0.00 0.00 0.00 0.00 0.00 0.00 0 0 0 0 0 0
309   1   3   2   0   0   2 0.00 0.00 0.00 0.00 0.00 0.00 0 0 0 0 0 0
310   0   4   0   0   0   2 0.00 0.00 0.00 0.00 0.00 0.00 0 0 0 0 0 0
311   1   1   2   0   0   2 0.00 0.00 0.00 0.00 0.00 0.00 0 0 0 0 0 0
312   1   4   1   0   0   2 0.00 0.00 0.00 0.00 0.00 0.00 0 0 0 0 0 0
313   1   1   2   0   0   1 0.00 0.00 0.00 0.00 0.00 0.00 0 0 0 0 0 0
314   1   4   2   0   0   1 0.00 0.00 0.00 0.00 0.00 0.00 0 0 0 0 0 0
315   1   5   1   0   0   2 0.00 0.00 0.00 0.00 0.00 0.00 0 0 0 0 0 0
316   1   3   1   0   0   1 0.00 0.00 0.00 0.00 0.00 0.00 0 0 0 0 0 0
317   1   1   2   0   0   2 0.00 0.00 0.00 0.00 0.00 0.00 0 0 0 0 0 0
318   1   6   2   0   0   1 0.00 0.00 0.00 0.00 0.00 0.00 0 0 0 0 0 0
319   1   9   1   0   0   1 0.00 0.00 0.00 0.00 0.00 0.00 0 0 0 0 0 0
320   0   2   0   0   0   2 0.00 0.00 0.00 0.00 0.00 0.00 0 0 0 0 0 0
321   1   1   1   0   0   1 0.00 0.00 0.00 0.00 0.00 0.00 0 0 0 0 0 0
322   1   3   2   0   0   2 0.00 0.00 0.00 0.00 0.00 0.00 0 0 0 0 0 0
323   1   3   2   0   0   2 0.00 0.00 0.00 0.00 0.00 0.00 0 0 0 0 0 0
324   1   1   1   0   0   1 0.00 0.00 0.00 0.00 0.00 0.00 0 0 0 0 0 0
325   1   7   2   0   0   1 0.00 0.00 0.00 0.00 0.00 0.00 0 0 0 0 0 0
326   0  11   0   0   0   2 0.00 0.00 0.00 0.00 0.00 0.00 0 0 0 0 0 0
327   1   8   1   0   0   2 0.00 0.00 0.00 0.00 0.00 0.00 0 0 0 0 0 0
328   1   7   2   0   0   1 0.00 0.00 0.00 0.00 0.00 0.00 0 0 0 0 0 0
329   1   8   2   0   0   2 0.00 0.00 0.00 0.00 0.00 0.00 0 0 0 0 0 0
330   1   3   2   0   0   1 0.00 0.00 0.00 0.00 0.00 0.00 0 0 0 0 0 0
331   1   2   2   0   0   2 0.00 0.00 0.00 0.00 0.00 0.00 0 0 0 0 0 0
332   1   9   2   0   0   1 0.00 0.00 0.00 0.00 0.00 0.00 0 0 0 0 0 0
333   1   6   2   0   0   1 0.00 0.00 0.00 0.00 0.00 0.00 0 0 0 0 0 0
334   1   5   2   0   0   1 0.00 0.00 0.00 0.00 0.00 0.00 0 0 0 0 0 0
335   1   4   2   0   0   1 0.00 0.00 0.00 0.00 0.00 0.00 0 0 0 0 0 0
336   1   4   2   0   0   1 0.00 0.00 0.00 0.00 0.00 0.00 0 0 0 0 0 0
337   1   9   1   0   0   2 0.00 0.00 0.00 0.00 0.00 0.00 0 0 0 0 0 0
338   1   6   2   0   0   1 0.00 0.00 0.00 0.00 0.00 0.00 0 0 0 0 0 0
339   1   1   2   0   0   2 0.00 0.00 0.00 0.00 0.00 0.00 0 0 0 0 0 0
340   1   4   1   0   0   2 0.00 0.00 0.00 0.00 0.00 0.00 0 0 0 0 0 0
341   1   1   1   0   0   1 0.00 0.00 0.00 0.00 0.00 0.00 0 0 0 0 0 0
342   1   4   1   0   0   2 0.00 0.00 0.00 0.00 0.00 0.00 0 0 0 0 0 0
343   1   9   2   0   0   1 0.00 0.00 0.00 0.00 0.00 0.00 0 0 0 0 0 0
344   1   5   1   0   0   2 0.00 0.00 0.00 0.00 0.00 0.00 0 0 0 0 0 0
345   1   4   2   0   0   1 0.00 0.00 0.00 0.00 0.00 0.00 0 0 0 0 0 0
346   1   2   1   0   0   2 0.00 0.00 0.00 0.00 0.00 0.00 0 0 0 0 0 0
347   0   1   0   0   0   1 0.00 0.00 0.00 0.00 0.00 0.00 0 0 0 0 0 0
348   1   3   2   0   0   1 0.00 0.00 0.00 0.00 0.00 0.00 0 0 0 0 0 0
349   1   3   2   0   0   2 0.00 0.00 0.00 0.00 0.00 0.00 0 0 0 0 0 0
350   1   1   2   0   0   1 0.00 0.00 0.00 0.00 0.00 0.00 0 0 0 0 0 0
351   1   2   1   0   0   1 0.00 0.00 0.00 0.00 0.00 0.00 0 0 0 0 0 0
352   1   9   2   0   0   2 0.00 0.00 0.00 0.00 0.00 0.00 0 0 0 0 0 0
353   1   9   1   0   0   2 0.00 0.00 0.00 0.00 0.00 0.00 0 0 0 0 0 0
354   1   2   1   0   0   1 0.00 0.00 0.00 0.00 0.00 0.00 0 0 0 0 0 0
355   0   8   0   0   0   2 0.00 0.00 0.00 0.00 0.00 0.00 0 0 0 0 0 0
356   1   6   1   0   0   2 0.00 0.00 0.00 0.00 0.00 0.00 0 0 0 0 0 0
357   1   1   2   0   0   1 0.00 0.00 0.00 0.00 0.00 0.00 0 0 0 0 0 0
358   1   5   1   0   0   1 0.00 0.00 0.00 0.00 0.00 0.00 0 0 0 0 0 0
359   1   7   2   0   0   2 0.00 0.00 0.00 0.00 0.00 0.00 0 0 0 0 0 0
360   1   2   1   0   0   1 0.00 0.00 0.00 0.00 0.00 0.00 0 0 0 0 0 0
361   1   1   1   0   0   2 0.00 0.00 0.00 0.00 0.00 0.00 0 0 0 0 0 0
362   1   9   1   0   0   1 0.00 0.00 0.00 0.00 0.00 0.00 0 0 0 0 0 0
363   1   3   1   0   0   1 0.00 0.00 0.00 0.00 0.00 0.00 0 0 0 0 0 0
364   1   4   1   0   0   2 0.00 0.00 0.00 0.00 0.00 0.00 0 0 0 0 0 0
365   1   8   2   0   0   1 0.00 0.00 0.00 0.00 0.00 0.00 0 0 0 0 0 0
366   1   2   1   0   0   2 0.00 0.00 0.00 0.00 0.00 0.00 0 0 0 0 0 0
367   1   9   2   0   0   2 0.00 0.00 0.00 0.00 0.00 0.00 0 0 0 0 0 0
368   1   5   1   0   0   1 0.00 0.00 0.00 0.00 0.00 0.00 0 0 0 0 0 0
369   1   1   2   0   0   1 0.00 0.00 0.00 0.00 0.00 0.00 0 0 0 0 0 0
370   1   6   2   0   0   2 0.00 0.00 0.00 0.00 0.00 0.00 0 0 0 0 0 0
371   1   8   2   0   0   2 0.00 0.00 0.00 0.00 0.00 0.00 0 0 0 0 0 0
372   1   6   2   0   0   2 0.00 0.00 0.00 0.00 0.00 0.00 0 0 0 0 0 0
373   1   2   2   0   0   2 0.00 0.00 0.00 0.00 0.00 0.00 0 0 0 0 0 0
374   1   5   1   0   0   2 0.00 0.00 0.00 0.00 0.00 0.00 0 0 0 0 0 0
375   1   6   1   0   0   2 0.00 0.00 0.00 0.00 0.00 0.00 0 0 0 0 0 0
376   1   6   1   0   0   2 0.00 0.00 0.00 0.00 0.00 0.00 0 0 0 0 0 0
377   1   2   1   0   0   2 0.00 0.00 0.00 0.00 0.00 0.00 0 0 0 0 0 0
378   1   5   2   0   0   2 0.00 0.00 0.00 0.00 0.00 0.00 0 0 0 0 0 0
379   1   2   2   0   0   1 0.00 0.00 0.00 0.00 0.00 0.00 0 0 0 0 0 0
380   1   6   2   0   0   2 0.00 0.00 0.00 0.00 0.00 0.00 0 0 0 0 0 0
381   1   1   1   0   0   1 0.00 0.00 0.00 0.00 0.00 0.00 0 0 0 0 0 0
382   1   8   2   0   0   2 0.00 0.00 0.00 0.00 0.00 0.00 0 0 0 0 0 0
383   1   5   2   0   0   2 0.00 0.00 0.00 0.00 0.00 0.00 0 0 0 0 0 0
384   1   9   1   0   0   1 0.00 0.00 0.00 0.00 0.00 0.00 0 0 0 0 0 0
385   0   6   0   0   0   1 0.00 0.00 0.00 0.00 0.00 0.00 0 0 0 0 0 0
386   1   1   2   0   0   2 0.00 0.00 0.00 0.00 0.00 0.00 0 0 0 0 0 0
387   1   8   1   0   0   2 0.00 0.00 0.00 0.00 0.00 0.00 0 0 0 0 0 0
388   1   6   2   0   0   2 0.00 0.00 0.00 0.00 0.00 0.00 0 0 0 0 0 0
389   1   4   2   0   0   2 0.00 0.00 0.00 0.00 0.00 0.00 0 0 0 0 0 0
390   1   5   1   0   0   2 0.00 0.00 0.00 0.00 0.00 0.00 0 0 0 0 0 0
391   1   7   1   0   0   2 0.00 0.00 0.00 0.00 0.00 0.00 0 0 0 0 0 0
392   1   8   1   0   0   1 0.00 0.00 0.00 0.00 0.00 0.00 0 0 0 0 0 0
393   1   5   1   0   0   2 0.00 0.00 0.00 0.00 0.00 0.00 0 0 0 0 0 0
394   0   3   0   0   0   1 0.00 0.00 0.00 0.00 0.00 0.00 0 0 0 0 0 0
395   1   5   1   0   0   2 0.00 0.00 0.00 0.00 0.00 0.00 0 0 0 0 0 0
396   1   4   2   0   0   2 0.00 0.00 0.00 0.00 0.00 0.00 0 0 0 0 0 0
397   1   5   1   0   0   1 0.00 0.00 0.00 0.00 0.00 0.00 0 0 0 0 0 0
398   1   8   1   0   0   1 0.00 0.00 0.00 0.00 0.00 0.00 0 0 0 0 0 0
399   0   6   0   0   0   2 0.00 0.00 0.00 0.00 0.00 0.00 0 0 0 0 0 0
400   1   2   2   0   0   2 0.00 0.00 0.00 0.00 0.00 0.00 0 0 0 0 0 0
401   1   5   2   0   0   2 0.00 0.00 0.00 0.00 0.00 0.00 0 0 0 0 0 0
402   1   9   2   0   0   1 0.00 0.00 0.00 0.00 0.00 0.00 0 0 0 0 0 0
403   1   1   1   0   0   2 0.00 0.00 0.00 0.00 0.00 0.00 0 0 0 0 0 0
404   1   7   1   0   0   2 0.00 0.00 0.00 0.00 0.00 0.00 0 0 0 0 0 0
405   1   4   2   0   0   2 0.00 0.00 0.00 0.00 0.00 0.00 0 0 0 0 0 0
406   1   7   1   0   0   2 0.00 0.00 0.00 0.00 0.00 0.00 0 0 0 0 0 0
407   1   8   1   0   0   2 0.00 0.00 0.00 0.00 0.00 0.00 0 0 0 0 0 0
408   1   9   2   0   0   1 0.00 0.00 0.00 0.00 0.00 0.00 0 0 0 0 0 0
409   1   4   2   0   0   1 0.00 0.00 0.00 0.00 0.00 0.00 0 0 0 0 0 0
410   1   9   2   0   0   1 0.00 0.00 0.00 0.00 0.00 0.00 0 0 0 0 0 0
411   0   4   0   0   0   1 0.00 0.00 0.00 0.00 0.00 0.00 0 0 0 0 0 0
412   0  12   0   0   0   2 0.00 0.00 0.00 0.00 0.00 0.00 0 0 0 0 0 0
413   1   4   1   0   0   1 0.00 0.00 0.00 0.00 0.00 0.00 0 0 0 0 0 0
414   1   4   2   0   0   2 0.00 0.00 0.00 0.00 0.00 0.00 0 0 0 0 0 0
415   1   8   2   0   0   2 0.00 0.00 0.00 0.00 0.00 0.00 0 0 0 0 0 0
416   1   7   1   0   0   1 0.00 0.00 0.00 0.00 0.00 0.00 0 0 0 0 0 0
417   1   1   1   0   0   1 0.00 0.00 0.00 0.00 0.00 0.00 0 0 0 0 0 0
418   1   9   2   0   0   1 0.00 0.00 0.00 0.00 0.00 0.00 0 0 0 0 0 0
419   0  12   0   0   0   2 0.00 0.00 0.00 0.00 0.00 0.00 0 0 0 0 0 0
420   0  11   0   0   0   1 0.00 0.00 0.00 0.00 0.00 0.00 0 0 0 0 0 0
