  1   1   2   2   0   0   2 0.00 0.00 0.00 0.00 0.00 0.00 0 0 0 0 0 0
  2   1   5   1   0   0   2 0.00 0.00 0.00 0.00 0.00 0.00 0 0 0 0 0 0
  3   0   7   2   0   0   2 0.00 0.00 0.00 0.00 0.00 0.00 0 0 0 0 0 0
  4   1   5   1   0   0   1 0.00 0.00 0.00 0.00 0.00 0.00 0 0 0 0 0 0
  5   1   4   2   0   0   2 0.00 0.00 0.00 0.00 0.00 0.00 0 0 0 0 0 0
  6   1   6   1   0   0   2 0.00 0.00 0.00 0.00 0.00 0.00 0 0 0 0 0 0
  7   1   8   2   0   0   2 0.00 0.00 0.00 0.00 0.00 0.00 0 0 0 0 0 0
  8   1   6   2   0   0   1 0.00 0.00 0.00 0.00 0.00 0.00 0 0 0 0 0 0
  9   1   6   2   0   0   2 0.00 0.00 0.00 0.00 0.00 0.00 0 0 0 0 0 0
 10   1   3   1   0   0   1 0.00 0.00 0.00 0.00 0.00 0.00 0 0 0 0 0 0
 11   0   1   1   0   0   1 0.00 0.00 0.00 0.00 0.00 0.00 0 0 0 0 0 0
 12   1   4   2   0   0   1 0.00 0.00 0.00 0.00 0.00 0.00 0 0 0 0 0 0
 13   1   7   1   0   0   2 0.00 0.00 0.00 0.00 0.00 0.00 0 0 0 0 0 0
 14   1   7   1   0   0   1 0.00 0.00 0.00 0.00 0.00 0.00 0 0 0 0 0 0
 15   1   9   1   0   0   1 0.00 0.00 0.00 0.00 0.00 0.00 0 0 0 0 0 0
 16   1   9   1   0   0   1 0.00 0.00 0.00 0.00 0.00 0.00 0 0 0 0 0 0
 17   1   8   1   0   0   2 0.00 0.00 0.00 0.00 0.00 0.00 0 0 0 0 0 0
 18   1   1   1   0   0   2 0.00 0.00 0.00 0.00 0.00 0.00 0 0 0 0 0 0
 19   1   3   1   0   0   2 0.00 0.00 0.00 0.00 0.00 0.00 0 0 0 0 0 0
 20   1   6   1   0   0   1 0.00 0.00 0.00 0.00 0.00 0.00 0 0 0 0 0 0
 21   1   3   1   0   0   1 0.00 0.00 0.00 0.00 0.00 0.00 0 0 0 0 0 0
 22   1   9   1   0   0   2 0.00 0.00 0.00 0.00 0.00 0.00 0 0 0 0 0 0
 23   1   2   2   0   0   2 0.00 0.00 0.00 0.00 0.00 0.00 0 0 0 0 0 0
 24   1   2   2   0   0   2 0.00 0.00 0.00 0.00 0.00 0.00 0 0 0 0 0 0
 25   1   5   2   0   0   2 0.00 0.00 0.00 0.00 0.00 0.00 0 0 0 0 0 0
 26   1   6   1   0   0   1 0.00 0.00 0.00 0.00 0.00 0.00 0 0 0 0 0 0
 27   0   7   2   0   0   2 0.00 0.00 0.00 0.00 0.00 0.00 0 0 0 0 0 0
 28   0   3   1   0   0   1 0.00 0.00 0.00 0.00 0.00 0.00 0 0 0 0 0 0
 29   1   5   1   0   0   2 0.00 0.00 0.00 0.00 0.00 0.00 0 0 0 0 0 0
 30   0   8   2   0   0   2 0.00 0.00 0.00 0.00 0.00 0.00 0 0 0 0 0 0
 31   1   3   2   0   0   1 0.00 0.00 0.00 0.00 0.00 0.00 0 0 0 0 0 0
 32   0   6   1   0   0   1 0.00 0.00 0.00 0.00 0.00 0.00 0 0 0 0 0 0
 33   1   8   1   0   0   1 0.00 0.00 0.00 0.00 0.00 0.00 0 0 0 0 0 0
 34   1   1   1   0   0   1 0.00 0.00 0.00 0.00 0.00 0.00 0 0 0 0 0 0
 35   1   2   1   0   0   2 0.00 0.00 0.00 0.00 0.00 0.00 0 0 0 0 0 0
 36   1   6   2   0   0   2 0.00 0.00 0.00 0.00 0.00 0.00 0 0 0 0 0 0
 37   1   7   1   0   0   2 0.00 0.00 0.00 0.00 0.00 0.00 0 0 0 0 0 0
 38   1   1   2   0   0   2 0.00 0.00 0.00 0.00 0.00 0.00 0 0 0 0 0 0
 39   1   5   1   0   0   1 0.00 0.00 0.00 0.00 0.00 0.00 0 0 0 0 0 0
 40   1   5   2   0   0   2 0.00 0.00 0.00 0.00 0.00 0.00 0 0 0 0 0 0
 41   1   9   2   0   0   1 0.00 0.00 0.00 0.00 0.00 0.00 0 0 0 0 0 0
 42   1   6   2   0   0   2 0.00 0.00 0.00 0.00 0.00 0.00 0 0 0 0 0 0
 43   1   3   1   0   0   1 0.00 0.00 0.00 0.00 0.00 0.00 0 0 0 0 0 0
 44   1   1   2   0   0   2 0.00 0.00 0.00 0.00 0.00 0.00 0 0 0 0 0 0
 45   1   5   1   0   0   2 0.00 0.00 0.00 0.00 0.00 0.00 0 0 0 0 0 0
 46   1   6   2   0   0   2 0.00 0.00 0.00 0.00 0.00 0.00 0 0 0 0 0 0
 47   1   6   2   0   0   1 0.00 0.00 0.00 0.00 0.00 0.00 0 0 0 0 0 0
 48   1   6   2   0   0   2 0.00 0.00 0.00 0.00 0.00 0.00 0 0 0 0 0 0
 49   1   5   1   0   0   2 0.00 0.00 0.00 0.00 0.00 0.00 0 0 0 0 0 0
 50   1   9   1   0   0   1 0.00 0.00 0.00 0.00 0.00 0.00 0 0 0 0 0 0
 51   1   9   1   0   0   2 0.00 0.00 0.00 0.00 0.00 0.00 0 0 0 0 0 0
 52   1   4   2   0   0   2 0.00 0.00 0.00 0.00 0.00 0.00 0 0 0 0 0 0
 53   1   8   1   0   0   2 0.00 0.00 0.00 0.00 0.00 0.00 0 0 0 0 0 0
 54   0   1   1   0   0   2 0.00 0.00 0.00 0.00 0.00 0.00 0 0 0 0 0 0
 55   1   6   1   0   0   1 0.00 0.00 0.00 0.00 0.00 0.00 0 0 0 0 0 0
 56   1   3   1   0   0   1 0.00 0.00 0.00 0.00 0.00 0.00 0 0 0 0 0 0
 57   1   9   1   0   0   1 0.00 0.00 0.00 0.00 0.00 0.00 0 0 0 0 0 0
 58   1   4   2   0   0   2 0.00 0.00 0.00 0.00 0.00 0.00 0 0 0 0 0 0
 59   1   7   1   0   0   2 0.00 0.00 0.00 0.00 0.00 0.00 0 0 0 0 0 0
 60   0  10   2   0   0   2 0.00 0.00 0.00 0.00 0.00 0.00 0 0 0 0 0 0
 61   1   8   1   0   0   2 0.00 0.00 0.00 0.00 0.00 0.00 0 0 0 0 0 0
 62   1   5   1   0   0   1 0.00 0.00 0.00 0.00 0.00 0.00 0 0 0 0 0 0
 63   1   1   1   0   0   1 0.00 0.00 0.00 0.00 0.00 0.00 0 0 0 0 0 0
 64   1   7   1   0   0   1 0.00 0.00 0.00 0.00 0.00 0.00 0 0 0 0 0 0
 65   1   8   2   0   0   1 0.00 0.00 0.00 0.00 0.00 0.00 0 0 0 0 0 0
 66   1   1   2   0   0   1 0.00 0.00 0.00 0.00 0.00 0.00 0 0 0 0 0 0
 67   1   6   2   0   0   2 0.00 0.00 0.00 0.00 0.00 0.00 0 0 0 0 0 0
 68   0   9   2   0   0   2 0.00 0.00 0.00 0.00 0.00 0.00 0 0 0 0 0 0
 69   0   3   1   0   0   2 0.00 0.00 0.00 0.00 0.00 0.00 0 0 0 0 0 0
 70   1   7   2   0   0   1 0.00 0.00 0.00 0.00 0.00 0.00 0 0 0 0 0 0
 71   1   3   1   0   0   1 0.00 0.00 0.00 0.00 0.00 0.00 0 0 0 0 0 0
 72   1   8   2   0   0   2 0.00 0.00 0.00 0.00 0.00 0.00 0 0 0 0 0 0
 73   1   7   2   0   0   2 0.00 0.00 0.00 0.00 0.00 0.00 0 0 0 0 0 0
 74   1   3   1   0   0   1 0.00 0.00 0.00 0.00 0.00 0.00 0 0 0 0 0 0
 75   0   9   2   0   0   1 0.00 0.00 0.00 0.00 0.00 0.00 0 0 0 0 0 0
 76   1   3   1   0   0   2 0.00 0.00 0.00 0.00 0.00 0.00 0 0 0 0 0 0
 77   1   4   1   0   0   2 0.00 0.00 0.00 0.00 0.00 0.00 0 0 0 0 0 0
 78   1   8   1   0   0   2 0.00 0.00 0.00 0.00 0.00 0.00 0 0 0 0 0 0
 79   1   1   1   0   0   2 0.00 0.00 0.00 0.00 0.00 0.00 0 0 0 0 0 0
 80   0   7   2   0   0   2 0.00 0.00 0.00 0.00 0.00 0.00 0 0 0 0 0 0
 81   1   2   1   0   0   2 0.00 0.00 0.00 0.00 0.00 0.00 0 0 0 0 0 0
 82   1   5   1   0   0   2 0.00 0.00 0.00 0.00 0.00 0.00 0 0 0 0 0 0
 83   0   5   1   0   0   2 0.00 0.00 0.00 0.00 0.00 0.00 0 0 0 0 0 0
 84   1   1   1   0   0   1 0.00 0.00 0.00 0.00 0.00 0.00 0 0 0 0 0 0
 85   0   1   1   0   0   1 0.00 0.00 0.00 0.00 0.00 0.00 0 0 0 0 0 0
 86   1   6   1   0   0   2 0.00 0.00 0.00 0.00 0.00 0.00 0 0 0 0 0 0
 87   1   6   1   0   0   2 0.00 0.00 0.00 0.00 0.00 0.00 0 0 0 0 0 0
 88   1   3   1   0   0   2 0.00 0.00 0.00 0.00 0.00 0.00 0 0 0 0 0 0
 89   1   4   2   0   0   1 0.00 0.00 0.00 0.00 0.00 0.00 0 0 0 0 0 0
 90   1   7   2   0   0   2 0.00 0.00 0.00 0.00 0.00 0.00 0 0 0 0 0 0
 91   1   4   2   0   0   2 0.00 0.00 0.00 0.00 0.00 0.00 0 0 0 0 0 0
 92   1   9   2   0   0   1 0.00 0.00 0.00 0.00 0.00 0.00 0 0 0 0 0 0
 93   1   9   1   0   0   1 0.00 0.00 0.00 0.00 0.00 0.00 0 0 0 0 0 0
 94   1   5   1   0   0   1 0.00 0.00 0.00 0.00 0.00 0.00 0 0 0 0 0 0
 95   1   7   1   0   0   1 0.00 0.00 0.00 0.00 0.00 0.00 0 0 0 0 0 0
 96   1   5   2   0   0   2 0.00 0.00 0.00 0.00 0.00 0.00 0 0 0 0 0 0
 97   1   8   2   0   0   2 0.00 0.00 0.00 0.00 0.00 0.00 0 0 0 0 0 0
 98   1   1   1   0   0   2 0.00 0.00 0.00 0.00 0.00 0.00 0 0 0 0 0 0
 99   1   6   1   0   0   2 0.00 0.00 0.00 0.00 0.00 0.00 0 0 0 0 0 0
100   1   8   2   0   0   1 0.00 0.00 0.00 0.00 0.00 0.00 0 0 0 0 0 0
101   1   9   2   0   0   2 0.00 0.00 0.00 0.00 0.00 0.00 0 0 0 0 0 0
102   1   2   1   0   0   1 0.00 0.00 0.00 0.00 0.00 0.00 0 0 0 0 0 0
103   1   8   2   0   0   2 0.00 0.00 0.00 0.00 0.00 0.00 0 0 0 0 0 0
104   1   1   2   0   0   2 0.00 0.00 0.00 0.00 0.00 0.00 0 0 0 0 0 0
105   1   8   2   0   0   2 0.00 0.00 0.00 0.00 0.00 0.00 0 0 0 0 0 0
106   1   9   2   0   0   1 0.00 0.00 0.00 0.00 0.00 0.00 0 0 0 0 0 0
107   1   6   1   0   0   1 0.00 0.00 0.00 0.00 0.00 0.00 0 0 0 0 0 0
108   1   2   1   0   0   1 0.00 0.00 0.00 0.00 0.00 0.00 0 0 0 0 0 0
109   1   6   1   0   0   2 0.00 0.00 0.00 0.00 0.00 0.00 0 0 0 0 0 0
110   1   4   1   0   0   1 0.00 0.00 0.00 0.00 0.00 0.00 0 0 0 0 0 0
111   0   5   1   0   0   1 0.00 0.00 0.00 0.00 0.00 0.00 0 0 0 0 0 0
112   1   4   2   0   0   1 0.00 0.00 0.00 0.00 0.00 0.00 0 0 0 0 0 0
113   1   9   1   0   0   2 0.00 0.00 0.00 0.00 0.00 0.00 0 0 0 0 0 0
114   0  10   2   0   0   1 0.00 0.00 0.00 0.00 0.00 0.00 0 0 0 0 0 0
115   1   6   1   0   0   2 0.00 0.00 0.00 0.00 0.00 0.00 0 0 0 0 0 0
116   1   1   1   0   0   1 0.00 0.00 0.00 0.00 0.00 0.00 0 0 0 0 0 0
117   0   9   2   0   0   2 0.00 0.00 0.00 0.00 0.00 0.00 0 0 0 0 0 0
118   1   5   2   0   0   1 0.00 0.00 0.00 0.00 0.00 0.00 0 0 0 0 0 0
119   1   6   1   0   0   1 0.00 0.00 0.00 0.00 0.00 0.00 0 0 0 0 0 0
120   0   8   2   0   0   1 0.00 0.00 0.00 0.00 0.00 0.00 0 0 0 0 0 0
121   0   8   2   0   0   2 0.00 0.00 0.00 0.00 0.00 0.00 0 0 0 0 0 0
122   1   7   2   0   0   2 0.00 0.00 0.00 0.00 0.00 0.00 0 0 0 0 0 0
123   1   3   1   0   0   1 0.00 0.00 0.00 0.00 0.00 0.00 0 0 0 0 0 0
124   1   7   1   0   0   1 0.00 0.00 0.00 0.00 0.00 0.00 0 0 0 0 0 0
125   1   3   2   0   0   1 0.00 0.00 0.00 0.00 0.00 0.00 0 0 0 0 0 0
126   1   3   2   0   0   2 0.00 0.00 0.00 0.00 0.00 0.00 0 0 0 0 0 0
127   1   1   1   0   0   2 0.00 0.00 0.00 0.00 0.00 0.00 0 0 0 0 0 0
128   0   6   1   0   0   1 0.00 0.00 0.00 0.00 0.00 0.00 0 0 0 0 0 0
129   0   7   2   0   0   1 0.00 0.00 0.00 0.00 0.00 0.00 0 0 0 0 0 0
130   1   3   2   0   0   2 0.00 0.00 0.00 0.00 0.00 0.00 0 0 0 0 0 0
131   1   3   1   0   0   2 0.00 0.00 0.00 0.00 0.00 0.00 0 0 0 0 0 0
132   1   5   2   0   0   1 0.00 0.00 0.00 0.00 0.00 0.00 0 0 0 0 0 0
133   0  11   2   0   0   2 0.00 0.00 0.00 0.00 0.00 0.00 0 0 0 0 0 0
134   1   4   1   0   0   2 0.00 0.00 0.00 0.00 0.00 0.00 0 0 0 0 0 0
135   1   1   2   0   0   1 0.00 0.00 0.00 0.00 0.00 0.00 0 0 0 0 0 0
136   1   5   1   0   0   1 0.00 0.00 0.00 0.00 0.00 0.00 0 0 0 0 0 0
137   0   2   1   0   0   1 0.00 0.00 0.00 0.00 0.00 0.00 0 0 0 0 0 0
138   1   4   2   0   0   2 0.00 0.00 0.00 0.00 0.00 0.00 0 0 0 0 0 0
139   0   4   1   0   0   1 0.00 0.00 0.00 0.00 0.00 0.00 0 0 0 0 0 0
140   1   4   2   0   0   1 0.00 0.00 0.00 0.00 0.00 0.00 0 0 0 0 0 0
141   0  11   2   0   0   2 0.00 0.00 0.00 0.00 0.00 0.00 0 0 0 0 0 0
142   1   6   1   0   0   1 0.00 0.00 0.00 0.00 0.00 0.00 0 0 0 0 0 0
143   1   8   1   0   0   1 0.00 0.00 0.00 0.00 0.00 0.00 0 0 0 0 0 0
144   1   3   1   0   0   2 0.00 0.00 0.00 0.00 0.00 0.00 0 0 0 0 0 0
145   1   1   1   0   0   1 0.00 0.00 0.00 0.00 0.00 0.00 0 0 0 0 0 0
146   1   9   1   0   0   2 0.00 0.00 0.00 0.00 0.00 0.00 0 0 0 0 0 0
147   1   2   2   0   0   1 0.00 0.00 0.00 0.00 0.00 0.00 0 0 0 0 0 0
148   1   6   2   0   0   2 0.00 0.00 0.00 0.00 0.00 0.00 0 0 0 0 0 0
149   1   5   2   0   0   1 0.00 0.00 0.00 0.00 0.00 0.00 0 0 0 0 0 0
150   1   3   2   0   0   1 0.00 0.00 0.00 0.00 0.00 0.00 0 0 0 0 0 0
151   1   3   2   0   0   2 0.00 0.00 0.00 0.00 0.00 0.00 0 0 0 0 0 0
152   0   6   1   0   0   2 0.00 0.00 0.00 0.00 0.00 0.00 0 0 0 0 0 0
153   1   8   1   0   0   1 0.00 0.00 0.00 0.00 0.00 0.00 0 0 0 0 0 0
154   0   5   1   0   0   1 0.00 0.00 0.00 0.00 0.00 0.00 0 0 0 0 0 0
155   1   7   1   0   0   2 0.00 0.00 0.00 0.00 0.00 0.00 0 0 0 0 0 0
156   0   4   1   0   0   2 0.00 0.00 0.00 0.00 0.00 0.00 0 0 0 0 0 0
157   1   8   2   0   0   1 0.00 0.00 0.00 0.00 0.00 0.00 0 0 0 0 0 0
158   1   4   1   0   0   1 0.00 0.00 0.00 0.00 0.00 0.00 0 0 0 0 0 0
159   0  12   2   0   0   2 0.00 0.00 0.00 0.00 0.00 0.00 0 0 0 0 0 0
160   1   9   1   0   0   1 0.00 0.00 0.00 0.00 0.00 0.00 0 0 0 0 0 0
161   1   2   1   0   0   2 0.00 0.00 0.00 0.00 0.00 0.00 0 0 0 0 0 0
162   1   5   2   0   0   1 0.00 0.00 0.00 0.00 0.00 0.00 0 0 0 0 0 0
163   1   5   2   0   0   2 0.00 0.00 0.00 0.00 0.00 0.00 0 0 0 0 0 0
164   1   2   2   0   0   2 0.00 0.00 0.00 0.00 0.00 0.00 0 0 0 0 0 0
165   1   3   1   0   0   2 0.00 0.00 0.00 0.00 0.00 0.00 0 0 0 0 0 0
166   1   5   2   0   0   2 0.00 0.00 0.00 0.00 0.00 0.00 0 0 0 0 0 0
167   1   9   2   0   0   1 0.00 0.00 0.00 0.00 0.00 0.00 0 0 0 0 0 0
168   1   2   2   0   0   1 0.00 0.00 0.00 0.00 0.00 0.00 0 0 0 0 0 0
169   1   9   2   0   0   1 0.00 0.00 0.00 0.00 0.00 0.00 0 0 0 0 0 0
170   1   4   1   0   0   2 0.00 0.00 0.00 0.00 0.00 0.00 0 0 0 0 0 0
171   1   7   2   0   0   1 0.00 0.00 0.00 0.00 0.00 0.00 0 0 0 0 0 0
172   1   9   1   0   0   1 0.00 0.00 0.00 0.00 0.00 0.00 0 0 0 0 0 0
173   1   3   2   0   0   2 0.00 0.00 0.00 0.00 0.00 0.00 0 0 0 0 0 0
174   1   9   2   0   0   2 0.00 0.00 0.00 0.00 0.00 0.00 0 0 0 0 0 0
175   1   7   2   0   0   1 0.00 0.00 0.00 0.00 0.00 0.00 0 0 0 0 0 0
176   1   8   2   0   0   1 0.00 0.00 0.00 0.00 0.00 0.00 0 0 0 0 0 0
177   1   9   1   0   0   1 0.00 0.00 0.00 0.00 0.00 0.00 0 0 0 0 0 0
178   1   2   2   0   0   1 0.00 0.00 0.00 0.00 0.00 0.00 0 0 0 0 0 0
179   1   8   2   0   0   1 0.00 0.00 0.00 0.00 0.00 0.00 0 0 0 0 0 0
180   1   2   1   0   0   1 0.00 0.00 0.00 0.00 0.00 0.00 0 0 0 0 0 0
181   0   4   1   0   0   2 0.00 0.00 0.00 0.00 0.00 0.00 0 0 0 0 0 0
182   1   2   2   0   0   1 0.00 0.00 0.00 0.00 0.00 0.00 0 0 0 0 0 0
183   1   9   2   0   0   2 0.00 0.00 0.00 0.00 0.00 0.00 0 0 0 0 0 0
184   1   7   2   0   0   2 0.00 0.00 0.00 0.00 0.00 0.00 0 0 0 0 0 0
185   1   1   2   0   0   2 0.00 0.00 0.00 0.00 0.00 0.00 0 0 0 0 0 0
186   1   4   2   0   0   1 0.00 0.00 0.00 0.00 0.00 0.00 0 0 0 0 0 0
187   1   3   2   0   0   1 0.00 0.00 0.00 0.00 0.00 0.00 0 0 0 0 0 0
188   1   9   1   0   0   2 0.00 0.00 0.00 0.00 0.00 0.00 0 0 0 0 0 0
189   1   1   1   0   0   2 0.00 0.00 0.00 0.00 0.00 0.00 0 0 0 0 0 0
190   1   6   2   0   0   1 0.00 0.00 0.00 0.00 0.00 0.00 0 0 0 0 0 0
191   1   4   1   0   0   2 0.00 0.00 0.00 0.00 0.00 0.00 0 0 0 0 0 0
192   1   2   2   0   0   2 0.00 0.00 0.00 0.00 0.00 0.00 0 0 0 0 0 0
193   1   5   1   0   0   2 0.00 0.00 0.00 0.00 0.00 0.00 0 0 0 0 0 0
194   1   7   1   0   0   2 0.00 0.00 0.00 0.00 0.00 0.00 0 0 0 0 0 0
195   0   9   2   0   0   1 0.00 0.00 0.00 0.00 0.00 0.00 0 0 0 0 0 0
196   0   3   1   0   0   1 0.00 0.00 0.00 0.00 0.00 0.00 0 0 0 0 0 0
197   0  11   2   0   0   1 0.00 0.00 0.00 0.00 0.00 0.00 0 0 0 0 0 0
198   0  12   2   0   0   2 0.00 0.00 0.00 0.00 0.00 0.00 0 0 0 0 0 0
199   1   3   2   0   0   2 0.00 0.00 0.00 0.00 0.00 0.00 0 0 0 0 0 0
200   1   6   2   0   0   2 0.00 0.00 0.00 0.00 0.00 0.00 0 0 0 0 0 0
201   1   7   1   0   0   1 0.00 0.00 0.00 0.00 0.00 0.00 0 0 0 0 0 0
202   1   5   2   0   0   2 0.00 0.00 0.00 0.00 0.00 0.00 0 0 0 0 0 0
203   1   4   2   0   0   1 0.00 0.00 0.00 0.00 0.00 0.00 0 0 0 0 0 0
204   1   6   1   0   0   2 0.00 0.00 0.00 0.00 0.00 0.00 0 0 0 0 0 0
205   1   5   1   0   0   1 0.00 0.00 0.00 0.00 0.00 0.00 0 0 0 0 0 0
206   1   4   2   0   0   1 0.00 0.00 0.00 0.00 0.00 0.00 0 0 0 0 0 0
207   1   5   2   0   0   1 0.00 0.00 0.00 0.00 0.00 0.00 0 0 0 0 0 0
208   1   8   1   0   0   2 0.00 0.00 0.00 0.00 0.00 0.00 0 0 0 0 0 0
209   1   6   1   0   0   1 0.00 0.00 0.00 0.00 0.00 0.00 0 0 0 0 0 0
210   1   8   2   0   0   2 0.00 0.00 0.00 0.00 0.00 0.00 0 0 0 0 0 0
211   1   3   2   0   0   1 0.00 0.00 0.00 0.00 0.00 0.00 0 0 0 0 0 0
212   1   9   1   0   0   2 0.00 0.00 0.00 0.00 0.00 0.00 0 0 0 0 0 0
213   1   9   2   0   0   2 0.00 0.00 0.00 0.00 0.00 0.00 0 0 0 0 0 0
214   1   2   1   0   0   1 0.00 0.00 0.00 0.00 0.00 0.00 0 0 0 0 0 0
215   1   5   1   0   0   2 0.00 0.00 0.00 0.00 0.00 0.00 0 0 0 0 0 0
216   1   7   1   0   0   1 0.00 0.00 0.00 0.00 0.00 0.00 0 0 0 0 0 0
217   1   2   2   0   0   1 0.00 0.00 0.00 0.00 0.00 0.00 0 0 0 0 0 0
218   1   4   2   0   0   2 0.00 0.00 0.00 0.00 0.00 0.00 0 0 0 0 0 0
219   1   1   2   0   0   1 0.00 0.00 0.00 0.00 0.00 0.00 0 0 0 0 0 0
220   1   4   1   0   0   1 0.00 0.00 0.00 0.00 0.00 0.00 0 0 0 0 0 0
221   1   1   1   0   0   1 0.00 0.00 0.00 0.00 0.00 0.00 0 0 0 0 0 0
222   1   4   1   0   0   2 0.00 0.00 0.00 0.00 0.00 0.00 0 0 0 0 0 0
223   1   1   1   0   0   2 0.00 0.00 0.00 0.00 0.00 0.00 0 0 0 0 0 0
224   1   4   1   0   0   1 0.00 0.00 0.00 0.00 0.00 0.00 0 0 0 0 0 0
225   1   7   2   0   0   2 0.00 0.00 0.00 0.00 0.00 0.00 0 0 0 0 0 0
226   1   8   1   0   0   2 0.00 0.00 0.00 0.00 0.00 0.00 0 0 0 0 0 0
227   1   1   1   0   0   2 0.00 0.00 0.00 0.00 0.00 0.00 0 0 0 0 0 0
228   1   8   2   0   0   1 0.00 0.00 0.00 0.00 0.00 0.00 0 0 0 0 0 0
229   1   3   1   0   0   1 0.00 0.00 0.00 0.00 0.00 0.00 0 0 0 0 0 0
230   1   7   2   0   0   2 0.00 0.00 0.00 0.00 0.00 0.00 0 0 0 0 0 0
231   0   8   2   0   0   2 0.00 0.00 0.00 0.00 0.00 0.00 0 0 0 0 0 0
232   1   9   2   0   0   2 0.00 0.00 0.00 0.00 0.00 0.00 0 0 0 0 0 0
233   1   7   2   0   0   1 0.00 0.00 0.00 0.00 0.00 0.00 0 0 0 0 0 0
234   1   2   1   0   0   1 0.00 0.00 0.00 0.00 0.00 0.00 0 0 0 0 0 0
235   1   2   2   0   0   1 0.00 0.00 0.00 0.00 0.00 0.00 0 0 0 0 0 0
236   1   7   1   0   0   1 0.00 0.00 0.00 0.00 0.00 0.00 0 0 0 0 0 0
237   1   3   2   0   0   1 0.00 0.00 0.00 0.00 0.00 0.00 0 0 0 0 0 0
238   1   6   2   0   0   1 0.00 0.00 0.00 0.00 0.00 0.00 0 0 0 0 0 0
239   0   4   1   0   0   1 0.00 0.00 0.00 0.00 0.00 0.00 0 0 0 0 0 0
240   1   4   2   0   0   2 0.00 0.00 0.00 0.00 0.00 0.00 0 0 0 0 0 0
241   0   6   1   0   0   1 0.00 0.00 0.00 0.00 0.00 0.00 0 0 0 0 0 0
242   1   7   1   0   0   2 0.00 0.00 0.00 0.00 0.00 0.00 0 0 0 0 0 0
243   0  10   2   0   0   2 0.00 0.00 0.00 0.00 0.00 0.00 0 0 0 0 0 0
244   1   9   1   0   0   2 0.00 0.00 0.00 0.00 0.00 0.00 0 0 0 0 0 0
245   1   9   2   0   0   2 0.00 0.00 0.00 0.00 0.00 0.00 0 0 0 0 0 0
246   1   7   1   0   0   2 0.00 0.00 0.00 0.00 0.00 0.00 0 0 0 0 0 0
247   1   4   2   0   0   1 0.00 0.00 0.00 0.00 0.00 0.00 0 0 0 0 0 0
248   1   1   1   0   0   1 0.00 0.00 0.00 0.00 0.00 0.00 0 0 0 0 0 0
249   1   9   1   0   0   2 0.00 0.00 0.00 0.00 0.00 0.00 0 0 0 0 0 0
250   1   1   2   0   0   2 0.00 0.00 0.00 0.00 0.00 0.00 0 0 0 0 0 0
251   1   3   1   0   0   2 0.00 0.00 0.00 0.00 0.00 0.00 0 0 0 0 0 0
252   1   3   2   0   0   2 0.00 0.00 0.00 0.00 0.00 0.00 0 0 0 0 0 0
253   1   4   1   0   0   1 0.00 0.00 0.00 0.00 0.00 0.00 0 0 0 0 0 0
254   1   1   1   0   0   1 0.00 0.00 0.00 0.00 0.00 0.00 0 0 0 0 0 0
255   1   8   1   0   0   1 0.00 0.00 0.00 0.00 0.00 0.00 0 0 0 0 0 0
256   1   4   1   0   0   2 0.00 0.00 0.00 0.00 0.00 0.00 0 0 0 0 0 0
257   1   8   1   0   0   1 0.00 0.00 0.00 0.00 0.00 0.00 0 0 0 0 0 0
258   1   4   1   0   0   1 0.00 0.00 0.00 0.00 0.00 0.00 0 0 0 0 0 0
259   1   5   1   0   0   2 0.00 0.00 0.00 0.00 0.00 0.00 0 0 0 0 0 0
260   1   1   2   0   0   2 0.00 0.00 0.00 0.00 0.00 0.00 0 0 0 0 0 0
261   0   9   2   0   0   2 0.00 0.00 0.00 0.00 0.00 0.00 0 0 0 0 0 0
262   1   4   1   0   0   2 0.00 0.00 0.00 0.00 0.00 0.00 0 0 0 0 0 0
263   1   3   1   0   0   2 0.00 0.00 0.00 0.00 0.00 0.00 0 0 0 0 0 0
264   1   9   1   0   0   1 0.00 0.00 0.00 0.00 0.00 0.00 0 0 0 0 0 0
265   1   2   2   0   0   1 0.00 0.00 0.00 0.00 0.00 0.00 0 0 0 0 0 0
266   1   5   1   0   0   2 0.00 0.00 0.00 0.00 0.00 0.00 0 0 0 0 0 0
267   0   6   1   0   0   2 0.00 0.00 0.00 0.00 0.00 0.00 0 0 0 0 0 0
268   1   1   2   0   0   1 0.00 0.00 0.00 0.00 0.00 0.00 0 0 0 0 0 0
269   1   8   2   0   0   1 0.00 0.00 0.00 0.00 0.00 0.00 0 0 0 0 0 0
270   0   1   1   0   0   2 0.00 0.00 0.00 0.00 0.00 0.00 0 0 0 0 0 0
271   1   1   2   0   0   2 0.00 0.00 0.00 0.00 0.00 0.00 0 0 0 0 0 0
272   1   2   2   0   0   2 0.00 0.00 0.00 0.00 0.00 0.00 0 0 0 0 0 0
273   1   5   2   0   0   2 0.00 0.00 0.00 0.00 0.00 0.00 0 0 0 0 0 0
274   0  12   2   0   0   1 0.00 0.00 0.00 0.00 0.00 0.00 0 0 0 0 0 0
275   1   1   2   0   0   1 0.00 0.00 0.00 0.00 0.00 0.00 0 0 0 0 0 0
276   1   2   1   0   0   2 0.00 0.00 0.00 0.00 0.00 0.00 0 0 0 0 0 0
277   1   2   1   0   0   2 0.00 0.00 0.00 0.00 0.00 0.00 0 0 0 0 0 0
278   0   5   1   0   0   1 0.00 0.00 0.00 0.00 0.00 0.00 0 0 0 0 0 0
279   1   6   1   0   0   2 0.00 0.00 0.00 0.00 0.00 0.00 0 0 0 0 0 0
280   1   2   2   0   0   1 0.00 0.00 0.00 0.00 0.00 0.00 0 0 0 0 0 0
281   1   6   2   0   0   1 0.00 0.00 0.00 0.00 0.00 0.00 0 0 0 0 0 0
282   1   4   1   0   0   1 0.00 0.00 0.00 0.00 0.00 0.00 0 0 0 0 0 0
283   1   7   1   0   0   2 0.00 0.00 0.00 0.00 0.00 0.00 0 0 0 0 0 0
284   1   9   1   0   0   1 0.00 0.00 0.00 0.00 0.00 0.00 0 0 0 0 0 0
285   1   6   2   0   0   1 0.00 0.00 0.00 0.00 0.00 0.00 0 0 0 0 0 0
286   1   8   1   0   0   1 0.00 0.00 0.00 0.00 0.00 0.00 0 0 0 0 0 0
287   1   8   2   0   0   2 0.00 0.00 0.00 0.00 0.00 0.00 0 0 0 0 0 0
288   1   5   2   0   0   2 0.00 0.00 0.00 0.00 0.00 0.00 0 0 0 0 0 0
289   1   8   2   0   0   1 0.00 0.00 0.00 0.00 0.00 0.00 0 0 0 0 0 0
290   1   9   2   0   0   1 0.00 0.00 0.00 0.00 0.00 0.00 0 0 0 0 0 0
291   0  11   2   0   0   2 0.00 0.00 0.00 0.00 0.00 0.00 0 0 0 0 0 0
292   1   4   2   0   0   2 0.00 0.00 0.00 0.00 0.00 0.00 0 0 0 0 0 0
293   1   1   2   0   0   2 0.00 0.00 0.00 0.00 0.00 0.00 0 0 0 0 0 0
294   1   7   2   0   0   2 0.00 0.00 0.00 0.00 0.00 0.00 0 0 0 0 0 0
295   1   2   1   0   0   2 0.00 0.00 0.00 0.00 0.00 0.00 0 0 0 0 0 0
296   1   5   2   0   0   1 0.00 0.00 0.00 0.00 0.00 0.00 0 0 0 0 0 0
297   1   4   1   0   0   1 0.00 0.00 0.00 0.00 0.00 0.00 0 0 0 0 0 0
298   1   9   1   0   0   2 0.00 0.00 0.00 0.00 0.00 0.00 0 0 0 0 0 0
299   1   9   2   0   0   1 0.00 0.00 0.00 0.00 0.00 0.00 0 0 0 0 0 0
300   1   2   1   0   0   2 0.00 0.00 0.00 0.00 0.00 0.00 0 0 0 0 0 0
301   1   7   2   0   0   2 0.00 0.00 0.00 0.00 0.00 0.00 0 0 0 0 0 0
302   1   7   2   0   0   2 0.00 0.00 0.00 0.00 0.00 0.00 0 0 0 0 0 0
303   1   3   2   0   0   2 0.00 0.00 0.00 0.00 0.00 0.00 0 0 0 0 0 0
304   1   8   1   0   0   1 0.00 0.00 0.00 0.00 0.00 0.00 0 0 0 0 0 0
305   1   4   2   0   0   1 0.00 0.00 0.00 0.00 0.00 0.00 0 0 0 0 0 0
306   0   2   1   0   0   2 0.00 0.00 0.00 0.00 0.00 0.00 0 0 0 0 0 0
307   1   8   1   0   0   2 0.00 0.00 0.00 0.00 0.00 0.00 0 0 0 0 0 0
308   1   6   2   0   0   1 0.00 0.00 0.00 0.00 0.00 0.00 0 0 0 0 0 0
309   0  10   2   0   0   1 0.00 0.00 0.00 0.00 0.00 0.00 0 0 0 0 0 0
310   1   2   2   0   0   2 0.00 0.00 0.00 0.00 0.00 0.00 0 0 0 0 0 0
311   1   9   2   0   0   2 0.00 0.00 0.00 0.00 0.00 0.00 0 0 0 0 0 0
312   0   2   1   0   0   1 0.00 0.00 0.00 0.00 0.00 0.00 0 0 0 0 0 0
313   1   4   2   0   0   2 0.00 0.00 0.00 0.00 0.00 0.00 0 0 0 0 0 0
314   1   7   2   0   0   1 0.00 0.00 0.00 0.00 0.00 0.00 0 0 0 0 0 0
315   1   1   1   0   0   2 0.00 0.00 0.00 0.00 0.00 0.00 0 0 0 0 0 0
316   1   7   2   0   0   1 0.00 0.00 0.00 0.00 0.00 0.00 0 0 0 0 0 0
317   1   4   1   0   0   2 0.00 0.00 0.00 0.00 0.00 0.00 0 0 0 0 0 0
318   1   2   1   0   0   1 0.00 0.00 0.00 0.00 0.00 0.00 0 0 0 0 0 0
319   0  11   2   0   0   1 0.00 0.00 0.00 0.00 0.00 0.00 0 0 0 0 0 0
320   0   3   1   0   0   2 0.00 0.00 0.00 0.00 0.00 0.00 0 0 0 0 0 0
321   1   7   2   0   0   1 0.00 0.00 0.00 0.00 0.00 0.00 0 0 0 0 0 0
322   0  12   2   0   0   1 0.00 0.00 0.00 0.00 0.00 0.00 0 0 0 0 0 0
323   1   6   1   0   0   1 0.00 0.00 0.00 0.00 0.00 0.00 0 0 0 0 0 0
324   1   8   2   0   0   2 0.00 0.00 0.00 0.00 0.00 0.00 0 0 0 0 0 0
325   1   9   2   0   0   1 0.00 0.00 0.00 0.00 0.00 0.00 0 0 0 0 0 0
326   1   9   2   0   0   1 0.00 0.00 0.00 0.00 0.00 0.00 0 0 0 0 0 0
327   1   5   1   0   0   2 0.00 0.00 0.00 0.00 0.00 0.00 0 0 0 0 0 0
328   1   5   1   0   0   1 0.00 0.00 0.00 0.00 0.00 0.00 0 0 0 0 0 0
329   1   9   2   0   0   2 0.00 0.00 0.00 0.00 0.00 0.00 0 0 0 0 0 0
330   1   5   2   0   0   1 0.00 0.00 0.00 0.00 0.00 0.00 0 0 0 0 0 0
331   1   5   2   0   0   2 0.00 0.00 0.00 0.00 0.00 0.00 0 0 0 0 0 0
332   0   4   1   0   0   1 0.00 0.00 0.00 0.00 0.00 0.00 0 0 0 0 0 0
333   1   8   2   0   0   1 0.00 0.00 0.00 0.00 0.00 0.00 0 0 0 0 0 0
334   0   3   1   0   0   1 0.00 0.00 0.00 0.00 0.00 0.00 0 0 0 0 0 0
335   1   6   1   0   0   1 0.00 0.00 0.00 0.00 0.00 0.00 0 0 0 0 0 0
336   1   7   2   0   0   1 0.00 0.00 0.00 0.00 0.00 0.00 0 0 0 0 0 0
337   1   1   1   0   0   2 0.00 0.00 0.00 0.00 0.00 0.00 0 0 0 0 0 0
338   1   8   2   0   0   2 0.00 0.00 0.00 0.00 0.00 0.00 0 0 0 0 0 0
339   1   4   2   0   0   2 0.00 0.00 0.00 0.00 0.00 0.00 0 0 0 0 0 0
340   1   9   1   0   0   2 0.00 0.00 0.00 0.00 0.00 0.00 0 0 0 0 0 0
341   1   1   2   0   0   2 0.00 0.00 0.00 0.00 0.00 0.00 0 0 0 0 0 0
342   0   2   1   0   0   2 0.00 0.00 0.00 0.00 0.00 0.00 0 0 0 0 0 0
343   1   9   2   0   0   2 0.00 0.00 0.00 0.00 0.00 0.00 0 0 0 0 0 0
344   1   1   1   0   0   1 0.00 0.00 0.00 0.00 0.00 0.00 0 0 0 0 0 0
345   1   2   1   0   0   1 0.00 0.00 0.00 0.00 0.00 0.00 0 0 0 0 0 0
346   1   9   2   0   0   2 0.00 0.00 0.00 0.00 0.00 0.00 0 0 0 0 0 0
347   0  10   2   0   0   2 0.00 0.00 0.00 0.00 0.00 0.00 0 0 0 0 0 0
348   1   8   1   0   0   1 0.00 0.00 0.00 0.00 0.00 0.00 0 0 0 0 0 0
349   1   7   1   0   0   2 0.00 0.00 0.00 0.00 0.00 0.00 0 0 0 0 0 0
350   1   2   1   0   0   2 0.00 0.00 0.00 0.00 0.00 0.00 0 0 0 0 0 0
351   1   8   1   0   0   2 0.00 0.00 0.00 0.00 0.00 0.00 0 0 0 0 0 0
352   0   5   1   0   0   2 0.00 0.00 0.00 0.00 0.00 0.00 0 0 0 0 0 0
353   1   9   2   0   0   1 0.00 0.00 0.00 0.00 0.00 0.00 0 0 0 0 0 0
354   1   8   1   0   0   1 0.00 0.00 0.00 0.00 0.00 0.00 0 0 0 0 0 0
355   1   6   2   0   0   1 0.00 0.00 0.00 0.00 0.00 0.00 0 0 0 0 0 0
356   1   6   1   0   0   1 0.00 0.00 0.00 0.00 0.00 0.00 0 0 0 0 0 0
357   1   2   2   0   0   2 0.00 0.00 0.00 0.00 0.00 0.00 0 0 0 0 0 0
358   1   3   1   0   0   2 0.00 0.00 0.00 0.00 0.00 0.00 0 0 0 0 0 0
359   1   7   2   0   0   2 0.00 0.00 0.00 0.00 0.00 0.00 0 0 0 0 0 0
360   1   4   2   0   0   1 0.00 0.00 0.00 0.00 0.00 0.00 0 0 0 0 0 0
361   1   7   1   0   0   1 0.00 0.00 0.00 0.00 0.00 0.00 0 0 0 0 0 0
362   1   1   1   0   0   1 0.00 0.00 0.00 0.00 0.00 0.00 0 0 0 0 0 0
363   1   8   1   0   0   2 0.00 0.00 0.00 0.00 0.00 0.00 0 0 0 0 0 0
364   0   2   1   0   0   1 0.00 0.00 0.00 0.00 0.00 0.00 0 0 0 0 0 0
365   1   6   2   0   0   1 0.00 0.00 0.00 0.00 0.00 0.00 0 0 0 0 0 0
366   1   7   2   0   0   1 0.00 0.00 0.00 0.00 0.00 0.00 0 0 0 0 0 0
367   1   3   2   0   0   1 0.00 0.00 0.00 0.00 0.00 0.00 0 0 0 0 0 0
368   1   5   2   0   0   1 0.00 0.00 0.00 0.00 0.00 0.00 0 0 0 0 0 0
369   1   3   2   0   0   1 0.00 0.00 0.00 0.00 0.00 0.00 0 0 0 0 0 0
370   1   8   2   0   0   2 0.00 0.00 0.00 0.00 0.00 0.00 0 0 0 0 0 0
371   1   2   1   0   0   1 0.00 0.00 0.00 0.00 0.00 0.00 0 0 0 0 0 0
372   1   3   1   0   0   1 0.00 0.00 0.00 0.00 0.00 0.00 0 0 0 0 0 0
373   1   3   1   0   0   1 0.00 0.00 0.00 0.00 0.00 0.00 0 0 0 0 0 0
374   1   8   1   0   0   1 0.00 0.00 0.00 0.00 0.00 0.00 0 0 0 0 0 0
375   1   2   2   0   0   2 0.00 0.00 0.00 0.00 0.00 0.00 0 0 0 0 0 0
376   1   3   2   0   0   1 0.00 0.00 0.00 0.00 0.00 0.00 0 0 0 0 0 0
377   1   7   1   0   0   1 0.00 0.00 0.00 0.00 0.00 0.00 0 0 0 0 0 0
378   1   6   1   0   0   2 0.00 0.00 0.00 0.00 0.00 0.00 0 0 0 0 0 0
379   1   5   2   0   0   1 0.00 0.00 0.00 0.00 0.00 0.00 0 0 0 0 0 0
380   1   2   2   0   0   1 0.00 0.00 0.00 0.00 0.00 0.00 0 0 0 0 0 0
381   1   3   2   0   0   2 0.00 0.00 0.00 0.00 0.00 0.00 0 0 0 0 0 0
382   1   6   2   0   0   2 0.00 0.00 0.00 0.00 0.00 0.00 0 0 0 0 0 0
383   1   7   2   0   0   1 0.00 0.00 0.00 0.00 0.00 0.00 0 0 0 0 0 0
384   1   5   1   0   0   1 0.00 0.00 0.00 0.00 0.00 0.00 0 0 0 0 0 0
385   1   3   2   0   0   1 0.00 0.00 0.00 0.00 0.00 0.00 0 0 0 0 0 0
386   1   5   2   0   0   2 0.00 0.00 0.00 0.00 0.00 0.00 0 0 0 0 0 0
387   0   8   2   0   0   1 0.00 0.00 0.00 0.00 0.00 0.00 0 0 0 0 0 0
388   1   1   2   0   0   1 0.00 0.00 0.00 0.00 0.00 0.00 0 0 0 0 0 0
389   1   2   1   0   0   2 0.00 0.00 0.00 0.00 0.00 0.00 0 0 0 0 0 0
390   1   4   1   0   0   1 0.00 0.00 0.00 0.00 0.00 0.00 0 0 0 0 0 0
391   1   2   1   0   0   1 0.00 0.00 0.00 0.00 0.00 0.00 0 0 0 0 0 0
392   1   3   1   0   0   2 0.00 0.00 0.00 0.00 0.00 0.00 0 0 0 0 0 0
393   1   2   1   0   0   1 0.00 0.00 0.00 0.00 0.00 0.00 0 0 0 0 0 0
394   1   1   2   0   0   1 0.00 0.00 0.00 0.00 0.00 0.00 0 0 0 0 0 0
395   0   7   2   0   0   1 0.00 0.00 0.00 0.00 0.00 0.00 0 0 0 0 0 0
396   1   4   1   0   0   2 0.00 0.00 0.00 0.00 0.00 0.00 0 0 0 0 0 0
397   1   5   1   0   0   1 0.00 0.00 0.00 0.00 0.00 0.00 0 0 0 0 0 0
398   1   1   1   0   0   2 0.00 0.00 0.00 0.00 0.00 0.00 0 0 0 0 0 0
399   1   3   2   0   0   2 0.00 0.00 0.00 0.00 0.00 0.00 0 0 0 0 0 0
400   1   8   2   0   0   1 0.00 0.00 0.00 0.00 0.00 0.00 0 0 0 0 0 0
401   1   2   2   0   0   1 0.00 0.00 0.00 0.00 0.00 0.00 0 0 0 0 0 0
402   1   6   2   0   0   1 0.00 0.00 0.00 0.00 0.00 0.00 0 0 0 0 0 0
403   1   7   1   0   0   1 0.00 0.00 0.00 0.00 0.00 0.00 0 0 0 0 0 0
404   1   4   1   0   0   1 0.00 0.00 0.00 0.00 0.00 0.00 0 0 0 0 0 0
405   1   1   2   0   0   1 0.00 0.00 0.00 0.00 0.00 0.00 0 0 0 0 0 0
406   1   4   1   0   0   2 0.00 0.00 0.00 0.00 0.00 0.00 0 0 0 0 0 0
407   1   6   1   0   0   2 0.00 0.00 0.00 0.00 0.00 0.00 0 0 0 0 0 0
408   1   2   2   0   0   2 0.00 0.00 0.00 0.00 0.00 0.00 0 0 0 0 0 0
409   1   5   1   0   0   1 0.00 0.00 0.00 0.00 0.00 0.00 0 0 0 0 0 0
410   1   1   2   0   0   1 0.00 0.00 0.00 0.00 0.00 0.00 0 0 0 0 0 0
411   0   1   1   0   0   1 0.00 0.00 0.00 0.00 0.00 0.00 0 0 0 0 0 0
412   1   1   2   0   0   2 0.00 0.00 0.00 0.00 0.00 0.00 0 0 0 0 0 0
413   1   8   1   0   0   2 0.00 0.00 0.00 0.00 0.00 0.00 0 0 0 0 0 0
414   1   6   2   0   0   2 0.00 0.00 0.00 0.00 0.00 0.00 0 0 0 0 0 0
415   1   1   2   0   0   1 0.00 0.00 0.00 0.00 0.00 0.00 0 0 0 0 0 0
416   1   5   2   0   0   1 0.00 0.00 0.00 0.00 0.00 0.00 0 0 0 0 0 0
417   1   7   1   0   0   2 0.00 0.00 0.00 0.00 0.00 0.00 0 0 0 0 0 0
418   0  12   2   0   0   2 0.00 0.00 0.00 0.00 0.00 0.00 0 0 0 0 0 0
419   1   3   2   0   0   2 0.00 0.00 0.00 0.00 0.00 0.00 0 0 0 0 0 0
420   1   2   1   0   0   2 0.00 0.00 0.00 0.00 0.00 0.00 0 0 0 0 0 0
