  1   1   8   1   0   0   1 0.70 0.70 0.70 0.70 0.70 0.70
  2   1   8   1   5   1   2 0.70 0.70 0.70 0.70 0.70 0.70
  3   1   9   2   2   0   2 0.70 0.70 0.70 0.70 0.70 0.70
  4   1   2   2   0   0   2 0.70 0.70 0.70 0.70 0.70 0.70
  5   1   3   2   0   0   2 0.00 0.00 0.00 0.00 0.00 0.00
  6   1   5   1   0   0   2 0.00 0.00 0.00 0.00 0.00 0.00
  7   1   4   1   0   0   2 0.00 0.00 0.00 0.00 0.00 0.00
  8   1   9   2   0   0   1 0.00 0.00 0.00 0.00 0.00 0.00
  9   1   4   1   0   0   1 0.00 0.00 0.00 0.00 0.00 0.00
 10   1   8   2   0   0   1 0.00 0.00 0.00 0.00 0.00 0.00
 11   1   3   1   0   0   2 0.00 0.00 0.00 0.00 0.00 0.00
 12   0   4   0   0   0   2 0.00 0.00 0.00 0.00 0.00 0.00
 13   0   7   0   0   0   1 0.00 0.00 0.00 0.00 0.00 0.00
 14   1   6   1   0   0   1 0.00 0.00 0.00 0.00 0.00 0.00
 15   1   1   1   0   0   2 0.00 0.00 0.00 0.00 0.00 0.00
 16   1   3   2   0   0   2 0.00 0.00 0.00 0.00 0.00 0.00
 17   1   8   1   0   0   1 0.00 0.00 0.00 0.00 0.00 0.00
 18   1   3   1   0   0   1 0.00 0.00 0.00 0.00 0.00 0.00
 19   0   3   0   0   0   1 0.00 0.00 0.00 0.00 0.00 0.00
 20   1   9   1   0   0   2 0.00 0.00 0.00 0.00 0.00 0.00
 21   1   1   1   0   0   1 0.00 0.00 0.00 0.00 0.00 0.00
 22   1   3   1   0   0   1 0.00 0.00 0.00 0.00 0.00 0.00
 23   1   8   1   0   0   1 0.00 0.00 0.00 0.00 0.00 0.00
 24   1   6   2   0   0   1 0.00 0.00 0.00 0.00 0.00 0.00
 25   0   5   0   0   0   1 0.00 0.00 0.00 0.00 0.00 0.00
 26   1   6   1   0   0   2 0.00 0.00 0.00 0.00 0.00 0.00
 27   1   7   1   0   0   1 0.00 0.00 0.00 0.00 0.00 0.00
 28   1   6   2   0   0   2 0.00 0.00 0.00 0.00 0.00 0.00
 29   1   9   2   0   0   2 0.00 0.00 0.00 0.00 0.00 0.00
 30   1   8   1   0   0   1 0.00 0.00 0.00 0.00 0.00 0.00
 31   1   6   1   0   0   2 0.00 0.00 0.00 0.00 0.00 0.00
 32   1   6   1   0   0   1 0.00 0.00 0.00 0.00 0.00 0.00
 33   1   5   2   0   0   1 0.00 0.00 0.00 0.00 0.00 0.00
 34   1   2   1   0   0   2 0.00 0.00 0.00 0.00 0.00 0.00
 35   1   9   1   0   0   1 0.00 0.00 0.00 0.00 0.00 0.00
 36   1   8   1   0   0   2 0.00 0.00 0.00 0.00 0.00 0.00
 37   1   7   1   0   0   1 0.00 0.00 0.00 0.00 0.00 0.00
 38   1   3   1   0   0   2 0.00 0.00 0.00 0.00 0.00 0.00
 39   1   1   2   0   0   2 0.00 0.00 0.00 0.00 0.00 0.00
 40   1   8   2   0   0   1 0.00 0.00 0.00 0.00 0.00 0.00
 41   1   8   1   0   0   2 0.00 0.00 0.00 0.00 0.00 0.00
 42   1   1   1   0   0   2 0.00 0.00 0.00 0.00 0.00 0.00
 43   1   9   1   0   0   1 0.00 0.00 0.00 0.00 0.00 0.00
 44   0   3   0   0   0   2 0.00 0.00 0.00 0.00 0.00 0.00
 45   1   9   2   0   0   1 0.00 0.00 0.00 0.00 0.00 0.00
 46   1   7   2   0   0   2 0.00 0.00 0.00 0.00 0.00 0.00
 47   1   8   2   0   0   2 0.00 0.00 0.00 0.00 0.00 0.00
 48   0   5   0   0   0   1 0.00 0.00 0.00 0.00 0.00 0.00
 49   1   3   1   0   0   1 0.00 0.00 0.00 0.00 0.00 0.00
 50   1   4   1   0   0   1 0.00 0.00 0.00 0.00 0.00 0.00
 51   1   3   1   0   0   1 0.00 0.00 0.00 0.00 0.00 0.00
 52   1   1   2   0   0   1 0.00 0.00 0.00 0.00 0.00 0.00
 53   1   2   1   0   0   1 0.00 0.00 0.00 0.00 0.00 0.00
 54   1   2   1   0   0   1 0.00 0.00 0.00 0.00 0.00 0.00
 55   0  11   0   0   0   1 0.00 0.00 0.00 0.00 0.00 0.00
 56   1   6   2   0   0   1 0.00 0.00 0.00 0.00 0.00 0.00
 57   1   5   1   0   0   1 0.00 0.00 0.00 0.00 0.00 0.00
 58   1   6   1   0   0   1 0.00 0.00 0.00 0.00 0.00 0.00
 59   1   7   2   0   0   1 0.00 0.00 0.00 0.00 0.00 0.00
 60   1   6   1   0   0   1 0.00 0.00 0.00 0.00 0.00 0.00
 61   1   5   1   0   0   1 0.00 0.00 0.00 0.00 0.00 0.00
 62   1   4   2   0   0   1 0.00 0.00 0.00 0.00 0.00 0.00
 63   1   8   2   0   0   1 0.00 0.00 0.00 0.00 0.00 0.00
 64   1   7   2   0   0   1 0.00 0.00 0.00 0.00 0.00 0.00
 65   1   5   2   0   0   2 0.00 0.00 0.00 0.00 0.00 0.00
 66   1   9   1   0   0   1 0.00 0.00 0.00 0.00 0.00 0.00
 67   1   3   2   0   0   2 0.00 0.00 0.00 0.00 0.00 0.00
 68   1   7   1   0   0   2 0.00 0.00 0.00 0.00 0.00 0.00
 69   1   5   1   0   0   2 0.00 0.00 0.00 0.00 0.00 0.00
 70   1   5   2   0   0   2 0.00 0.00 0.00 0.00 0.00 0.00
 71   1   6   1   0   0   2 0.00 0.00 0.00 0.00 0.00 0.00
 72   1   7   1   0   0   1 0.00 0.00 0.00 0.00 0.00 0.00
 73   1   3   2   0   0   1 0.00 0.00 0.00 0.00 0.00 0.00
 74   1   7   2   0   0   1 0.00 0.00 0.00 0.00 0.00 0.00
 75   1   7   1   0   0   2 0.00 0.00 0.00 0.00 0.00 0.00
 76   1   1   1   0   0   2 0.00 0.00 0.00 0.00 0.00 0.00
 77   0   9   0   0   0   2 0.00 0.00 0.00 0.00 0.00 0.00
 78   1   3   2   0   0   1 0.00 0.00 0.00 0.00 0.00 0.00
 79   1   8   2   0   0   2 0.00 0.00 0.00 0.00 0.00 0.00
 80   0   4   0   0   0   2 0.00 0.00 0.00 0.00 0.00 0.00
 81   1   5   2   0   0   1 0.00 0.00 0.00 0.00 0.00 0.00
 82   0  12   0   0   0   1 0.00 0.00 0.00 0.00 0.00 0.00
 83   1   2   2   0   0   2 0.00 0.00 0.00 0.00 0.00 0.00
 84   1   7   2   0   0   2 0.00 0.00 0.00 0.00 0.00 0.00
 85   1   5   2   0   0   1 0.00 0.00 0.00 0.00 0.00 0.00
 86   1   6   2   0   0   1 0.00 0.00 0.00 0.00 0.00 0.00
 87   0   5   0   0   0   2 0.00 0.00 0.00 0.00 0.00 0.00
 88   1   2   2   0   0   1 0.00 0.00 0.00 0.00 0.00 0.00
 89   1   7   2   0   0   2 0.00 0.00 0.00 0.00 0.00 0.00
 90   1   2   2   0   0   1 0.00 0.00 0.00 0.00 0.00 0.00
 91   0  12   0   0   0   2 0.00 0.00 0.00 0.00 0.00 0.00
 92   1   6   1   0   0   1 0.00 0.00 0.00 0.00 0.00 0.00
 93   1   4   2   0   0   2 0.00 0.00 0.00 0.00 0.00 0.00
 94   0   9   0   0   0   2 0.00 0.00 0.00 0.00 0.00 0.00
 95   1   7   1   0   0   2 0.00 0.00 0.00 0.00 0.00 0.00
 96   1   6   2   0   0   2 0.00 0.00 0.00 0.00 0.00 0.00
 97   1   7   2   0   0   2 0.00 0.00 0.00 0.00 0.00 0.00
 98   1   6   1   0   0   2 0.00 0.00 0.00 0.00 0.00 0.00
 99   1   2   2   0   0   2 0.00 0.00 0.00 0.00 0.00 0.00
100   1   8   2   0   0   1 0.00 0.00 0.00 0.00 0.00 0.00
101   1   1   1   0   0   1 0.00 0.00 0.00 0.00 0.00 0.00
102   1   7   1   0   0   2 0.00 0.00 0.00 0.00 0.00 0.00
103   1   2   2   0   0   1 0.00 0.00 0.00 0.00 0.00 0.00
104   1   3   1   0   0   2 0.00 0.00 0.00 0.00 0.00 0.00
105   1   3   1   0   0   1 0.00 0.00 0.00 0.00 0.00 0.00
106   1   2   1   0   0   2 0.00 0.00 0.00 0.00 0.00 0.00
107   1   2   1   0   0   2 0.00 0.00 0.00 0.00 0.00 0.00
108   1   6   1   0   0   1 0.00 0.00 0.00 0.00 0.00 0.00
109   1   2   1   0   0   2 0.00 0.00 0.00 0.00 0.00 0.00
110   1   7   2   0   0   2 0.00 0.00 0.00 0.00 0.00 0.00
111   1   2   1   0   0   1 0.00 0.00 0.00 0.00 0.00 0.00
112   1   4   1   0   0   2 0.00 0.00 0.00 0.00 0.00 0.00
113   0   1   0   0   0   1 0.00 0.00 0.00 0.00 0.00 0.00
114   1   2   2   0   0   1 0.00 0.00 0.00 0.00 0.00 0.00
115   1   2   2   0   0   2 0.00 0.00 0.00 0.00 0.00 0.00
116   1   5   1   0   0   1 0.00 0.00 0.00 0.00 0.00 0.00
117   1   5   2   0   0   1 0.00 0.00 0.00 0.00 0.00 0.00
118   0   7   0   0   0   2 0.00 0.00 0.00 0.00 0.00 0.00
119   1   6   1   0   0   1 0.00 0.00 0.00 0.00 0.00 0.00
120   0   6   0   0   0   2 0.00 0.00 0.00 0.00 0.00 0.00
121   0  12   0   0   0   2 0.00 0.00 0.00 0.00 0.00 0.00
122   1   4   2   0   0   2 0.00 0.00 0.00 0.00 0.00 0.00
123   1   8   1   0   0   1 0.00 0.00 0.00 0.00 0.00 0.00
124   1   6   1   0   0   1 0.00 0.00 0.00 0.00 0.00 0.00
125   0   6   0   0   0   1 0.00 0.00 0.00 0.00 0.00 0.00
126   1   9   2   0   0   1 0.00 0.00 0.00 0.00 0.00 0.00
127   0   8   0   0   0   2 0.00 0.00 0.00 0.00 0.00 0.00
128   1   1   1   0   0   1 0.00 0.00 0.00 0.00 0.00 0.00
129   1   4   2   0   0   1 0.00 0.00 0.00 0.00 0.00 0.00
130   1   2   1   0   0   1 0.00 0.00 0.00 0.00 0.00 0.00
131   1   4   2   0   0   1 0.00 0.00 0.00 0.00 0.00 0.00
132   1   8   2   0   0   2 0.00 0.00 0.00 0.00 0.00 0.00
133   1   8   2   0   0   2 0.00 0.00 0.00 0.00 0.00 0.00
134   0  12   0   0   0   1 0.00 0.00 0.00 0.00 0.00 0.00
135   1   9   2   0   0   1 0.00 0.00 0.00 0.00 0.00 0.00
136   1   3   2   0   0   1 0.00 0.00 0.00 0.00 0.00 0.00
137   1   5   1   0   0   1 0.00 0.00 0.00 0.00 0.00 0.00
138   1   3   2   0   0   2 0.00 0.00 0.00 0.00 0.00 0.00
139   1   7   1   0   0   1 0.00 0.00 0.00 0.00 0.00 0.00
140   1   9   1   0   0   2 0.00 0.00 0.00 0.00 0.00 0.00
141   1   9   2   0   0   2 0.00 0.00 0.00 0.00 0.00 0.00
142   1   8   2   0   0   2 0.00 0.00 0.00 0.00 0.00 0.00
143   1   2   2   0   0   1 0.00 0.00 0.00 0.00 0.00 0.00
144   1   9   1   0   0   1 0.00 0.00 0.00 0.00 0.00 0.00
145   1   1   2   0   0   1 0.00 0.00 0.00 0.00 0.00 0.00
146   1   9   1   0   0   1 0.00 0.00 0.00 0.00 0.00 0.00
147   1   9   1   0   0   2 0.00 0.00 0.00 0.00 0.00 0.00
148   0   7   0   0   0   2 0.00 0.00 0.00 0.00 0.00 0.00
149   1   1   1   0   0   1 0.00 0.00 0.00 0.00 0.00 0.00
150   1   2   1   0   0   2 0.00 0.00 0.00 0.00 0.00 0.00
151   1   5   1   0   0   2 0.00 0.00 0.00 0.00 0.00 0.00
152   0   6   0   0   0   1 0.00 0.00 0.00 0.00 0.00 0.00
153   0   8   0   0   0   2 0.00 0.00 0.00 0.00 0.00 0.00
154   1   6   2   0   0   1 0.00 0.00 0.00 0.00 0.00 0.00
155   1   8   1   0   0   2 0.00 0.00 0.00 0.00 0.00 0.00
156   1   2   1   0   0   2 0.00 0.00 0.00 0.00 0.00 0.00
157   1   4   2   0   0   1 0.00 0.00 0.00 0.00 0.00 0.00
158   1   9   1   0   0   1 0.00 0.00 0.00 0.00 0.00 0.00
159   1   3   2   0   0   1 0.00 0.00 0.00 0.00 0.00 0.00
160   1   5   1   0   0   2 0.00 0.00 0.00 0.00 0.00 0.00
161   1   3   1   0   0   2 0.00 0.00 0.00 0.00 0.00 0.00
162   1   1   2   0   0   2 0.00 0.00 0.00 0.00 0.00 0.00
163   1   7   1   0   0   1 0.00 0.00 0.00 0.00 0.00 0.00
164   1   6   1   0   0   2 0.00 0.00 0.00 0.00 0.00 0.00
165   1   8   2   0   0   2 0.00 0.00 0.00 0.00 0.00 0.00
166   1   5   1   0   0   1 0.00 0.00 0.00 0.00 0.00 0.00
167   1   5   1   0   0   2 0.00 0.00 0.00 0.00 0.00 0.00
168   0  10   0   0   0   2 0.00 0.00 0.00 0.00 0.00 0.00
169   1   1   2   0   0   1 0.00 0.00 0.00 0.00 0.00 0.00
170   1   1   1   0   0   2 0.00 0.00 0.00 0.00 0.00 0.00
171   1   2   1   0   0   1 0.00 0.00 0.00 0.00 0.00 0.00
172   1   9   1   0   0   1 0.00 0.00 0.00 0.00 0.00 0.00
173   1   4   1   0   0   2 0.00 0.00 0.00 0.00 0.00 0.00
174   1   2   2   0   0   1 0.00 0.00 0.00 0.00 0.00 0.00
175   1   1   2   0   0   2 0.00 0.00 0.00 0.00 0.00 0.00
176   1   6   2   0   0   1 0.00 0.00 0.00 0.00 0.00 0.00
177   0   2   0   0   0   2 0.00 0.00 0.00 0.00 0.00 0.00
178   1   5   1   0   0   2 0.00 0.00 0.00 0.00 0.00 0.00
179   1   4   2   0   0   2 0.00 0.00 0.00 0.00 0.00 0.00
180   1   3   1   0   0   2 0.00 0.00 0.00 0.00 0.00 0.00
181   1   4   2   0   0   1 0.00 0.00 0.00 0.00 0.00 0.00
182   1   4   2   0   0   2 0.00 0.00 0.00 0.00 0.00 0.00
183   1   8   1   0   0   2 0.00 0.00 0.00 0.00 0.00 0.00
184   0   3   0   0   0   2 0.00 0.00 0.00 0.00 0.00 0.00
185   1   4   2   0   0   2 0.00 0.00 0.00 0.00 0.00 0.00
186   1   9   1   0   0   2 0.00 0.00 0.00 0.00 0.00 0.00
187   1   2   2   0   0   2 0.00 0.00 0.00 0.00 0.00 0.00
188   1   2   2   0   0   2 0.00 0.00 0.00 0.00 0.00 0.00
189   1   9   1   0   0   2 0.00 0.00 0.00 0.00 0.00 0.00
190   1   6   2   0   0   2 0.00 0.00 0.00 0.00 0.00 0.00
191   0   2   0   0   0   2 0.00 0.00 0.00 0.00 0.00 0.00
192   0   3   0   0   0   1 0.00 0.00 0.00 0.00 0.00 0.00
193   1   5   1   0   0   2 0.00 0.00 0.00 0.00 0.00 0.00
194   1   9   2   0   0   2 0.00 0.00 0.00 0.00 0.00 0.00
195   1   9   2   0   0   2 0.00 0.00 0.00 0.00 0.00 0.00
196   1   4   1   0   0   2 0.00 0.00 0.00 0.00 0.00 0.00
197   1   6   1   0   0   2 0.00 0.00 0.00 0.00 0.00 0.00
198   1   8   1   0   0   1 0.00 0.00 0.00 0.00 0.00 0.00
199   1   2   1   0   0   2 0.00 0.00 0.00 0.00 0.00 0.00
200   1   8   2   0   0   2 0.00 0.00 0.00 0.00 0.00 0.00
201   1   1   1   0   0   2 0.00 0.00 0.00 0.00 0.00 0.00
202   1   3   2   0   0   2 0.00 0.00 0.00 0.00 0.00 0.00
203   1   6   1   0   0   2 0.00 0.00 0.00 0.00 0.00 0.00
204   1   3   2   0   0   2 0.00 0.00 0.00 0.00 0.00 0.00
205   0   8   0   0   0   1 0.00 0.00 0.00 0.00 0.00 0.00
206   1   9   2   0   0   1 0.00 0.00 0.00 0.00 0.00 0.00
207   0   5   0   0   0   2 0.00 0.00 0.00 0.00 0.00 0.00
208   1   4   1   0   0   1 0.00 0.00 0.00 0.00 0.00 0.00
209   1   5   2   0   0   2 0.00 0.00 0.00 0.00 0.00 0.00
210   1   5   2   0   0   1 0.00 0.00 0.00 0.00 0.00 0.00
211   1   2   1   0   0   1 0.00 0.00 0.00 0.00 0.00 0.00
212   1   5   1   0   0   1 0.00 0.00 0.00 0.00 0.00 0.00
213   1   2   2   0   0   2 0.00 0.00 0.00 0.00 0.00 0.00
214   1   1   2   0   0   1 0.00 0.00 0.00 0.00 0.00 0.00
215   1   4   1   0   0   2 0.00 0.00 0.00 0.00 0.00 0.00
216   1   9   2   0   0   1 0.00 0.00 0.00 0.00 0.00 0.00
217   1   8   2   0   0   1 0.00 0.00 0.00 0.00 0.00 0.00
218   1   2   2   0   0   1 0.00 0.00 0.00 0.00 0.00 0.00
219   1   2   1   0   0   1 0.00 0.00 0.00 0.00 0.00 0.00
220   1   8   2   0   0   1 0.00 0.00 0.00 0.00 0.00 0.00
221   1   7   2   0   0   1 0.00 0.00 0.00 0.00 0.00 0.00
222   1   8   2   0   0   2 0.00 0.00 0.00 0.00 0.00 0.00
223   1   7   1   0   0   2 0.00 0.00 0.00 0.00 0.00 0.00
224   0  10   0   0   0   1 0.00 0.00 0.00 0.00 0.00 0.00
225   1   2   1   0   0   1 0.00 0.00 0.00 0.00 0.00 0.00
226   1   7   2   0   0   2 0.00 0.00 0.00 0.00 0.00 0.00
227   1   7   2   0   0   1 0.00 0.00 0.00 0.00 0.00 0.00
228   1   3   2   0   0   1 0.00 0.00 0.00 0.00 0.00 0.00
229   1   1   2   0   0   2 0.00 0.00 0.00 0.00 0.00 0.00
230   1   7   2   0   0   1 0.00 0.00 0.00 0.00 0.00 0.00
231   1   6   2   0   0   2 0.00 0.00 0.00 0.00 0.00 0.00
232   1   9   2   0   0   2 0.00 0.00 0.00 0.00 0.00 0.00
233   1   3   1   0   0   1 0.00 0.00 0.00 0.00 0.00 0.00
234   1   7   2   0   0   2 0.00 0.00 0.00 0.00 0.00 0.00
235   1   1   1   0   0   1 0.00 0.00 0.00 0.00 0.00 0.00
236   1   6   2   0   0   2 0.00 0.00 0.00 0.00 0.00 0.00
237   1   3   1   0   0   1 0.00 0.00 0.00 0.00 0.00 0.00
238   1   8   2   0   0   2 0.00 0.00 0.00 0.00 0.00 0.00
239   0   8   0   0   0   2 0.00 0.00 0.00 0.00 0.00 0.00
240   1   2   1   0   0   2 0.00 0.00 0.00 0.00 0.00 0.00
241   0  11   0   0   0   1 0.00 0.00 0.00 0.00 0.00 0.00
242   1   4   1   0   0   1 0.00 0.00 0.00 0.00 0.00 0.00
243   1   4   2   0   0   1 0.00 0.00 0.00 0.00 0.00 0.00
244   0   1   0   0   0   2 0.00 0.00 0.00 0.00 0.00 0.00
245   1   4   1   0   0   1 0.00 0.00 0.00 0.00 0.00 0.00
246   1   4   2   0   0   2 0.00 0.00 0.00 0.00 0.00 0.00
247   1   8   2   0   0   1 0.00 0.00 0.00 0.00 0.00 0.00
248   1   1   1   0   0   2 0.00 0.00 0.00 0.00 0.00 0.00
249   1   7   1   0   0   2 0.00 0.00 0.00 0.00 0.00 0.00
250   1   6   2   0   0   2 0.00 0.00 0.00 0.00 0.00 0.00
251   1   1   1   0   0   2 0.00 0.00 0.00 0.00 0.00 0.00
252   1   1   1   0   0   1 0.00 0.00 0.00 0.00 0.00 0.00
253   1   9   2   0   0   2 0.00 0.00 0.00 0.00 0.00 0.00
254   1   5   2   0   0   1 0.00 0.00 0.00 0.00 0.00 0.00
255   1   1   2   0   0   1 0.00 0.00 0.00 0.00 0.00 0.00
256   1   9   1   0   0   1 0.00 0.00 0.00 0.00 0.00 0.00
257   0   2   0   0   0   1 0.00 0.00 0.00 0.00 0.00 0.00
258   1   5   2   0   0   1 0.00 0.00 0.00 0.00 0.00 0.00
259   1   4   2   0   0   1 0.00 0.00 0.00 0.00 0.00 0.00
260   1   8   1   0   0   2 0.00 0.00 0.00 0.00 0.00 0.00
261   1   9   2   0   0   2 0.00 0.00 0.00 0.00 0.00 0.00
262   1   6   2   0   0   2 0.00 0.00 0.00 0.00 0.00 0.00
263   1   4   2   0   0   2 0.00 0.00 0.00 0.00 0.00 0.00
264   1   3   2   0   0   1 0.00 0.00 0.00 0.00 0.00 0.00
265   0   6   0   0   0   2 0.00 0.00 0.00 0.00 0.00 0.00
266   1   4   1   0   0   1 0.00 0.00 0.00 0.00 0.00 0.00
267   1   5   2   0   0   2 0.00 0.00 0.00 0.00 0.00 0.00
268   1   8   1   0   0   2 0.00 0.00 0.00 0.00 0.00 0.00
269   1   3   1   0   0   1 0.00 0.00 0.00 0.00 0.00 0.00
270   1   8   1   0   0   1 0.00 0.00 0.00 0.00 0.00 0.00
271   0   7   0   0   0   2 0.00 0.00 0.00 0.00 0.00 0.00
272   1   1   2   0   0   2 0.00 0.00 0.00 0.00 0.00 0.00
273   1   3   1   0   0   2 0.00 0.00 0.00 0.00 0.00 0.00
274   1   8   2   0   0   2 0.00 0.00 0.00 0.00 0.00 0.00
275   1   7   1   0   0   1 0.00 0.00 0.00 0.00 0.00 0.00
276   1   6   2   0   0   1 0.00 0.00 0.00 0.00 0.00 0.00
277   1   7   2   0   0   1 0.00 0.00 0.00 0.00 0.00 0.00
278   0   7   0   0   0   1 0.00 0.00 0.00 0.00 0.00 0.00
279   1   5   2   0   0   1 0.00 0.00 0.00 0.00 0.00 0.00
280   1   9   2   0   0   1 0.00 0.00 0.00 0.00 0.00 0.00
281   1   1   2   0   0   1 0.00 0.00 0.00 0.00 0.00 0.00
282   0   1   0   0   0   2 0.00 0.00 0.00 0.00 0.00 0.00
283   1   2   2   0   0   2 0.00 0.00 0.00 0.00 0.00 0.00
284   1   6   2   0   0   2 0.00 0.00 0.00 0.00 0.00 0.00
285   0  11   0   0   0   2 0.00 0.00 0.00 0.00 0.00 0.00
286   1   4   1   0   0   2 0.00 0.00 0.00 0.00 0.00 0.00
287   1   5   1   0   0   2 0.00 0.00 0.00 0.00 0.00 0.00
288   1   9   1   0   0   1 0.00 0.00 0.00 0.00 0.00 0.00
289   1   9   2   0   0   1 0.00 0.00 0.00 0.00 0.00 0.00
290   1   3   1   0   0   1 0.00 0.00 0.00 0.00 0.00 0.00
291   1   8   2   0   0   1 0.00 0.00 0.00 0.00 0.00 0.00
292   1   1   1   0   0   1 0.00 0.00 0.00 0.00 0.00 0.00
293   1   7   2   0   0   2 0.00 0.00 0.00 0.00 0.00 0.00
294   1   9   2   0   0   2 0.00 0.00 0.00 0.00 0.00 0.00
295   0  11   0   0   0   2 0.00 0.00 0.00 0.00 0.00 0.00
296   1   5   1   0   0   1 0.00 0.00 0.00 0.00 0.00 0.00
297   1   5   2   0   0   1 0.00 0.00 0.00 0.00 0.00 0.00
298   1   3   1   0   0   2 0.00 0.00 0.00 0.00 0.00 0.00
299   1   9   2   0   0   2 0.00 0.00 0.00 0.00 0.00 0.00
300   1   9   1   0   0   2 0.00 0.00 0.00 0.00 0.00 0.00
301   0   1   0   0   0   1 0.00 0.00 0.00 0.00 0.00 0.00
302   1   5   2   0   0   2 0.00 0.00 0.00 0.00 0.00 0.00
303   1   4   2   0   0   2 0.00 0.00 0.00 0.00 0.00 0.00
304   0  10   0   0   0   2 0.00 0.00 0.00 0.00 0.00 0.00
305   1   2   1   0   0   1 0.00 0.00 0.00 0.00 0.00 0.00
306   0  11   0   0   0   2 0.00 0.00 0.00 0.00 0.00 0.00
307   1   8   1   0   0   2 0.00 0.00 0.00 0.00 0.00 0.00
308   1   8   2   0   0   1 0.00 0.00 0.00 0.00 0.00 0.00
309   1   9   1   0   0   2 0.00 0.00 0.00 0.00 0.00 0.00
310   1   6   2   0   0   1 0.00 0.00 0.00 0.00 0.00 0.00
311   1   1   1   0   0   2 0.00 0.00 0.00 0.00 0.00 0.00
312   1   9   1   0   0   1 0.00 0.00 0.00 0.00 0.00 0.00
313   1   8   1   0   0   2 0.00 0.00 0.00 0.00 0.00 0.00
314   1   1   2   0   0   1 0.00 0.00 0.00 0.00 0.00 0.00
315   1   1   2   0   0   2 0.00 0.00 0.00 0.00 0.00 0.00
316   1   1   2   0   0   2 0.00 0.00 0.00 0.00 0.00 0.00
317   1   1   1   0   0   1 0.00 0.00 0.00 0.00 0.00 0.00
318   0  10   0   0   0   1 0.00 0.00 0.00 0.00 0.00 0.00
319   1   6   2   0   0   2 0.00 0.00 0.00 0.00 0.00 0.00
320   1   2   2   0   0   2 0.00 0.00 0.00 0.00 0.00 0.00
321   1   6   2   0   0   1 0.00 0.00 0.00 0.00 0.00 0.00
322   1   2   2   0   0   1 0.00 0.00 0.00 0.00 0.00 0.00
323   0   4   0   0   0   1 0.00 0.00 0.00 0.00 0.00 0.00
324   1   4   1   0   0   2 0.00 0.00 0.00 0.00 0.00 0.00
325   1   5   1   0   0   1 0.00 0.00 0.00 0.00 0.00 0.00
326   1   4   2   0   0   2 0.00 0.00 0.00 0.00 0.00 0.00
327   1   3   1   0   0   2 0.00 0.00 0.00 0.00 0.00 0.00
328   1   1   1   0   0   2 0.00 0.00 0.00 0.00 0.00 0.00
329   0  10   0   0   0   2 0.00 0.00 0.00 0.00 0.00 0.00
330   1   8   1   0   0   1 0.00 0.00 0.00 0.00 0.00 0.00
331   0   3   0   0   0   1 0.00 0.00 0.00 0.00 0.00 0.00
332   1   7   1   0   0   1 0.00 0.00 0.00 0.00 0.00 0.00
333   1   3   2   0   0   1 0.00 0.00 0.00 0.00 0.00 0.00
334   1   4   2   0   0   1 0.00 0.00 0.00 0.00 0.00 0.00
335   0   4   0   0   0   1 0.00 0.00 0.00 0.00 0.00 0.00
336   1   7   1   0   0   1 0.00 0.00 0.00 0.00 0.00 0.00
337   1   5   1   0   0   1 0.00 0.00 0.00 0.00 0.00 0.00
338   1   3   2   0   0   1 0.00 0.00 0.00 0.00 0.00 0.00
339   0   1   0   0   0   1 0.00 0.00 0.00 0.00 0.00 0.00
340   1   4   1   0   0   2 0.00 0.00 0.00 0.00 0.00 0.00
341   1   7   2   0   0   2 0.00 0.00 0.00 0.00 0.00 0.00
342   0   4   0   0   0   1 0.00 0.00 0.00 0.00 0.00 0.00
343   1   4   1   0   0   1 0.00 0.00 0.00 0.00 0.00 0.00
344   1   7   2   0   0   1 0.00 0.00 0.00 0.00 0.00 0.00
345   1   1   2   0   0   1 0.00 0.00 0.00 0.00 0.00 0.00
346   1   9   2   0   0   1 0.00 0.00 0.00 0.00 0.00 0.00
347   1   4   1   0   0   1 0.00 0.00 0.00 0.00 0.00 0.00
348   0   2   0   0   0   1 0.00 0.00 0.00 0.00 0.00 0.00
349   1   6   2   0   0   1 0.00 0.00 0.00 0.00 0.00 0.00
350   1   4   1   0   0   2 0.00 0.00 0.00 0.00 0.00 0.00
351   1   5   2   0   0   2 0.00 0.00 0.00 0.00 0.00 0.00
352   1   3   2   0   0   1 0.00 0.00 0.00 0.00 0.00 0.00
353   1   2   1   0   0   1 0.00 0.00 0.00 0.00 0.00 0.00
354   1   4   1   0   0   2 0.00 0.00 0.00 0.00 0.00 0.00
355   1   2   2   0   0   1 0.00 0.00 0.00 0.00 0.00 0.00
356   1   3   2   0   0   2 0.00 0.00 0.00 0.00 0.00 0.00
357   1   7   1   0   0   2 0.00 0.00 0.00 0.00 0.00 0.00
358   1   6   2   0   0   1 0.00 0.00 0.00 0.00 0.00 0.00
359   1   5   1   0   0   2 0.00 0.00 0.00 0.00 0.00 0.00
360   1   3   1   0   0   2 0.00 0.00 0.00 0.00 0.00 0.00
361   1   5   2   0   0   2 0.00 0.00 0.00 0.00 0.00 0.00
362   1   9   1   0   0   2 0.00 0.00 0.00 0.00 0.00 0.00
363   1   4   2   0   0   1 0.00 0.00 0.00 0.00 0.00 0.00
364   1   6   1   0   0   2 0.00 0.00 0.00 0.00 0.00 0.00
365   1   1   2   0   0   2 0.00 0.00 0.00 0.00 0.00 0.00
366   0   6   0   0   0   1 0.00 0.00 0.00 0.00 0.00 0.00
367   1   3   2   0   0   2 0.00 0.00 0.00 0.00 0.00 0.00
368   1   3   1   0   0   2 0.00 0.00 0.00 0.00 0.00 0.00
369   1   2   2   0   0   1 0.00 0.00 0.00 0.00 0.00 0.00
370   1   7   2   0   0   2 0.00 0.00 0.00 0.00 0.00 0.00
371   1   5   1   0   0   2 0.00 0.00 0.00 0.00 0.00 0.00
372   1   7   1   0   0   2 0.00 0.00 0.00 0.00 0.00 0.00
373   1   6   1   0   0   2 0.00 0.00 0.00 0.00 0.00 0.00
374   1   7   2   0   0   1 0.00 0.00 0.00 0.00 0.00 0.00
375   1   1   2   0   0   2 0.00 0.00 0.00 0.00 0.00 0.00
376   0   2   0   0   0   1 0.00 0.00 0.00 0.00 0.00 0.00
377   1   5   2   0   0   2 0.00 0.00 0.00 0.00 0.00 0.00
378   1   3   2   0   0   2 0.00 0.00 0.00 0.00 0.00 0.00
379   1   1   1   0   0   2 0.00 0.00 0.00 0.00 0.00 0.00
380   1   6   1   0   0   1 0.00 0.00 0.00 0.00 0.00 0.00
381   1   1   2   0   0   2 0.00 0.00 0.00 0.00 0.00 0.00
382   1   1   1   0   0   1 0.00 0.00 0.00 0.00 0.00 0.00
383   1   2   1   0   0   2 0.00 0.00 0.00 0.00 0.00 0.00
384   1   1   2   0   0   1 0.00 0.00 0.00 0.00 0.00 0.00
385   1   7   1   0   0   1 0.00 0.00 0.00 0.00 0.00 0.00
386   1   5   2   0   0   2 0.00 0.00 0.00 0.00 0.00 0.00
387   0   8   0   0   0   1 0.00 0.00 0.00 0.00 0.00 0.00
388   0   9   0   0   0   1 0.00 0.00 0.00 0.00 0.00 0.00
389   1   9   1   0   0   2 0.00 0.00 0.00 0.00 0.00 0.00
390   1   4   2   0   0   1 0.00 0.00 0.00 0.00 0.00 0.00
391   1   7   1   0   0   1 0.00 0.00 0.00 0.00 0.00 0.00
392   1   3   2   0   0   2 0.00 0.00 0.00 0.00 0.00 0.00
393   1   8   1   0   0   1 0.00 0.00 0.00 0.00 0.00 0.00
394   1   8   2   0   0   1 0.00 0.00 0.00 0.00 0.00 0.00
395   1   4   1   0   0   1 0.00 0.00 0.00 0.00 0.00 0.00
396   1   3   2   0   0   1 0.00 0.00 0.00 0.00 0.00 0.00
397   1   7   1   0   0   2 0.00 0.00 0.00 0.00 0.00 0.00
398   1   7   2   0   0   1 0.00 0.00 0.00 0.00 0.00 0.00
399   1   5   2   0   0   2 0.00 0.00 0.00 0.00 0.00 0.00
400   1   5   1   0   0   1 0.00 0.00 0.00 0.00 0.00 0.00
401   1   6   2   0   0   2 0.00 0.00 0.00 0.00 0.00 0.00
402   1   1   2   0   0   1 0.00 0.00 0.00 0.00 0.00 0.00
403   1   6   1   0   0   2 0.00 0.00 0.00 0.00 0.00 0.00
404   1   8   1   0   0   2 0.00 0.00 0.00 0.00 0.00 0.00
405   0   9   0   0   0   2 0.00 0.00 0.00 0.00 0.00 0.00
406   1   2   2   0   0   2 0.00 0.00 0.00 0.00 0.00 0.00
407   1   4   1   0   0   1 0.00 0.00 0.00 0.00 0.00 0.00
408   0   5   0   0   0   1 0.00 0.00 0.00 0.00 0.00 0.00
409   1   7   1   0   0   2 0.00 0.00 0.00 0.00 0.00 0.00
410   0  12   0   0   0   2 0.00 0.00 0.00 0.00 0.00 0.00
411   1   5   2   0   0   1 0.00 0.00 0.00 0.00 0.00 0.00
412   1   6   1   0   0   1 0.00 0.00 0.00 0.00 0.00 0.00
413   1   2   1   0   0   2 0.00 0.00 0.00 0.00 0.00 0.00
414   0   9   0   0   0   1 0.00 0.00 0.00 0.00 0.00 0.00
415   1   3   1   0   0   1 0.00 0.00 0.00 0.00 0.00 0.00
416   1   1   1   0   0   1 0.00 0.00 0.00 0.00 0.00 0.00
417   1   9   2   0   0   1 0.00 0.00 0.00 0.00 0.00 0.00
418   1   4   2   0   0   2 0.00 0.00 0.00 0.00 0.00 0.00
419   1   9   1   0   0   2 0.00 0.00 0.00 0.00 0.00 0.00
420   1   8   1   0   0   1 0.00 0.00 0.00 0.00 0.00 0.00
