  1   3   3   0   0   1 0.50 0.50 1.00 1.00   1   1   0   1   1   1   4   3   2
  1   3   6   0   0   2 0.05 0.05 0.50 0.50   0   0   1   1   1   1   3   2   4
  1   3   6   0   0   2 0.05 0.05 0.46 0.46   0   1   1   1   1   3   1   2   4
  0   3   1  -1   1   1 0.00 0.00 0.00 0.00   0   0   0   0   1   1   4   3   2
  1   3   5   0   0   1 0.46 0.46 1.00 0.96   1   1   1   0   1   2   1   4   3
  1   3   4   0   0   2 0.08 0.02 0.42 0.42   1   0   1   1   1   2   4   1   3
  1   3   1   0   0   1 0.42 0.42 0.96 0.96   1   1   1   0   1   3   2   1   4
  0   3  10   4   1   1 0.00 0.00 0.00 0.00   0   0   0   0   1   2   1   3   4
  1   3   4   0   0   2 0.04 0.02 0.38 0.38   0   0   1   1   1   3   1   2   4
  0   3   3   0   1   1 0.00 0.00 0.00 0.00   0   0   0   0   1   1   2   3   4
  1   3   5   0   0   1 0.38 0.38 0.92 0.99   1   1   0   1   1   3   4   2   1
  1   3   4   0   0   2 0.04 0.05 0.34 0.34   0   0   1   1   1   1   3   2   4
  1   3   3   0   0   1 0.34 0.34 0.92 0.95   0   1   1   1   1   1   4   3   2
  1   3   3   0   0   1 0.34 0.30 0.88 0.91   1   1   0   0   1   2   3   4   1
  1   3   2   0   0   2 0.07 0.05 0.30 0.30   0   0   1   1   1   1   3   2   4
  1   3   1   0   0   1 0.30 0.26 0.88 0.91   1   1   1   1   1   2   1   4   3
  1   3   5   0   0   1 0.26 0.22 0.84 0.87   1   1   1   1   1   3   1   2   4
  0   3   6  -3   1   1 0.00 0.00 0.00 0.00   0   0   0   0   1   3   4   1   2
  0   3   2  -4   1   1 0.00 0.00 0.00 0.00   0   0   0   0   1   3   4   1   2
  1   3   4   0   0   2 0.07 0.08 0.26 0.26   0   0   1   0   1   2   1   4   3
  0   3   5   3   1   1 0.00 0.00 0.00 0.00   0   0   0   0   1   2   4   3   1
  1   3   5   0   0   1 0.22 0.18 0.80 0.83   0   0   1   1   1   2   3   4   1
  1   3   6   0   0   2 0.10 0.08 0.22 0.26   0   0   1   0   1   3   2   4   1
  0   3   8  -1   1   1 0.00 0.00 0.00 0.00   0   0   0   0   1   2   4   3   1
  0   3   7  -1   1   1 0.00 0.00 0.00 0.00   0   0   0   0   1   1   2   4   3
  1   3   2   0   0   2 0.10 0.11 0.18 0.29   1   1   1   0   1   1   2   4   3
  1   3   5   0   0   1 0.22 0.18 0.76 0.79   0   1   1   1   1   2   1   4   3
  1   3   5   0   0   1 0.25 0.14 0.72 0.75   1   1   1   1   1   4   1   3   2
  1   3   1   0   0   1 0.21 0.10 0.68 0.71   1   0   1   1   1   2   1   4   3
  1   3   2   0   0   2 0.06 0.07 0.14 0.29   0   0   1   1   1   4   2   1   3
  1   3   2   0   0   2 0.06 0.07 0.10 0.25   0   0   0   1   1   3   2   4   1
  0   3   4   2   1   1 0.00 0.00 0.00 0.00   0   0   0   0   1   2   4   1   3
  1   3   2   0   0   2 0.09 0.10 0.10 0.21   0   0   1   1   1   3   1   2   4
  1   3   1   0   0   1 0.17 0.10 0.64 0.67   0   0   1   1   1   3   1   2   4
  1   3   1   0   0   1 0.17 0.13 0.60 0.63   0   0   1   1   1   1   4   2   3
  1   3   6   0   0   2 0.09 0.10 0.06 0.17   1   0   1   1   1   3   1   2   4
  1   3   6  -2   1   2 0.05 0.13 0.02 0.13   0   0   0   0   1   4   1   3   2
  1   3   2   0   0   2 0.05 0.13 0.02 0.13   1   0   1   0   1   4   1   2   3
  1   3   3   0   0   1 0.20 0.13 0.56 0.59   0   0   1   1   1   3   1   4   2
  1   3   4   0   0   2 0.02 0.16 0.02 0.16   1   0   1   0   1   4   1   2   3
  1   3   4   0   0   2 0.02 0.16 0.02 0.16   0   1   0   1   1   3   1   2   4
  1   3   3   0   0   1 0.20 0.16 0.52 0.55   1   1   0   1   1   2   1   4   3
  0   3   9   5   1   1 0.00 0.00 0.00 0.00   0   0   0   0   1   1   4   3   2
  1   3   1   0   0   1 0.16 0.12 0.52 0.51   0   0   1   1   1   1   3   2   4
  1   3   3   0   0   1 0.16 0.12 0.48 0.47   0   0   1   1   1   4   2   1   3
  1   3   6   2   1   2 0.02 0.12 0.02 0.12   0   0   0   0   1   1   3   2   4
  1   3   3   0   0   1 0.19 0.15 0.44 0.43   0   0   1   1   2   2   3   4   1
  1   3   6   3   1   2 0.05 0.12 0.05 0.12   0   0   0   0   2   4   1   3   2
  1   3   6   4   1   2 0.05 0.15 0.05 0.15   0   0   0   0   2   4   3   2   1
  1   3   5   0   0   1 0.19 0.15 0.40 0.39   0   0   1   1   2   2   1   3   4
  1   3   4   0   0   2 0.08 0.15 0.08 0.15   0   1   0   1   2   4   2   1   3
  1   3   1   0   0   1 0.22 0.18 0.36 0.35   0   0   1   1   2   1   2   3   4
  1   3   4  -1   1   2 0.08 0.11 0.08 0.11   0   0   0   0   2   4   3   1   2
  1   3   5   0   0   1 0.22 0.18 0.32 0.31   0   0   1   1   2   4   1   2   3
  1   3   4   0   0   2 0.11 0.11 0.11 0.11   0   0   1   1   2   2   3   1   4
  1   3   3   0   0   1 0.25 0.21 0.28 0.27   1   0   1   1   2   3   2   1   4
  1   3   3   0   0   1 0.21 0.21 0.24 0.23   1   1   1   1   2   1   3   4   2
  1   3   2   0   0   2 0.11 0.14 0.07 0.07   1   1   1   0   2   1   3   2   4
  1   3   1  -2   1   1 0.17 0.17 0.20 0.19   0   0   0   0   2   3   2   1   4
  1   3   5   0   0   1 0.17 0.17 0.20 0.19   1   1   0   1   2   4   2   3   1
  1   3   4  -1   1   2 0.07 0.10 0.03 0.07   0   0   0   0   2   2   3   1   4
  1   3   5   0   0   1 0.13 0.13 0.23 0.15   1   0   1   0   2   2   1   3   4
  1   3   6   3   1   2 0.07 0.10 0.03 0.10   0   0   0   0   2   3   1   4   2
  1   3   2   0   0   2 0.10 0.13 0.06 0.10   1   1   0   0   2   2   1   4   3
  1   3   5   0   0   1 0.09 0.13 0.19 0.15   0   0   1   1   2   3   2   1   4
  1   3   5  -2   1   1 0.09 0.16 0.15 0.11   0   0   0   0   2   2   4   3   1
  1   3   1   0   1   1 0.12 0.16 0.15 0.11   0   0   0   0   2   4   2   1   3
  1   3   2   0   0   2 0.06 0.09 0.06 0.13   0   0   0   1   2   1   2   4   3
  1   3   2   0   1   2 0.06 0.09 0.09 0.09   0   0   0   0   2   1   2   3   4
  1   3   2   0   1   2 0.09 0.12 0.09 0.09   0   0   0   0   2   2   4   1   3
  1   3   1   0   0   1 0.12 0.19 0.18 0.14   0   1   1   0   2   2   1   4   3
  1   3   1  -1   1   1 0.15 0.15 0.14 0.14   0   0   0   0   2   2   1   4   3
  1   3   6   0   0   2 0.09 0.12 0.12 0.12   0   0   1   0   2   2   3   1   4
  1   3   2   1   1   2 0.12 0.15 0.08 0.12   0   0   0   0   2   4   1   3   2
  1   3   3   0   0   1 0.15 0.15 0.14 0.17   0   1   1   0   2   1   4   2   3
  1   3   4   0   1   2 0.12 0.15 0.08 0.15   0   0   0   0   2   3   4   1   2
  1   3   4   0   0   2 0.15 0.18 0.11 0.15   0   1   0   1   2   1   3   2   4
  1   3   3   0   0   1 0.18 0.11 0.10 0.17   1   1   0   1   2   3   4   2   1
  1   3   1   0   0   1 0.14 0.07 0.10 0.13   1   0   1   1   2   3   4   1   2
  1   3   3   0   0   1 0.10 0.07 0.06 0.09   1   0   0   1   2   2   3   4   1
  1   3   3   2   1   1 0.06 0.10 0.06 0.05   0   0   0   0   3   1   3   4   2
  1   3   5  -3   1   1 0.06 0.10 0.09 0.05   0   0   0   0   3   3   1   2   4
  1   3   4   0   0   2 0.15 0.14 0.11 0.11   1   1   0   0   3   1   2   4   3
  1   3   1   0   1   1 0.09 0.13 0.09 0.08   0   0   0   0   3   2   3   1   4
  1   3   5  -2   1   1 0.09 0.13 0.12 0.08   0   0   0   0   3   1   2   4   3
  1   3   4  -4   1   2 0.11 0.10 0.14 0.11   0   0   0   0   3   1   2   4   3
  1   3   3   0   0   1 0.12 0.16 0.12 0.11   1   0   0   1   3   3   1   4   2
  1   3   3   0   0   1 0.08 0.16 0.15 0.07   0   1   0   0   3   4   1   3   2
  1   3   2   0   0   2 0.11 0.10 0.14 0.14   1   0   1   1   3   4   2   1   3
  1   3   5  -4   1   1 0.08 0.12 0.15 0.07   0   0   0   0   3   2   1   3   4
  1   3   5   0   0   1 0.11 0.12 0.18 0.10   0   1   1   0   3   1   3   2   4
  1   3   2   0   0   2 0.07 0.13 0.10 0.10   0   1   0   1   3   2   4   3   1
  1   3   5   0   0   1 0.11 0.08 0.14 0.10   1   1   0   1   3   4   2   1   3
  1   3   2   1   1   2 0.07 0.09 0.10 0.06   0   0   0   0   3   1   2   3   4
  1   3   1   0   1   1 0.07 0.04 0.14 0.06   0   0   0   0   3   1   3   4   2
  1   3   6   3   1   2 0.10 0.09 0.13 0.06   0   0   0   0   3   2   1   3   4
  1   3   3   3   1   1 0.07 0.04 0.17 0.06   0   0   0   0   3   1   4   2   3
  1   3   4   0   0   2 0.10 0.12 0.13 0.09   1   1   0   1   3   4   1   3   2
  1   3   3   0   0   1 0.10 0.07 0.17 0.09   0   0   1   0   3   2   4   3   1
  1   3   1  -1   1   1 0.10 0.07 0.13 0.09   0   0   0   0   3   3   1   4   2
  1   3   3   0   0   1 0.13 0.10 0.13 0.12   1   0   0   0   3   4   1   3   2
  1   3   4   0   0   2 0.06 0.08 0.16 0.05   0   0   1   0   4   4   2   1   3
  1   3   3   0   0   1 0.09 0.10 0.16 0.12   0   0   1   1   4   2   3   1   4
  1   3   3   0   1   1 0.09 0.13 0.12 0.08   0   0   0   0   4   4   3   2   1
  1   3   2   1   1   2 0.06 0.08 0.12 0.05   0   0   0   0   4   3   4   2   1
  1   3   5   0   0   1 0.12 0.13 0.12 0.08   1   1   1   1   4   4   2   3   1
  1   3   2   1   1   2 0.09 0.11 0.12 0.08   0   0   0   0   4   3   4   1   2
  1   3   5  -7   1   1 0.08 0.09 0.08 0.04   0   0   0   0   4   3   1   4   2
  1   3   4  -2   1   2 0.09 0.11 0.15 0.08   0   0   0   0   4   1   4   2   3
  1   3   3   0   0   1 0.08 0.09 0.08 0.04   0   1   0   0   4   1   3   2   4
  1   3   3   0   0   1 0.11 0.05 0.11 0.07   1   0   1   0   4   2   3   1   4
  1   3   4   0   0   2 0.12 0.14 0.15 0.11   1   1   1   0   5   3   1   2   4
  1   3   3   5   1   1 0.07 0.05 0.07 0.07   0   0   0   0   5   1   3   2   4
  1   3   5  -5   1   1 0.07 0.08 0.07 0.10   0   0   0   0   5   1   2   3   4
  1   3   3   5   1   1 0.10 0.08 0.10 0.10   0   0   0   0   5   1   2   3   4
  1   3   3   4   1   1 0.10 0.11 0.10 0.13   0   0   0   0   5   3   2   1   4
  1   3   4  -6   1   2 0.08 0.10 0.11 0.11   0   0   0   0   6   3   2   1   4
  1   2   5  -5   1   1 0.13 0.11 0.13 0.13   0   0   0   0   1   1   3   2   4
  1   2   4   0   1   2 0.08 0.10 0.11 0.14   0   0   0   0   1   3   1   4   2
  1   2   1   0   0   1 0.13 0.14 0.13 0.16   1   0   1   1   1   3   4   1   2
  0   2   1  -3   1   1 0.00 0.00 0.00 0.00   0   0   0   0   1   1   2   4   3
  1   2   1   0   0   1 0.09 0.14 0.09 0.12   1   1   1   0   1   2   3   4   1
  1   2   5   0   0   1 0.05 0.10 0.05 0.12   0   0   0   1   1   3   1   2   4
  1   2   1   0   1   1 0.05 0.10 0.05 0.08   0   0   0   0   1   1   2   4   3
  1   2   2   0   0   2 0.11 0.13 0.14 0.14   1   1   0   1   1   1   2   3   4
  1   2   2   0   0   2 0.07 0.09 0.14 0.10   0   0   1   1   1   2   4   3   1
  1   2   6   0   0   2 0.07 0.09 0.10 0.06   1   0   1   1   1   3   4   2   1
  0   2  10   6   1   1 0.00 0.00 0.00 0.00   0   0   0   0   1   3   4   1   2
  1   2   6   6   1   2 0.03 0.12 0.06 0.02   0   0   0   0   1   4   2   1   3
  1   2   3   0   0   1 0.08 0.13 0.08 0.08   0   1   0   0   1   1   3   2   4
  1   2   4  -5   1   2 0.03 0.12 0.06 0.02   0   0   0   0   1   2   1   3   4
  1   2   5  -7   1   1 0.08 0.09 0.08 0.11   0   0   0   0   1   4   3   2   1
  1   2   3   0   0   1 0.11 0.09 0.11 0.11   1   0   1   0   1   1   3   2   4
  1   2   3   0   0   1 0.07 0.12 0.07 0.14   1   1   0   0   1   1   2   3   4
  1   2   2   0   0   2 0.06 0.15 0.09 0.05   0   1   0   0   1   3   2   1   4
  1   2   1   0   1   1 0.03 0.08 0.07 0.14   0   0   0   0   1   1   4   3   2
  1   2   3   4   1   1 0.03 0.08 0.10 0.17   0   0   0   0   1   2   1   3   4
  0   2   8  -5   1   1 0.00 0.00 0.00 0.00   0   0   0   0   1   4   1   3   2
  0   2   7  -6   1   1 0.00 0.00 0.00 0.00   0   0   0   0   1   2   4   3   1
  0   2   2   0   1   1 0.00 0.00 0.00 0.00   0   0   0   0   1   4   1   3   2
  0   2   3   1   1   1 0.00 0.00 0.00 0.00   0   0   0   0   1   4   1   3   2
  1   2   6   3   1   2 0.06 0.11 0.09 0.05   0   0   0   0   1   2   4   1   3
  1   2   4  -4   1   2 0.09 0.11 0.12 0.08   0   0   0   0   1   4   1   2   3
  1   2   5  -3   1   1 0.06 0.11 0.10 0.17   0   0   0   0   1   1   2   3   4
  1   2   2   0   0   2 0.09 0.14 0.12 0.08   1   1   0   1   1   2   4   1   3
  1   2   6   4   1   2 0.05 0.10 0.15 0.04   0   0   0   0   1   2   4   1   3
  1   2   1   0   0   1 0.06 0.11 0.13 0.20   0   1   1   0   1   2   1   3   4
  0   2   9   3   1   1 0.00 0.00 0.00 0.00   0   0   0   0   1   2   4   1   3
  0   2   5   5   1   1 0.00 0.00 0.00 0.00   0   0   0   0   1   3   2   4   1
  1   2   3   5   1   1 0.09 0.07 0.09 0.20   0   0   0   0   1   3   1   4   2
  1   2   4  -5   1   2 0.05 0.10 0.15 0.04   0   0   0   0   1   4   2   3   1
  1   2   2   0   0   2 0.08 0.13 0.18 0.07   0   0   1   0   1   3   1   4   2
  0   2   6  -4   1   1 0.00 0.00 0.00 0.00   0   0   0   0   1   1   2   3   4
  1   2   6   0   0   2 0.08 0.13 0.14 0.07   0   1   1   0   1   4   3   2   1
  1   2   1   0   0   1 0.09 0.07 0.09 0.23   0   1   0   1   1   4   1   3   2
  1   2   6   3   1   2 0.11 0.09 0.10 0.10   0   0   0   0   1   2   1   4   3
  0   2   4   3   0   1 0.00 0.00 0.00 0.00   0   0   0   0   1   1   2   4   3
  1   2   4   0   0   2 0.11 0.09 0.10 0.10   1   0   1   1   1   4   3   2   1
  1   2   2   0   1   2 0.07 0.12 0.06 0.06   0   0   0   0   1   3   1   4   2
  1   2   5   0   0   1 0.12 0.03 0.12 0.19   0   0   1   1   1   2   4   3   1
  1   2   3   3   1   1 0.12 0.03 0.08 0.15   0   0   0   0   1   1   4   2   3
  1   2   5   0   0   1 0.15 0.06 0.08 0.15   1   0   1   1   1   4   2   1   3
  1   2   4  -4   1   2 0.07 0.12 0.06 0.06   0   0   0   0   1   2   4   3   1
  1   2   1   0   0   1 0.11 0.06 0.04 0.11   0   0   0   1   2   2   3   4   1
  1   2   1  -3   1   1 0.11 0.09 0.04 0.07   0   0   0   0   2   2   4   1   3
  1   2   5  -8   1   1 0.14 0.09 0.07 0.07   0   0   0   0   2   1   2   3   4
  1   2   2   0   0   2 0.10 0.15 0.09 0.09   1   1   0   0   2   2   3   1   4
  1   2   2   0   0   2 0.06 0.11 0.09 0.09   0   0   1   1   2   4   2   1   3
  1   2   6   7   1   2 0.06 0.11 0.05 0.05   0   0   0   0   2   2   4   1   3
  1   2   3   5   1   1 0.14 0.12 0.07 0.10   0   0   0   0   2   2   4   1   3
  1   2   3   0   0   1 0.17 0.12 0.10 0.10   0   1   0   0   2   1   2   4   3
  1   2   3   0   0   1 0.17 0.08 0.10 0.13   1   1   0   0   2   2   4   3   1
  1   2   2   2   1   2 0.09 0.14 0.05 0.05   0   0   0   0   2   1   2   4   3
  1   2   2   0   0   2 0.09 0.14 0.08 0.08   0   1   0   0   2   4   3   2   1
  1   2   1   0   0   1 0.13 0.04 0.13 0.13   0   0   1   1   2   3   1   2   4
  1   2   2   0   1   2 0.12 0.10 0.08 0.08   0   0   0   0   2   1   3   4   2
  1   2   6   0   0   2 0.12 0.10 0.11 0.11   1   1   0   1   2   4   1   3   2
  1   2   1   0   0   1 0.13 0.04 0.09 0.09   1   1   0   1   2   1   3   2   4
  0   2   4   4   1   1 0.00 0.00 0.00 0.00   0   0   0   0   2   1   4   3   2
  1   2   4  -5   1   2 0.08 0.06 0.11 0.07   0   0   0   0   2   3   4   1   2
  1   2   5  -5   1   1 0.09 0.02 0.09 0.05   0   0   0   0   2   4   1   3   2
  1   2   5  -5   1   1 0.09 0.02 0.12 0.05   0   0   0   0   2   3   4   2   1
  1   2   1   0   0   1 0.12 0.05 0.12 0.08   1   0   0   0   3   2   3   1   4
  1   2   2   0   0   2 0.08 0.06 0.14 0.07   0   0   1   0   3   2   3   4   1
  1   2   2   0   0   2 0.11 0.09 0.10 0.10   1   0   1   1   3   1   4   3   2
  1   2   3   0   0   1 0.08 0.05 0.15 0.08   1   0   1   0   3   2   1   4   3
  1   2   3   0   0   1 0.04 0.08 0.11 0.11   0   0   1   0   3   4   2   1   3
  1   2   2   0   0   2 0.07 0.09 0.06 0.06   0   1   0   0   3   4   1   2   3
  1   2   1   0   0   1 0.04 0.08 0.07 0.11   0   1   1   1   3   3   4   1   2
  1   2   6   4   1   2 0.07 0.05 0.06 0.06   0   0   0   0   3   1   4   2   3
  1   2   1   0   1   1 0.07 0.04 0.03 0.07   0   0   0   0   3   1   2   3   4
  1   2   1  -3   1   1 0.07 0.04 0.03 0.07   0   0   0   0   4   1   4   2   3
  1   2   2   0   0   2 0.10 0.05 0.09 0.09   0   0   1   0   4   2   3   4   1
  1   2   2   0   0   2 0.10 0.08 0.05 0.09   0   1   1   1   4   1   2   4   3
  1   2   3   0   0   1 0.10 0.07 0.06 0.10   1   0   0   1   4   1   3   2   4
  1   2   3   0   1   1 0.06 0.07 0.06 0.06   0   0   0   0   4   2   4   1   3
  1   2   2   0   0   2 0.13 0.04 0.02 0.05   1   0   0   0   4   4   1   2   3
  1   2   1   0   0   1 0.06 0.10 0.09 0.06   0   1   0   0   4   2   4   1   3
  1   2   2   0   1   2 0.09 0.04 0.02 0.05   0   0   0   0   5   4   2   3   1
  1   2   2   0   0   2 0.09 0.07 0.05 0.08   1   0   0   0   5   3   1   4   2
  1   2   3   6   1   1 0.09 0.06 0.09 0.09   0   0   0   0   5   2   4   3   1
  1   2   2   0   1   2 0.05 0.07 0.05 0.08   0   0   0   0   5   4   3   2   1
  1   2   1   0   0   1 0.09 0.06 0.12 0.09   1   0   0   0   5   3   2   4   1
  1   2   2   0   1   2 0.05 0.10 0.08 0.11   0   0   0   0   6   4   3   1   2
  1   2   1  -4   1   1 0.05 0.09 0.12 0.12   0   0   0   0   6   3   4   1   2
  0   4   9   5   1   1 0.00 0.00 0.00 0.00   0   0   0   0   1   3   2   1   4
  1   4   4  -4   1   2 0.08 0.10 0.08 0.11   0   0   0   0   1   3   2   4   1
  1   4   2   0   1   2 0.08 0.13 0.11 0.14   0   0   0   0   1   4   3   2   1
  1   4   3   4   1   1 0.05 0.09 0.15 0.12   0   0   0   0   1   3   4   1   2
  1   4   5  -5   1   1 0.08 0.12 0.15 0.15   0   0   0   0   1   1   3   4   2
  1   4   4  -4   1   2 0.11 0.13 0.11 0.14   0   0   0   0   1   3   1   4   2
  1   4   5   0   0   1 0.08 0.12 0.18 0.15   1   0   1   0   1   3   4   2   1
  1   4   3   0   0   1 0.04 0.15 0.14 0.18   0   1   0   0   1   4   3   2   1
  0   4   5   4   1   1 0.00 0.00 0.00 0.00   0   0   0   0   1   3   1   2   4
  1   4   1   0   0   1 0.04 0.11 0.14 0.18   0   0   1   0   1   2   4   3   1
  1   4   1  -2   1   1 0.07 0.11 0.10 0.21   0   0   0   0   1   1   4   2   3
  1   4   1   0   0   1 0.07 0.14 0.10 0.21   1   1   0   0   1   2   4   3   1
  1   4   5  -5   1   1 0.03 0.10 0.13 0.24   0   0   0   0   1   4   1   3   2
  1   4   1  -2   1   1 0.03 0.10 0.13 0.24   0   0   0   0   1   3   1   4   2
  1   4   1   0   0   1 0.06 0.13 0.16 0.27   0   0   1   1   1   4   2   1   3
  1   4   2   0   0   2 0.11 0.16 0.14 0.17   1   1   0   0   1   2   3   1   4
  1   4   2   0   0   2 0.07 0.12 0.14 0.17   1   0   1   0   1   3   1   4   2
  0   4   4   6   1   1 0.00 0.00 0.00 0.00   0   0   0   0   1   1   2   3   4
  0   4   3  -2   1   1 0.00 0.00 0.00 0.00   0   0   0   0   1   2   1   3   4
  1   4   4  -5   1   2 0.03 0.12 0.10 0.20   0   0   0   0   1   3   4   1   2
  0   4   2   0   1   1 0.00 0.00 0.00 0.00   0   0   0   0   1   1   2   3   4
  1   4   2   0   0   2 0.03 0.15 0.10 0.20   1   1   0   1   1   2   1   4   3
  0   4   1   0   0   1 0.00 0.00 0.00 0.00   0   0   0   0   1   1   2   3   4
  1   4   4   0   0   2 0.02 0.11 0.13 0.16   0   1   0   1   1   4   3   2   1
  1   4   6   5   1   2 0.02 0.07 0.13 0.12   0   0   0   0   1   1   3   4   2
  1   4   5   0   0   1 0.06 0.13 0.12 0.23   1   0   1   1   1   3   4   2   1
  1   4   6   0   0   2 0.05 0.07 0.16 0.12   1   0   1   1   1   3   4   2   1
  1   4   6   6   1   2 0.02 0.10 0.12 0.08   0   0   0   0   1   2   3   1   4
  1   4   3   5   1   1 0.02 0.16 0.08 0.19   0   0   0   0   1   1   4   2   3
  1   4   6   0   0   2 0.02 0.10 0.12 0.08   1   0   1   0   1   3   2   4   1
  0   4   6  -6   1   1 0.00 0.00 0.00 0.00   0   0   0   0   1   2   3   4   1
  1   4   5  -6   1   1 0.02 0.16 0.08 0.19   0   0   0   0   1   1   2   3   4
  0   4   7  -6   1   1 0.00 0.00 0.00 0.00   0   0   0   0   1   2   1   4   3
  1   4   3   0   0   1 0.05 0.19 0.11 0.22   1   1   0   1   1   4   2   1   3
  0   4   8  -6   1   1 0.00 0.00 0.00 0.00   0   0   0   0   1   1   4   2   3
  1   4   2  -1   1   2 0.02 0.13 0.08 0.11   0   0   0   0   1   3   4   1   2
  1   4   4  -5   1   2 0.02 0.13 0.08 0.11   0   0   0   0   1   1   3   4   2
  1   4   6   0   0   2 0.05 0.16 0.11 0.14   1   1   0   0   1   1   4   3   2
  1   4   5  -6   1   1 0.02 0.15 0.11 0.18   0   0   0   0   1   1   3   2   4
  0   4  10   5   1   1 0.00 0.00 0.00 0.00   0   0   0   0   1   2   3   1   4
  1   4   3   0   0   1 0.02 0.15 0.14 0.18   1   0   1   1   1   4   3   1   2
  1   4   1   0   0   1 0.02 0.18 0.10 0.14   1   1   0   1   1   4   2   3   1
  1   4   6   0   0   2 0.02 0.12 0.11 0.14   1   1   0   1   1   2   3   4   1
  1   4   2   0   0   2 0.02 0.08 0.14 0.10   0   1   1   1   1   1   4   2   3
  1   4   4   0   0   2 0.02 0.04 0.10 0.06   0   0   1   1   1   1   4   2   3
  1   4   3   0   0   1 0.02 0.14 0.10 0.10   0   1   1   1   1   1   3   4   2
  1   4   5   0   0   1 0.02 0.10 0.06 0.06   1   1   0   0   2   4   1   3   2
  1   4   3   5   1   1 0.02 0.06 0.06 0.06   0   0   0   0   2   1   3   4   2
  1   4   1   0   0   1 0.02 0.06 0.09 0.09   0   0   1   1   2   3   4   1   2
  1   4   1   0   0   1 0.05 0.09 0.05 0.05   1   0   0   0   2   1   4   2   3
  1   4   1  -2   1   1 0.02 0.09 0.05 0.05   0   0   0   0   2   3   4   1   2
  1   4   2   1   1   2 0.05 0.04 0.06 0.02   0   0   0   0   2   2   3   1   4
  1   4   2   1   1   2 0.05 0.07 0.06 0.02   0   0   0   0   2   4   1   3   2
  1   4   2   1   1   2 0.08 0.07 0.09 0.05   0   0   0   0   2   1   2   4   3
  0   4   1  -6   1   1 0.00 0.00 0.00 0.00   0   0   0   0   2   4   1   3   2
  1   4   4  -7   1   2 0.08 0.10 0.09 0.05   0   0   0   0   2   2   1   4   3
  1   4   5   0   0   1 0.02 0.12 0.08 0.08   0   1   0   0   2   2   4   3   1
  1   4   6   7   1   2 0.11 0.10 0.12 0.08   0   0   0   0   2   3   4   2   1
  1   4   6   0   0   2 0.11 0.13 0.12 0.08   1   0   1   1   2   2   4   1   3
  1   4   3   4   1   1 0.05 0.08 0.08 0.08   0   0   0   0   2   1   3   2   4
  1   4   6   5   1   2 0.07 0.13 0.08 0.04   0   0   0   0   2   1   3   2   4
  1   4   3   0   0   1 0.05 0.08 0.11 0.11   0   0   1   0   2   2   4   1   3
  1   4   1   0   1   1 0.08 0.11 0.07 0.11   0   0   0   0   2   3   2   4   1
  1   4   6   5   1   2 0.07 0.16 0.08 0.04   0   0   0   0   2   3   2   4   1
  1   4   2   0   0   2 0.10 0.16 0.11 0.07   1   1   0   1   2   2   1   4   3
  1   4   4   0   0   2 0.06 0.12 0.11 0.03   0   0   1   0   2   3   4   2   1
  1   4   3   3   1   1 0.08 0.11 0.07 0.14   0   0   0   0   2   4   2   1   3
  1   4   5   0   0   1 0.11 0.14 0.10 0.14   1   1   1   0   3   3   4   2   1
  1   4   1   0   0   1 0.07 0.10 0.06 0.17   0   0   0   1   3   2   4   1   3
  1   4   1   0   1   1 0.07 0.10 0.06 0.13   0   0   0   0   3   3   1   2   4
  1   4   5   0   0   1 0.10 0.13 0.09 0.13   1   0   1   1   3   4   3   1   2
  1   4   6   5   1   2 0.06 0.12 0.07 0.03   0   0   0   0   3   2   3   1   4
  1   4   3   6   1   1 0.06 0.13 0.05 0.09   0   0   0   0   3   1   2   4   3
  1   4   2   0   1   2 0.09 0.15 0.07 0.06   0   0   0   0   3   1   3   4   2
  1   4   4  -4   1   2 0.09 0.15 0.10 0.06   0   0   0   0   3   3   4   2   1
  1   4   5  -5   1   1 0.06 0.16 0.05 0.09   0   0   0   0   4   4   3   2   1
  1   4   1  -5   1   1 0.09 0.16 0.08 0.12   0   0   0   0   4   3   1   4   2
  1   4   5   0   0   1 0.09 0.19 0.08 0.12   1   0   0   0   4   2   4   1   3
  1   4   5   0   0   1 0.05 0.19 0.11 0.15   0   1   1   1   5   3   4   1   2
  1   4   5  -3   1   1 0.05 0.15 0.07 0.11   0   0   0   0   6   2   4   1   3
  1   1   2   0   1   2 0.12 0.18 0.10 0.09   0   0   0   0   1   3   2   1   4
  1   1   1   0   1   1 0.08 0.15 0.07 0.11   0   0   0   0   1   2   4   3   1
  1   1   5   0   0   1 0.08 0.18 0.10 0.14   0   1   1   1   1   3   1   4   2
  0   1   4   5   1   1 0.00 0.00 0.00 0.00   0   0   0   0   1   1   3   2   4
  1   1   5   0   0   1 0.11 0.14 0.06 0.10   1   1   0   1   1   1   2   4   3
  1   1   4   0   0   2 0.12 0.18 0.13 0.09   1   1   1   0   1   3   4   2   1
  0   1   7  -6   1   1 0.00 0.00 0.00 0.00   0   0   0   0   1   4   2   1   3
  1   1   1   0   0   1 0.07 0.10 0.06 0.06   1   1   0   0   1   2   1   3   4
  1   1   3   0   0   1 0.03 0.06 0.09 0.06   1   0   1   1   1   1   4   2   3
  0   1   9   3   1   1 0.00 0.00 0.00 0.00   0   0   0   0   1   4   3   2   1
  1   1   3   6   1   1 0.02 0.06 0.05 0.02   0   0   0   0   1   3   2   4   1
  1   1   2   0   0   2 0.08 0.14 0.09 0.12   1   1   0   1   1   3   2   1   4
  1   1   6   5   1   2 0.04 0.10 0.09 0.08   0   0   0   0   1   3   1   2   4
  1   1   3   6   1   1 0.02 0.09 0.05 0.02   0   0   0   0   1   2   4   1   3
  1   1   5   0   0   1 0.05 0.09 0.08 0.05   1   0   1   1   1   1   2   4   3
  1   1   3   0   0   1 0.02 0.12 0.04 0.02   1   1   0   0   1   4   2   3   1
  1   1   5  -6   1   1 0.02 0.08 0.04 0.02   0   0   0   0   1   2   4   3   1
  1   1   6   6   1   2 0.04 0.10 0.12 0.08   0   0   0   0   1   4   3   2   1
  1   1   4  -6   1   2 0.07 0.13 0.12 0.11   0   0   0   0   1   1   2   3   4
  0   1   6  -6   1   1 0.00 0.00 0.00 0.00   0   0   0   0   1   3   2   1   4
  1   1   5  -7   1   1 0.02 0.08 0.07 0.05   0   0   0   0   1   2   1   3   4
  1   1   6   0   0   2 0.07 0.13 0.15 0.11   1   0   0   0   1   2   1   3   4
  1   1   4   0   0   2 0.03 0.16 0.15 0.14   0   1   1   1   1   3   4   2   1
  1   1   4   0   0   2 0.03 0.12 0.11 0.10   0   0   1   1   1   2   4   3   1
  1   1   2   0   0   2 0.06 0.12 0.07 0.06   1   1   0   0   1   3   4   1   2
  1   1   1   0   1   1 0.05 0.11 0.07 0.05   0   0   0   0   1   4   1   2   3
  1   1   3   1   0   1 0.05 0.11 0.10 0.08   0   1   1   1   1   1   4   2   3
  1   1   6   7   1   2 0.02 0.08 0.07 0.06   0   0   0   0   1   4   2   1   3
  1   1   6   5   1   2 0.02 0.08 0.10 0.09   0   0   0   0   1   1   3   2   4
  0   1  10   5   1   1 0.00 0.00 0.00 0.00   0   0   0   0   1   2   1   4   3
  1   1   2   0   1   2 0.05 0.11 0.10 0.09   0   0   0   0   1   3   4   2   1
  0   1   5   6   1   1 0.00 0.00 0.00 0.00   0   0   0   0   1   4   3   2   1
  1   1   4  -5   1   2 0.05 0.11 0.13 0.12   0   0   0   0   1   4   1   2   3
  1   1   2   0   0   2 0.08 0.14 0.13 0.12   1   1   0   1   1   2   1   4   3
  1   1   5  -6   1   1 0.08 0.07 0.06 0.04   0   0   0   0   1   1   3   2   4
  0   1   2  -3   1   1 0.00 0.00 0.00 0.00   0   0   0   0   1   3   1   4   2
  1   1   4   0   0   2 0.04 0.10 0.16 0.08   0   0   1   1   1   1   4   2   3
  0   1   8  -7   1   1 0.00 0.00 0.00 0.00   0   0   0   0   1   2   3   1   4
  1   1   2   0   1   2 0.04 0.10 0.12 0.04   0   0   0   0   1   1   4   2   3
  1   1   1   0   1   1 0.08 0.07 0.06 0.04   0   0   0   0   1   4   1   3   2
  1   1   3   0   0   1 0.11 0.10 0.09 0.07   1   0   1   1   1   4   1   2   3
  1   1   1   0   1   1 0.07 0.10 0.05 0.03   0   0   0   0   1   3   4   1   2
  1   1   1   0   0   1 0.07 0.13 0.05 0.03   1   1   0   0   1   2   4   1   3
  0   1   3   0   1   1 0.00 0.00 0.00 0.00   0   0   0   0   1   2   3   4   1
  1   1   6   0   0   2 0.07 0.13 0.12 0.04   0   1   1   1   1   4   1   2   3
  0   1   1  -7   1   1 0.00 0.00 0.00 0.00   0   0   0   0   1   2   4   3   1
  1   1   5  -5   1   1 0.03 0.09 0.08 0.06   0   0   0   0   2   1   2   4   3
  1   1   5  -9   1   1 0.03 0.09 0.08 0.06   0   0   0   0   2   4   3   1   2
  1   1   4   0   0   2 0.07 0.09 0.08 0.02   1   0   0   0   2   1   4   2   3
  1   1   1  -3   1   1 0.06 0.12 0.11 0.09   0   0   0   0   2   4   1   3   2
  1   1   3   0   0   1 0.06 0.12 0.11 0.09   1   0   1   1   2   1   2   3   4
  1   1   2   0   1   2 0.03 0.09 0.08 0.02   0   0   0   0   2   2   4   1   3
  1   1   5   0   0   1 0.02 0.15 0.07 0.05   0   1   0   0   2   3   4   1   2
  1   1   3   2   1   1 0.02 0.11 0.07 0.05   0   0   0   0   2   1   2   3   4
  1   1   6   0   0   2 0.03 0.12 0.11 0.05   0   1   0   0   2   3   4   2   1
  1   1   4  -7   1   2 0.06 0.08 0.11 0.05   0   0   0   0   2   2   3   1   4
  1   1   4  -5   1   2 0.06 0.08 0.14 0.08   0   0   0   0   2   3   1   4   2
  1   1   2   0   0   2 0.09 0.11 0.14 0.08   0   1   1   0   2   2   1   4   3
  1   1   3   0   0   1 0.05 0.11 0.10 0.08   0   1   1   0   2   1   4   3   2
  1   1   2   0   1   2 0.09 0.07 0.10 0.11   0   0   0   0   2   1   2   3   4
  1   1   4   0   0   2 0.12 0.07 0.10 0.11   1   0   0   1   2   4   1   3   2
  1   1   3  -1   1   1 0.05 0.07 0.06 0.08   0   0   0   0   2   4   2   1   3
  1   1   1  -5   1   1 0.08 0.07 0.06 0.11   0   0   0   0   2   2   3   1   4
  1   1   6   0   0   2 0.08 0.10 0.13 0.07   0   1   1   0   2   4   2   3   1
  1   1   4  -6   1   2 0.08 0.06 0.09 0.07   0   0   0   0   3   3   2   1   4
  1   1   3   5   1   1 0.08 0.10 0.09 0.11   0   0   0   0   3   2   1   4   3
  1   1   5  -4   1   1 0.11 0.10 0.09 0.14   0   0   0   0   3   2   3   4   1
  1   1   6   6   1   2 0.11 0.06 0.09 0.10   0   0   0   0   3   1   3   2   4
  1   1   2   0   0   2 0.11 0.09 0.12 0.10   1   0   1   1   3   4   1   3   2
  1   1   3   6   1   1 0.11 0.13 0.12 0.14   0   0   0   0   3   2   1   4   3
  1   1   4   0   0   2 0.07 0.09 0.08 0.06   1   0   0   0   3   3   2   1   4
  1   1   6   6   1   2 0.03 0.12 0.08 0.06   0   0   0   0   3   3   2   4   1
  1   1   2   0   1   2 0.03 0.12 0.11 0.09   0   0   0   0   4   1   4   2   3
  1   1   4   0   0   2 0.06 0.15 0.11 0.09   1   1   1   0   4   2   1   3   4
  1   1   4  -5   1   2 0.02 0.11 0.07 0.12   0   0   0   0   5   1   3   4   2
  1   5   1   0   1   1 0.14 0.13 0.12 0.17   0   0   0   0   1   1   3   2   4
  1   5   3   5   1   1 0.14 0.16 0.15 0.17   0   0   0   0   1   4   3   1   2
  1   5   2   0   1   2 0.02 0.11 0.07 0.12   0   0   0   0   1   2   3   1   4
  1   5   6   6   1   2 0.05 0.14 0.10 0.15   0   0   0   0   1   1   4   2   3
  1   5   6   4   1   2 0.05 0.14 0.10 0.15   0   0   0   0   1   1   2   3   4
  1   5   1   0   1   1 0.17 0.16 0.15 0.20   0   0   0   0   1   3   1   2   4
  1   5   5   0   0   1 0.17 0.19 0.18 0.20   1   1   0   0   1   2   4   1   3
  1   5   6   3   1   2 0.08 0.17 0.13 0.18   0   0   0   0   1   1   3   4   2
  1   5   3   3   1   1 0.13 0.15 0.18 0.23   0   0   0   0   1   2   3   1   4
  1   5   4  -3   1   2 0.08 0.17 0.13 0.18   0   0   0   0   1   2   1   4   3
  1   5   3   6   1   1 0.13 0.15 0.21 0.23   0   0   0   0   1   1   3   4   2
  1   5   6   0   0   2 0.11 0.20 0.16 0.21   1   1   0   0   1   1   4   2   3
  1   5   4  -4   1   2 0.07 0.16 0.16 0.21   0   0   0   0   1   4   3   1   2
  1   5   4  -1   0   2 0.07 0.16 0.19 0.24   1   0   1   1   1   4   1   3   2
  1   5   6   3   1   2 0.03 0.19 0.15 0.20   0   0   0   0   1   3   4   1   2
  1   5   2   0   1   2 0.03 0.19 0.15 0.20   0   0   0   0   1   2   4   3   1
  0   5   9   4   1   1 0.00 0.00 0.00 0.00   0   0   0   0   1   3   2   1   4
  1   5   1   0   0   1 0.16 0.18 0.21 0.26   1   1   0   0   1   2   4   3   1
  1   5   2   0   1   2 0.06 0.22 0.18 0.23   0   0   0   0   1   1   2   3   4
  1   5   5   0   0   1 0.12 0.14 0.24 0.26   1   1   0   0   1   2   3   4   1
  1   5   4   0   0   2 0.06 0.22 0.18 0.23   1   1   1   1   1   3   4   2   1
  0   5   3  -2   1   1 0.00 0.00 0.00 0.00   0   0   0   0   1   3   2   1   4
  0   5   8  -6   1   1 0.00 0.00 0.00 0.00   0   0   0   0   1   3   1   2   4
  1   5   5   0   0   1 0.08 0.10 0.24 0.29   0   0   1   1   1   2   4   1   3
  1   5   2   0   1   2 0.02 0.18 0.14 0.19   0   0   0   0   1   3   4   2   1
  1   5   3   6   1   1 0.08 0.10 0.20 0.25   0   0   0   0   1   2   3   4   1
  1   5   5   0   0   1 0.11 0.13 0.20 0.25   1   1   0   0   1   2   1   3   4
  1   5   2   0   1   2 0.02 0.18 0.14 0.19   0   0   0   0   1   2   4   3   1
  1   5   1  -5   1   1 0.07 0.09 0.23 0.28   0   0   0   0   1   4   2   3   1
  1   5   5   0   0   1 0.07 0.09 0.23 0.28   0   0   1   0   1   4   1   3   2
  0   5   4   3   1   1 0.00 0.00 0.00 0.00   0   0   0   0   1   2   3   1   4
  0   5   1  -8   1   1 0.00 0.00 0.00 0.00   0   0   0   0   1   1   2   4   3
  1   5   4  -7   1   2 0.05 0.21 0.17 0.22   0   0   0   0   1   3   1   2   4
  0   5   7  -6   1   1 0.00 0.00 0.00 0.00   0   0   0   0   1   3   4   2   1
  0   5   6  -6   1   1 0.00 0.00 0.00 0.00   0   0   0   0   1   1   2   3   4
  1   5   3   5   1   1 0.10 0.12 0.19 0.31   0   0   0   0   1   1   2   3   4
  1   5   1   0   1   1 0.10 0.12 0.19 0.31   0   0   0   0   1   1   2   4   3
  1   5   1   0   1   1 0.13 0.15 0.22 0.34   0   0   0   0   1   3   4   1   2
  1   5   6   0   0   2 0.05 0.21 0.17 0.22   1   1   0   0   1   1   3   2   4
  1   5   4  -1   0   2 0.02 0.17 0.20 0.25   0   1   1   1   1   2   3   4   1
  0   5  10   6   1   1 0.00 0.00 0.00 0.00   0   0   0   0   1   1   2   3   4
  1   5   3   0   0   1 0.13 0.15 0.22 0.34   0   1   1   1   1   4   3   2   1
  0   5   5   7   1   1 0.00 0.00 0.00 0.00   0   0   0   0   1   4   3   2   1
  1   5   2   0   0   2 0.02 0.13 0.16 0.21   0   1   1   1   1   2   1   3   4
  0   5   2  -7   1   1 0.00 0.00 0.00 0.00   0   0   0   0   1   4   2   1   3
  1   5   5   0   0   1 0.16 0.11 0.18 0.30   1   1   1   1   1   3   2   1   4
  1   5   5   0   0   1 0.12 0.07 0.14 0.26   0   0   1   1   2   4   3   2   1
  1   5   6   6   1   2 0.05 0.09 0.12 0.17   0   0   0   0   2   1   2   3   4
  1   5   4  -6   1   2 0.05 0.09 0.12 0.17   0   0   0   0   2   4   2   3   1
  1   5   1   0   0   1 0.12 0.07 0.10 0.22   1   0   0   1   2   3   2   4   1
  1   5   5   0   1   1 0.08 0.10 0.10 0.18   0   0   0   0   2   4   1   2   3
  1   5   4  -4   1   2 0.08 0.12 0.15 0.20   0   0   0   0   2   4   2   1   3
  1   5   5  -6   1   1 0.08 0.10 0.13 0.18   0   0   0   0   2   1   4   2   3
  1   5   5  -4   1   1 0.11 0.13 0.13 0.21   0   0   0   0   2   3   4   1   2
  1   5   5   0   1   1 0.11 0.13 0.16 0.21   0   0   0   0   2   1   4   3   2
  1   5   6   2   1   2 0.08 0.12 0.15 0.20   0   0   0   0   2   1   4   2   3
  1   5   4  -5   1   2 0.11 0.15 0.18 0.23   0   0   0   0   2   1   4   3   2
  1   5   3   5   1   1 0.14 0.16 0.16 0.24   0   0   0   0   2   2   4   1   3
  1   5   2   0   1   2 0.11 0.15 0.18 0.23   0   0   0   0   2   2   3   4   1
  1   5   5   0   0   1 0.14 0.16 0.19 0.24   1   1   0   0   2   3   4   1   2
  1   5   5   0   1   1 0.10 0.12 0.19 0.27   0   0   0   0   3   4   2   3   1
  1   5   1   0   1   1 0.10 0.12 0.22 0.27   0   0   0   0   3   2   3   1   4
  1   5   5   0   0   1 0.13 0.15 0.22 0.30   0   0   1   0   3   3   1   4   2
  1   5   5   0   0   1 0.13 0.15 0.18 0.30   0   0   1   1   4   4   3   2   1
  1   5   5   0   0   1 0.16 0.18 0.14 0.26   1   1   0   0   5   2   4   3   1
  1   5   5   0   0   1 0.12 0.14 0.14 0.26   1   0   1   0   6   2   4   1   3
  1   5   5   0   0   1 0.08 0.14 0.10 0.29   1   1   1   1   7   4   3   1   2
  1   5   5   0   1   1 0.04 0.10 0.06 0.25   0   0   0   0   8   2   4   1   3
