  1   1   3   8   1   1 0.80 0.80 0.80 0.80   0   0   0   0   1   3   4   1   2
  1   1   5   0   0   1 0.80 0.80 0.80 0.80   1   0   1   1   1   4   1   2   3
  1   1   3   7   1   1 0.76 0.82 0.76 0.76   0   0   0   0   1   4   1   3   2
  1   1   1   0   0   1 0.76 0.82 0.76 0.76   1   1   1   1   1   4   2   1   3
  1   1   1   0   0   1 0.72 0.78 0.72 0.72   1   1   1   1   1   2   3   4   1
  1   1   2   0   0   2 0.40 0.40 0.40 0.40   1   1   1   1   1   1   4   3   2
  1   1   4   0   0   2 0.36 0.36 0.36 0.36   1   0   1   1   1   4   1   2   3
  0   1   9  10   1   1 0.00 0.00 0.00 0.00   0   0   0   0   1   3   2   1   4
  1   1   6   0   0   2 0.32 0.36 0.32 0.32   1   0   1   0   1   2   3   4   1
  1   1   6   0   0   2 0.28 0.38 0.28 0.32   1   1   1   1   1   4   2   1   3
  1   1   6   0   0   2 0.24 0.34 0.24 0.28   1   1   1   0   1   3   1   2   4
  1   1   4   0   0   2 0.20 0.30 0.20 0.28   1   0   1   0   1   1   3   2   4
  1   1   1   0   0   1 0.68 0.74 0.68 0.68   1   1   1   0   1   1   4   3   2
  1   1   4  -3   1   2 0.16 0.30 0.16 0.30   0   0   0   0   1   1   2   4   3
  1   1   3   0   0   1 0.64 0.70 0.64 0.68   1   0   1   1   1   4   3   1   2
  1   1   4  -3   1   2 0.16 0.32 0.16 0.30   0   0   0   0   1   2   1   4   3
  0   1   8 -10   1   1 0.00 0.00 0.00 0.00   0   0   0   0   1   2   4   1   3
  1   1   3   0   0   1 0.60 0.70 0.60 0.64   1   1   1   1   1   2   4   1   3
  1   1   5   0   0   1 0.56 0.66 0.56 0.60   1   0   1   1   1   3   1   2   4
  0   1   7  -7   1   1 0.00 0.00 0.00 0.00   0   0   0   0   1   3   2   1   4
  0   1   4   8   1   1 0.00 0.00 0.00 0.00   0   0   0   0   1   4   3   1   2
  1   1   6   0   0   2 0.18 0.32 0.18 0.32   1   1   1   1   1   2   3   4   1
  1   1   5   0   0   1 0.52 0.66 0.52 0.56   1   0   1   0   1   3   2   4   1
  0   1   2  -2   1   1 0.00 0.00 0.00 0.00   0   0   0   0   1   3   2   1   4
  1   1   2  -6   1   2 0.14 0.28 0.14 0.28   0   0   0   0   1   4   1   2   3
  1   1   6  10   1   2 0.14 0.28 0.14 0.28   0   0   0   0   1   2   4   1   3
  1   1   4  -7   1   2 0.16 0.30 0.16 0.30   0   0   0   0   1   2   3   4   1
  1   1   1   0   0   1 0.48 0.68 0.48 0.56   1   1   1   1   1   4   2   1   3
  1   1   3   0   0   1 0.44 0.64 0.44 0.52   1   0   1   1   1   4   1   2   3
  1   1   2  -4   1   2 0.16 0.30 0.16 0.30   0   0   0   0   1   3   1   2   4
  1   1   2  -4   1   2 0.18 0.32 0.18 0.32   0   0   0   0   1   2   3   1   4
  0   1   6  -9   1   1 0.00 0.00 0.00 0.00   0   0   0   0   1   1   3   4   2
  0   1   5  10   1   1 0.00 0.00 0.00 0.00   0   0   0   0   1   1   3   2   4
  1   1   5   0   0   1 0.40 0.64 0.40 0.48   1   0   1   1   1   3   2   4   1
  0   1  10  10   1   1 0.00 0.00 0.00 0.00   0   0   0   0   1   4   1   3   2
  1   1   2  -2   1   2 0.18 0.32 0.18 0.32   0   0   0   0   1   1   3   2   4
  1   1   6  10   1   2 0.20 0.34 0.20 0.34   0   0   0   0   1   2   4   3   1
  1   1   3   0   0   1 0.36 0.66 0.36 0.44   1   0   1   0   1   4   2   1   3
  1   1   5  -7   1   1 0.32 0.66 0.32 0.44   0   0   0   0   1   4   3   1   2
  1   1   5  -6   1   1 0.32 0.68 0.32 0.46   0   0   0   0   1   3   1   4   2
  1   1   1   0   0   1 0.34 0.68 0.34 0.46   1   1   1   1   1   1   2   4   3
  0   1   1   2   1   1 0.00 0.00 0.00 0.00   0   0   0   0   1   3   4   2   1
  1   1   2   0   1   2 0.20 0.34 0.20 0.34   0   0   0   0   1   2   1   4   3
  0   1   3  -2   1   1 0.00 0.00 0.00 0.00   0   0   0   0   1   2   4   3   1
  1   1   4  -7   1   2 0.22 0.36 0.22 0.36   0   0   0   0   1   3   4   2   1
  1   1   1   0   0   1 0.30 0.64 0.30 0.42   1   0   1   0   1   4   1   3   2
  1   1   5   0   0   1 0.26 0.64 0.26 0.42   1   0   1   1   2   4   1   3   2
  1   1   1  -1   1   1 0.22 0.66 0.22 0.38   0   0   0   0   2   4   1   2   3
  1   1   1  -1   1   1 0.22 0.66 0.22 0.38   0   0   0   0   2   3   1   2   4
  1   1   2  -2   1   2 0.22 0.36 0.22 0.36   0   0   0   0   2   4   1   2   3
  1   1   4  -6   1   2 0.24 0.38 0.24 0.38   0   0   0   0   2   3   4   1   2
  1   1   6   7   1   2 0.24 0.38 0.24 0.38   0   0   0   0   2   3   1   2   4
  1   1   6   7   1   2 0.26 0.40 0.26 0.40   0   0   0   0   2   2   4   1   3
  1   1   6   7   1   2 0.26 0.40 0.26 0.40   0   0   0   0   2   4   3   2   1
  1   1   4   0   0   2 0.28 0.42 0.28 0.42   1   0   0   0   2   2   1   4   3
  1   1   1  -1   1   1 0.24 0.68 0.24 0.40   0   0   0   0   2   2   4   3   1
  1   1   3   0   0   1 0.24 0.68 0.24 0.40   1   0   1   1   2   1   3   2   4
  1   1   3  10   1   1 0.20 0.70 0.20 0.36   0   0   0   0   2   3   4   1   2
  1   1   5   0   0   1 0.20 0.70 0.20 0.36   1   0   1   0   2   4   1   3   2
  1   1   6   0   0   2 0.24 0.42 0.28 0.42   1   0   1   0   2   2   4   1   3
  1   1   5  -8   1   1 0.16 0.72 0.16 0.38   0   0   0   0   2   2   3   4   1
  1   1   1  -1   1   1 0.16 0.72 0.16 0.38   0   0   0   0   2   1   3   4   2
  1   1   3   0   0   1 0.18 0.74 0.18 0.40   0   1   0   1   2   3   4   1   2
  1   1   5   0   0   1 0.18 0.70 0.18 0.36   1   0   1   0   2   2   1   4   3
  1   1   3  10   1   1 0.14 0.70 0.14 0.36   0   0   0   0   2   4   2   1   3
  1   1   1   1   1   1 0.14 0.72 0.14 0.38   0   0   0   0   2   3   1   4   2
  1   1   1   2   1   1 0.16 0.72 0.16 0.38   0   0   0   0   2   1   4   2   3
  1   1   5  -9   1   1 0.16 0.74 0.16 0.40   0   0   0   0   3   4   3   1   2
  1   1   4   0   0   2 0.20 0.44 0.24 0.44   0   1   1   1   3   1   3   2   4
  1   1   3   0   0   1 0.18 0.74 0.18 0.40   1   1   1   1   3   3   4   2   1
  1   1   5   0   0   1 0.14 0.70 0.14 0.36   1   1   0   1   3   4   3   1   2
  1   1   6   0   0   2 0.20 0.40 0.20 0.40   1   1   1   1   3   4   1   3   2
  1   1   3   0   0   1 0.10 0.66 0.14 0.32   0   1   1   0   3   1   4   3   2
  1   1   5   0   0   1 0.10 0.62 0.10 0.32   0   1   0   1   3   2   4   3   1
  1   1   4   0   0   2 0.16 0.36 0.16 0.36   1   1   1   1   4   3   4   2   1
  1   1   3   0   0   1 0.12 0.58 0.10 0.28   0   1   0   1   4   4   2   1   3
  1   1   5   0   0   1 0.12 0.54 0.12 0.24   1   1   0   1   4   2   1   4   3
  1   1   6   0   0   2 0.12 0.32 0.12 0.32   0   1   0   1   4   2   1   4   3
  1   1   3   0   0   1 0.08 0.50 0.12 0.20   0   1   1   1   4   1   2   4   3
  1   1   5   0   0   1 0.08 0.46 0.08 0.16   0   1   0   1   4   3   1   2   4
  1   1   4   0   0   2 0.12 0.28 0.12 0.28   0   1   1   1   5   4   2   1   3
  1   1   3  10   1   1 0.10 0.42 0.08 0.12   0   0   0   0   5   2   3   1   4
  1   1   5   0   0   1 0.10 0.42 0.10 0.12   0   1   0   0   5   4   1   2   3
  1   1   6   0   0   2 0.14 0.24 0.08 0.24   0   1   0   1   5   3   1   2   4
  1   1   3  10   1   1 0.12 0.38 0.10 0.14   0   0   0   0   5   4   3   1   2
  1   1   5   0   0   1 0.12 0.38 0.12 0.14   1   1   1   1   5   3   1   4   2
  1   1   4   0   0   2 0.14 0.20 0.08 0.20   1   1   0   1   6   2   4   3   1
  1   1   5   0   0   1 0.08 0.34 0.08 0.10   0   1   0   0   6   3   1   2   4
  1   1   6   7   1   2 0.10 0.16 0.10 0.16   0   0   0   0   6   4   3   1   2
  1   1   5   0   0   1 0.08 0.30 0.08 0.10   0   1   0   0   6   1   3   2   4
  1   1   4  -3   1   2 0.10 0.16 0.10 0.16   0   0   0   0   7   4   3   1   2
  1   1   5  -9   1   1 0.10 0.26 0.10 0.12   0   0   0   0   7   3   2   4   1
  1   1   5   0   0   1 0.10 0.26 0.10 0.12   0   1   0   0   7   1   4   2   3
  1   1   5   0   0   1 0.12 0.22 0.12 0.14   0   1   0   0   8   3   1   4   2
  1   1   5  -4   1   1 0.12 0.18 0.12 0.14   0   0   0   0   9   1   3   4   2
  1   2   3  10   1   1 0.14 0.18 0.14 0.16   0   0   0   0   1   1   4   2   3
  1   2   1  -1   1   1 0.14 0.20 0.14 0.16   0   0   0   0   1   3   2   1   4
  1   2   3  10   1   1 0.16 0.20 0.16 0.18   0   0   0   0   1   3   4   2   1
  1   2   1  -2   1   1 0.16 0.22 0.16 0.18   0   0   0   0   1   4   3   1   2
  0   2   5  10   1   1 0.00 0.00 0.00 0.00   0   0   0   0   1   3   2   4   1
  0   2   3  -3   1   1 0.00 0.00 0.00 0.00   0   0   0   0   1   3   1   2   4
  1   2   5   0   0   1 0.18 0.22 0.18 0.20   1   0   1   1   1   1   2   3   4
  0   2   2  -1   1   1 0.00 0.00 0.00 0.00   0   0   0   0   1   3   4   2   1
  0   2   1  -1   1   1 0.00 0.00 0.00 0.00   0   0   0   0   1   4   3   1   2
  1   2   1   0   0   1 0.14 0.24 0.14 0.16   1   0   1   0   1   3   2   4   1
  1   2   4  -7   1   2 0.12 0.18 0.12 0.18   0   0   0   0   1   4   2   1   3
  1   2   2   0   1   2 0.12 0.18 0.12 0.18   0   0   0   0   1   3   2   4   1
  1   2   6   4   1   2 0.14 0.20 0.14 0.20   0   0   0   0   1   1   4   3   2
  0   2   4  10   1   1 0.00 0.00 0.00 0.00   0   0   0   0   1   4   3   1   2
  1   2   4  -3   1   2 0.14 0.20 0.14 0.20   0   0   0   0   1   1   3   2   4
  1   2   4   0   0   2 0.16 0.22 0.16 0.22   1   0   1   0   1   1   2   3   4
  1   2   1  -1   1   1 0.10 0.24 0.10 0.16   0   0   0   0   1   3   4   1   2
  0   2   9   4   1   1 0.00 0.00 0.00 0.00   0   0   0   0   1   2   4   1   3
  1   2   4   0   0   2 0.12 0.22 0.12 0.22   0   0   1   0   1   3   2   1   4
  1   2   6   4   1   2 0.12 0.24 0.08 0.24   0   0   0   0   1   2   1   3   4
  1   2   1  -1   1   1 0.10 0.26 0.10 0.18   0   0   0   0   1   2   1   3   4
  1   2   3  10   1   1 0.12 0.26 0.12 0.18   0   0   0   0   1   1   3   4   2
  1   2   5  -6   1   1 0.12 0.28 0.12 0.20   0   0   0   0   1   4   3   1   2
  1   2   6   4   1   2 0.14 0.24 0.08 0.24   0   0   0   0   1   2   3   1   4
  1   2   2   0   1   2 0.14 0.26 0.10 0.26   0   0   0   0   1   2   1   3   4
  1   2   5   0   0   1 0.14 0.28 0.14 0.20   1   0   1   1   1   4   3   1   2
  1   2   6   0   0   2 0.16 0.26 0.10 0.26   1   0   0   0   1   1   2   3   4
  1   2   2   0   1   2 0.12 0.28 0.12 0.28   0   0   0   0   1   1   3   2   4
  1   2   3  10   1   1 0.10 0.30 0.10 0.16   0   0   0   0   1   1   3   2   4
  1   2   6   4   1   2 0.12 0.28 0.12 0.28   0   0   0   0   1   4   3   1   2
  1   2   2   0   0   2 0.14 0.30 0.14 0.30   1   0   1   1   1   2   3   1   4
  1   2   4  -9   1   2 0.10 0.30 0.10 0.26   0   0   0   0   1   2   4   1   3
  1   2   4  -9   1   2 0.10 0.32 0.10 0.26   0   0   0   0   1   2   1   4   3
  1   2   2   0   1   2 0.12 0.32 0.12 0.28   0   0   0   0   1   3   4   2   1
  1   2   5  -3   1   1 0.10 0.30 0.10 0.16   0   0   0   0   1   1   4   2   3
  1   2   3  10   1   1 0.12 0.32 0.12 0.18   0   0   0   0   1   1   4   3   2
  1   2   5  -7   1   1 0.12 0.32 0.12 0.18   0   0   0   0   1   2   1   4   3
  0   2   7  -4   1   1 0.00 0.00 0.00 0.00   0   0   0   0   1   2   3   4   1
  0   2   6  -3   1   1 0.00 0.00 0.00 0.00   0   0   0   0   1   2   4   3   1
  1   2   5   0   0   1 0.14 0.34 0.14 0.20   1   1   1   0   1   2   3   4   1
  1   2   6   0   0   2 0.12 0.34 0.12 0.28   1   1   1   1   1   1   3   4   2
  1   2   2  -1   1   2 0.08 0.30 0.08 0.24   0   0   0   0   1   4   3   2   1
  0   2   8  -7   1   1 0.00 0.00 0.00 0.00   0   0   0   0   1   3   4   1   2
  1   2   1  -2   1   1 0.10 0.30 0.10 0.20   0   0   0   0   1   3   1   2   4
  1   2   3  10   1   1 0.10 0.30 0.10 0.22   0   0   0   0   1   4   1   2   3
  0   2  10   4   1   1 0.00 0.00 0.00 0.00   0   0   0   0   1   1   4   3   2
  1   2   5  -9   1   1 0.12 0.32 0.12 0.22   0   0   0   0   2   2   4   1   3
  1   2   1  -1   1   1 0.12 0.32 0.12 0.24   0   0   0   0   2   4   1   3   2
  1   2   4  -4   1   2 0.08 0.30 0.08 0.24   0   0   0   0   2   2   3   4   1
  1   2   4  -4   1   2 0.10 0.32 0.10 0.26   0   0   0   0   2   2   1   4   3
  1   2   5  -1   1   1 0.14 0.34 0.14 0.24   0   0   0   0   2   4   2   3   1
  1   2   6   4   1   2 0.10 0.32 0.10 0.26   0   0   0   0   2   3   2   1   4
  1   2   2   0   1   2 0.12 0.34 0.12 0.28   0   0   0   0   2   1   4   2   3
  1   2   5  -2   1   1 0.14 0.34 0.14 0.26   0   0   0   0   2   2   3   4   1
  1   2   6   4   1   2 0.12 0.34 0.12 0.28   0   0   0   0   2   3   2   1   4
  1   4   2  -2   1   2 0.14 0.36 0.14 0.30   0   0   0   0   1   3   4   2   1
  1   4   6   4   1   2 0.14 0.36 0.14 0.30   0   0   0   0   1   4   2   1   3
  0   4   7  -9   1   1 0.00 0.00 0.00 0.00   0   0   0   0   1   3   2   1   4
  1   4   3  10   1   1 0.16 0.36 0.16 0.26   0   0   0   0   1   3   4   2   1
  1   4   6   4   1   2 0.16 0.38 0.16 0.32   0   0   0   0   1   1   4   3   2
  1   4   5  -7   1   1 0.16 0.36 0.16 0.28   0   0   0   0   1   3   2   4   1
  0   4   2  -1   1   1 0.00 0.00 0.00 0.00   0   0   0   0   1   4   2   1   3
  1   4   1  -1   1   1 0.18 0.38 0.18 0.28   0   0   0   0   1   1   4   2   3
  0   4  10   5   1   1 0.00 0.00 0.00 0.00   0   0   0   0   1   1   3   4   2
  0   4   1  -2   1   1 0.00 0.00 0.00 0.00   0   0   0   0   1   1   4   3   2
  1   4   4  -7   1   2 0.16 0.38 0.16 0.32   0   0   0   0   1   3   1   2   4
  1   4   6   4   1   2 0.18 0.40 0.18 0.34   0   0   0   0   1   4   2   1   3
  1   4   5  -3   1   1 0.18 0.38 0.18 0.30   0   0   0   0   1   4   1   2   3
  1   4   5  -6   1   1 0.20 0.40 0.20 0.30   0   0   0   0   1   2   1   4   3
  1   4   2   2   1   2 0.18 0.40 0.18 0.34   0   0   0   0   1   2   3   1   4
  1   4   1  -1   1   1 0.20 0.40 0.20 0.32   0   0   0   0   1   4   1   3   2
  1   4   3  10   1   1 0.22 0.42 0.22 0.32   0   0   0   0   1   4   3   2   1
  0   4   8  -3   1   1 0.00 0.00 0.00 0.00   0   0   0   0   1   4   3   1   2
  0   4   5  10   1   1 0.00 0.00 0.00 0.00   0   0   0   0   1   1   2   3   4
  1   4   4  -6   1   2 0.20 0.42 0.20 0.36   0   0   0   0   1   1   2   4   3
  1   4   1  -2   1   1 0.22 0.42 0.22 0.34   0   0   0   0   1   4   1   2   3
  1   4   6   0   0   2 0.20 0.42 0.20 0.36   1   0   1   1   1   1   4   3   2
  1   4   5   0   0   1 0.24 0.44 0.24 0.34   1   0   1   0   1   3   2   1   4
  1   4   2   0   0   2 0.16 0.44 0.16 0.32   1   0   1   0   1   4   1   2   3
  1   4   6   4   1   2 0.12 0.44 0.12 0.32   0   0   0   0   1   2   1   4   3
  0   4   9   5   1   1 0.00 0.00 0.00 0.00   0   0   0   0   1   2   3   1   4
  0   4   6  -4   1   1 0.00 0.00 0.00 0.00   0   0   0   0   1   4   3   1   2
  1   4   5   0   0   1 0.20 0.44 0.20 0.36   0   0   1   0   1   3   4   2   1
  1   4   4  -4   1   2 0.12 0.46 0.12 0.34   0   0   0   0   1   1   2   4   3
  1   4   4  -4   1   2 0.14 0.46 0.14 0.34   0   0   0   0   1   1   4   2   3
  1   4   3   0   0   1 0.20 0.46 0.16 0.36   1   0   1   0   1   2   4   1   3
  1   4   2  -1   1   2 0.14 0.48 0.14 0.36   0   0   0   0   1   4   1   2   3
  1   4   3   0   0   1 0.16 0.46 0.12 0.38   0   0   0   1   1   2   3   1   4
  1   4   4   0   0   2 0.16 0.48 0.16 0.36   1   0   1   0   1   4   2   3   1
  1   4   2  -2   1   2 0.12 0.50 0.12 0.38   0   0   0   0   1   2   1   3   4
  0   4   4  10   1   1 0.00 0.00 0.00 0.00   0   0   0   0   1   1   4   3   2
  1   4   2   0   1   2 0.12 0.50 0.12 0.38   0   0   0   0   1   4   3   1   2
  1   4   3  10   1   1 0.16 0.48 0.12 0.34   0   0   0   0   1   3   2   1   4
  1   4   1   0   0   1 0.18 0.48 0.14 0.34   0   0   1   1   1   4   2   1   3
  1   4   4  -4   1   2 0.14 0.52 0.14 0.40   0   0   0   0   1   4   1   2   3
  1   4   3  10   1   1 0.18 0.50 0.10 0.30   0   0   0   0   1   3   2   1   4
  1   4   6   5   1   2 0.14 0.52 0.14 0.40   0   0   0   0   1   4   1   3   2
  1   4   5  -7   1   1 0.20 0.50 0.10 0.30   0   0   0   0   1   3   1   2   4
  1   4   1   0   0   1 0.20 0.52 0.12 0.32   1   1   1   1   1   3   1   4   2
  0   4   3  -2   1   1 0.00 0.00 0.00 0.00   0   0   0   0   1   2   1   3   4
  1   4   1  -1   1   1 0.16 0.48 0.08 0.28   0   0   0   0   1   4   2   3   1
  1   4   6   5   1   2 0.16 0.54 0.16 0.42   0   0   0   0   2   2   1   4   3
  1   4   5  -7   1   1 0.16 0.48 0.08 0.28   0   0   0   0   2   3   4   2   1
  1   4   2   0   0   2 0.16 0.54 0.16 0.42   0   0   0   1   2   3   2   4   1
  1   4   5   0   0   1 0.18 0.50 0.10 0.30   1   1   0   1   2   4   3   2   1
  1   4   3   0   0   1 0.14 0.46 0.10 0.26   1   1   0   1   2   4   3   2   1
  1   4   3   0   0   1 0.10 0.42 0.12 0.22   1   1   1   1   2   3   1   2   4
  1   4   4  -4   1   2 0.18 0.56 0.18 0.38   0   0   0   0   2   4   1   3   2
  1   4   1   0   0   1 0.06 0.38 0.08 0.18   1   1   0   1   2   4   1   2   3
  1   4   1   0   0   1 0.02 0.34 0.08 0.14   1   1   1   1   2   1   4   3   2
  1   4   2   0   0   2 0.18 0.56 0.18 0.38   1   1   1   1   3   3   1   4   2
  1   4   5   0   0   1 0.02 0.30 0.04 0.10   0   1   0   0   3   4   2   1   3
  1   4   3   0   0   1 0.02 0.26 0.04 0.10   1   1   0   0   3   4   2   1   3
  1   4   3   0   0   1 0.02 0.22 0.06 0.12   1   1   0   1   3   3   4   1   2
  1   4   1   0   0   1 0.02 0.18 0.06 0.08   0   1   0   0   3   3   2   1   4
  1   4   1  -1   1   1 0.02 0.14 0.08 0.08   0   0   0   0   3   2   4   3   1
  1   4   2   0   1   2 0.14 0.52 0.14 0.34   0   0   0   0   4   3   4   2   1
  1   4   5  -3   1   1 0.04 0.14 0.08 0.10   0   0   0   0   4   2   1   4   3
  1   4   3  10   1   1 0.04 0.16 0.10 0.10   0   0   0   0   4   4   2   3   1
  1   4   3  10   1   1 0.06 0.16 0.10 0.12   0   0   0   0   4   3   2   1   4
  1   4   1  -2   1   1 0.06 0.18 0.12 0.12   0   0   0   0   4   1   3   4   2
  1   3   4  -3   1   2 0.14 0.52 0.14 0.34   0   0   0   0   1   2   3   4   1
  1   3   5  -8   1   1 0.08 0.18 0.12 0.14   0   0   0   0   1   2   4   1   3
  1   3   4  -4   1   2 0.16 0.54 0.16 0.36   0   0   0   0   1   1   3   4   2
  0   3   2  -1   1   1 0.00 0.00 0.00 0.00   0   0   0   0   1   3   1   4   2
  1   3   1   0   1   1 0.08 0.20 0.14 0.14   0   0   0   0   1   3   2   1   4
  1   3   3  10   1   1 0.10 0.20 0.14 0.16   0   0   0   0   1   4   3   2   1
  1   3   1  -1   1   1 0.10 0.22 0.16 0.16   0   0   0   0   1   1   4   2   3
  1   3   5  -9   1   1 0.12 0.22 0.16 0.18   0   0   0   0   1   3   4   2   1
  1   3   4  -3   1   2 0.16 0.54 0.16 0.36   0   0   0   0   1   3   4   2   1
  0   3   1  -1   1   1 0.00 0.00 0.00 0.00   0   0   0   0   1   3   2   4   1
  1   3   6   5   1   2 0.18 0.56 0.18 0.38   0   0   0   0   1   3   4   1   2
  1   3   5  -3   1   1 0.12 0.24 0.18 0.18   0   0   0   0   1   2   1   4   3
  1   3   3  10   1   1 0.14 0.24 0.18 0.20   0   0   0   0   1   2   1   4   3
  1   3   6   5   1   2 0.18 0.56 0.18 0.38   0   0   0   0   1   3   1   2   4
  1   3   5  -3   1   1 0.14 0.26 0.20 0.20   0   0   0   0   1   1   3   4   2
  1   3   2   1   1   2 0.20 0.58 0.20 0.40   0   0   0   0   1   4   3   1   2
  0   3  10   7   1   1 0.00 0.00 0.00 0.00   0   0   0   0   1   3   2   1   4
  1   3   1  -1   1   1 0.16 0.26 0.20 0.22   0   0   0   0   1   2   4   3   1
  1   3   4  -4   1   2 0.20 0.58 0.20 0.40   0   0   0   0   1   4   3   2   1
  1   3   6   6   1   2 0.22 0.60 0.22 0.42   0   0   0   0   1   1   3   2   4
  1   3   6   7   1   2 0.22 0.60 0.22 0.42   0   0   0   0   1   1   3   2   4
  1   3   2  -2   1   2 0.24 0.62 0.24 0.44   0   0   0   0   1   1   4   2   3
  0   3   8  -9   1   1 0.00 0.00 0.00 0.00   0   0   0   0   1   4   1   3   2
  1   3   1  -1   1   1 0.16 0.28 0.22 0.22   0   0   0   0   1   3   1   4   2
  0   3   7  -4   1   1 0.00 0.00 0.00 0.00   0   0   0   0   1   4   2   3   1
  1   3   3  10   1   1 0.18 0.28 0.22 0.24   0   0   0   0   1   3   4   1   2
  1   3   2  -2   1   2 0.24 0.62 0.24 0.44   0   0   0   0   1   1   4   2   3
  1   3   6   7   1   2 0.26 0.64 0.26 0.46   0   0   0   0   1   2   1   4   3
  1   3   4  -3   1   2 0.26 0.64 0.26 0.46   0   0   0   0   1   4   3   2   1
  1   3   1  -1   1   1 0.18 0.30 0.24 0.24   0   0   0   0   1   4   1   2   3
  1   3   5  -7   1   1 0.20 0.30 0.24 0.26   0   0   0   0   1   3   4   1   2
  1   3   3  10   1   1 0.20 0.32 0.26 0.26   0   0   0   0   1   2   1   3   4
  1   3   2  -3   1   2 0.28 0.66 0.28 0.48   0   0   0   0   1   4   2   1   3
  0   3   3  -3   1   1 0.00 0.00 0.00 0.00   0   0   0   0   1   2   4   1   3
  1   3   1  -1   1   1 0.22 0.32 0.26 0.28   0   0   0   0   1   4   3   1   2
  1   3   6   7   1   2 0.28 0.66 0.28 0.48   0   0   0   0   1   4   1   2   3
  1   3   3  10   1   1 0.22 0.34 0.28 0.28   0   0   0   0   1   1   2   3   4
  1   3   4  -4   1   2 0.30 0.68 0.30 0.50   0   0   0   0   1   1   4   3   2
  1   3   2  -2   1   2 0.30 0.68 0.30 0.50   0   0   0   0   1   4   2   1   3
  0   3   4  10   1   1 0.00 0.00 0.00 0.00   0   0   0   0   1   1   2   4   3
  0   3   5  10   1   1 0.00 0.00 0.00 0.00   0   0   0   0   1   4   3   1   2
  1   3   2  -1   1   2 0.32 0.70 0.32 0.52   0   0   0   0   1   4   2   3   1
  0   3   6  -8   1   1 0.00 0.00 0.00 0.00   0   0   0   0   1   3   1   2   4
  1   3   3   9   1   1 0.24 0.34 0.28 0.30   0   0   0   0   1   2   1   4   3
  1   3   5  -2   1   1 0.24 0.36 0.30 0.30   0   0   0   0   1   4   2   3   1
  0   3   9   7   1   1 0.00 0.00 0.00 0.00   0   0   0   0   1   1   3   2   4
  1   5   2  -1   1   2 0.32 0.70 0.32 0.52   0   0   0   0   1   2   1   4   3
  1   5   5  -6   1   1 0.26 0.36 0.30 0.32   0   0   0   0   1   2   4   3   1
  1   5   1  -2   1   1 0.26 0.38 0.32 0.32   0   0   0   0   1   2   4   1   3
  1   5   1  -3   1   1 0.28 0.38 0.32 0.34   0   0   0   0   1   3   2   1   4
  1   5   3   9   1   1 0.28 0.40 0.34 0.34   0   0   0   0   1   1   3   4   2
  0   5   3  -3   1   1 0.00 0.00 0.00 0.00   0   0   0   0   1   2   3   4   1
  0   5   8  -6   1   1 0.00 0.00 0.00 0.00   0   0   0   0   1   1   3   2   4
  1   5   3  10   1   1 0.30 0.40 0.34 0.36   0   0   0   0   1   3   4   1   2
  0   5   7  -4   1   1 0.00 0.00 0.00 0.00   0   0   0   0   1   2   3   4   1
  0   5   4  10   1   1 0.00 0.00 0.00 0.00   0   0   0   0   1   1   2   3   4
  1   5   4  -4   1   2 0.34 0.72 0.34 0.54   0   0   0   0   1   1   3   4   2
  1   5   5  -5   1   1 0.30 0.42 0.36 0.36   0   0   0   0   1   3   4   2   1
  1   5   5  -3   1   1 0.32 0.42 0.36 0.38   0   0   0   0   1   1   3   4   2
  0   5   1  -1   1   1 0.00 0.00 0.00 0.00   0   0   0   0   1   2   4   3   1
  0   5   6  -8   1   1 0.00 0.00 0.00 0.00   0   0   0   0   1   4   1   3   2
  1   5   6   7   1   2 0.34 0.72 0.34 0.54   0   0   0   0   1   2   4   1   3
  1   5   4  -3   1   2 0.36 0.74 0.36 0.56   0   0   0   0   1   2   1   3   4
  1   5   4  -3   1   2 0.36 0.74 0.36 0.56   0   0   0   0   1   2   4   3   1
  1   5   1   0   1   1 0.32 0.44 0.38 0.38   0   0   0   0   1   3   4   2   1
  1   5   1   0   1   1 0.34 0.44 0.38 0.40   0   0   0   0   1   1   4   3   2
  1   5   4  -2   1   2 0.38 0.76 0.38 0.58   0   0   0   0   1   2   1   4   3
  1   5   4  -3   1   2 0.38 0.76 0.38 0.58   0   0   0   0   1   3   2   4   1
  1   5   1  -1   1   1 0.34 0.46 0.40 0.40   0   0   0   0   1   1   3   2   4
  1   5   5  -7   1   1 0.36 0.46 0.40 0.42   0   0   0   0   1   3   2   4   1
  1   5   4  -4   1   2 0.40 0.78 0.40 0.60   0   0   0   0   1   1   2   4   3
  1   5   2  -3   1   2 0.40 0.78 0.40 0.60   0   0   0   0   1   4   2   1   3
  1   5   6   7   1   2 0.42 0.80 0.42 0.62   0   0   0   0   1   2   1   3   4
  1   5   3  10   1   1 0.36 0.48 0.42 0.42   0   0   0   0   1   2   1   3   4
  1   5   5  -3   1   1 0.38 0.48 0.42 0.44   0   0   0   0   1   1   3   2   4
  1   5   2  -3   1   2 0.42 0.80 0.42 0.62   0   0   0   0   1   1   3   4   2
  0   5   2  -1   1   1 0.00 0.00 0.00 0.00   0   0   0   0   1   1   2   4   3
  1   5   6   7   1   2 0.44 0.82 0.44 0.64   0   0   0   0   1   2   3   1   4
  0   5  10   7   1   1 0.00 0.00 0.00 0.00   0   0   0   0   1   4   3   2   1
  1   5   2  -2   1   2 0.44 0.82 0.44 0.64   0   0   0   0   1   1   4   3   2
  1   5   6   7   1   2 0.46 0.84 0.46 0.66   0   0   0   0   1   3   1   2   4
  1   5   3  10   1   1 0.38 0.50 0.44 0.44   0   0   0   0   1   2   3   1   4
  1   5   2  -2   1   2 0.46 0.84 0.46 0.66   0   0   0   0   1   4   1   2   3
  1   5   6   5   1   2 0.48 0.86 0.48 0.68   0   0   0   0   1   1   3   4   2
  1   5   6   7   1   2 0.48 0.86 0.48 0.68   0   0   0   0   1   4   1   2   3
  0   5   5  10   1   1 0.00 0.00 0.00 0.00   0   0   0   0   1   2   3   1   4
  1   5   2  -3   1   2 0.50 0.88 0.50 0.70   0   0   0   0   1   4   3   2   1
  1   5   5  -6   1   1 0.40 0.50 0.44 0.46   0   0   0   0   1   3   4   1   2
  0   5   9   6   1   1 0.00 0.00 0.00 0.00   0   0   0   0   1   1   2   3   4
  1   5   3   9   1   1 0.40 0.52 0.46 0.46   0   0   0   0   1   3   1   4   2
  1   5   1  -1   1   1 0.42 0.52 0.46 0.48   0   0   0   0   1   1   3   2   4
  1   5   3   8   1   1 0.42 0.54 0.48 0.48   0   0   0   0   1   1   3   2   4
