  1   4   4   0   0   2 0.20 0.20 0.20 0.20   1   1   1   1   1   1   4   3   2
  1   4   1   0   0   1 0.60 0.60 0.60 0.60   1   1   1   1   1   4   3   2   1
  0   4   7  -2   1   1 0.00 0.00 0.00 0.00   0   0   0   0   1   3   2   4   1
  1   4   5   0   0   1 0.56 0.56 0.56 0.56   1   1   1   1   1   4   3   1   2
  0   4   9  -5   1   1 0.00 0.00 0.00 0.00   0   0   0   0   1   3   1   2   4
  1   4   4   0   0   2 0.16 0.16 0.16 0.16   1   1   1   1   1   4   2   3   1
  0   4   5   3   1   1 0.00 0.00 0.00 0.00   0   0   0   0   1   1   4   3   2
  1   4   5  -3   1   1 0.52 0.52 0.52 0.52   0   0   0   0   1   1   2   4   3
  0   4   3  -9   1   1 0.00 0.00 0.00 0.00   0   0   0   0   1   1   4   2   3
  0   4   4   2   1   1 0.00 0.00 0.00 0.00   0   0   0   0   1   3   1   4   2
  1   4   2   0   0   2 0.12 0.12 0.12 0.12   1   1   0   0   1   1   4   2   3
  1   4   1   0   0   1 0.52 0.52 0.52 0.52   0   0   0   0   1   2   3   1   4
  1   4   4   0   0   2 0.08 0.08 0.12 0.12   0   0   1   1   1   3   1   4   2
  1   4   2   0   0   2 0.08 0.08 0.08 0.08   0   1   1   1   1   4   2   1   3
  1   4   6   5   1   2 0.10 0.04 0.04 0.04   0   0   0   0   1   4   2   1   3
  1   4   6   0   0   2 0.10 0.04 0.04 0.04   1   0   0   0   1   4   2   3   1
  1   4   1   0   0   1 0.54 0.54 0.54 0.54   1   1   1   1   1   2   4   1   3
  1   4   5   0   0   1 0.50 0.50 0.50 0.50   1   1   1   1   1   3   2   4   1
  1   4   1   0   0   1 0.46 0.46 0.46 0.46   1   1   1   1   1   3   4   2   1
  1   4   6   2   1   2 0.06 0.06 0.06 0.06   0   0   0   0   1   3   1   4   2
  1   4   4   0   0   2 0.06 0.06 0.06 0.06   0   0   1   1   1   3   1   4   2
  1   4   3   1   1   1 0.42 0.42 0.42 0.42   0   0   0   0   1   1   2   3   4
  1   4   3   0   0   1 0.42 0.42 0.42 0.42   1   1   1   1   1   4   2   1   3
  1   4   3   0   0   1 0.38 0.38 0.38 0.38   1   1   1   1   1   1   4   3   2
  1   4   6   0   0   2 0.08 0.08 0.02 0.02   1   0   0   0   1   2   3   4   1
  0   4   1  -1   1   1 0.00 0.00 0.00 0.00   0   0   0   0   1   4   1   2   3
  1   4   3   0   0   1 0.34 0.34 0.34 0.34   1   1   1   1   1   1   2   4   3
  1   4   5   0   0   1 0.30 0.30 0.30 0.30   1   1   1   1   1   3   1   4   2
  0   4   2  -2   1   1 0.00 0.00 0.00 0.00   0   0   0   0   1   1   2   4   3
  1   4   1   0   0   1 0.26 0.26 0.26 0.26   1   1   1   1   1   4   2   3   1
  1   4   2   5   1   2 0.04 0.08 0.02 0.02   0   0   0   0   1   3   2   4   1
  1   4   3   0   0   1 0.22 0.22 0.22 0.22   1   1   1   1   1   1   2   4   3
  1   4   2   6   1   2 0.04 0.10 0.04 0.04   0   0   0   0   1   1   4   2   3
  1   4   3   0   0   1 0.18 0.18 0.18 0.18   1   1   1   1   1   1   3   2   4
  1   4   4  -7   1   2 0.06 0.10 0.04 0.04   0   0   0   0   1   2   3   1   4
  1   4   2  -1   1   2 0.06 0.12 0.06 0.06   0   0   0   0   1   1   2   3   4
  1   4   5   0   0   1 0.14 0.14 0.14 0.14   1   1   1   1   1   1   3   4   2
  1   4   4   0   0   2 0.08 0.12 0.06 0.06   1   0   1   0   1   2   3   4   1
  0   4   8  -9   1   1 0.00 0.00 0.00 0.00   0   0   0   0   1   4   3   2   1
  0   4   6 -10   1   1 0.00 0.00 0.00 0.00   0   0   0   0   1   2   1   3   4
  1   4   2   0   0   2 0.04 0.14 0.02 0.08   0   1   0   1   1   1   3   2   4
  1   4   6  10   1   2 0.04 0.10 0.02 0.04   0   0   0   0   1   4   3   1   2
  1   4   1   0   0   1 0.10 0.10 0.10 0.10   1   1   1   1   1   4   2   3   1
  0   4  10   9   1   1 0.00 0.00 0.00 0.00   0   0   0   0   1   1   4   2   3
  1   4   5   0   0   1 0.06 0.06 0.06 0.06   0   0   1   1   1   1   2   4   3
  1   4   6   7   1   2 0.06 0.10 0.04 0.04   0   0   0   0   1   4   2   1   3
  1   4   4   0   0   2 0.06 0.12 0.04 0.06   0   1   0   0   2   4   1   3   2
  1   4   1  -2   1   1 0.06 0.06 0.02 0.02   0   0   0   0   2   1   4   2   3
  1   4   5   0   0   1 0.08 0.08 0.02 0.02   1   1   0   0   2   3   4   2   1
  1   4   4   0   0   2 0.08 0.08 0.06 0.06   1   1   1   1   2   4   3   1   2
  1   4   2   1   1   2 0.04 0.04 0.02 0.02   0   0   0   0   2   4   3   2   1
  1   4   1  -2   1   1 0.04 0.04 0.04 0.04   0   0   0   0   2   1   4   2   3
  1   4   4   0   0   2 0.04 0.04 0.02 0.02   1   0   0   0   2   2   3   1   4
  1   4   2  -2   1   2 0.02 0.06 0.04 0.04   0   0   0   0   2   2   3   1   4
  1   4   6   5   1   2 0.02 0.06 0.04 0.04   0   0   0   0   2   1   4   3   2
  1   4   1  -1   1   1 0.04 0.04 0.04 0.04   0   0   0   0   2   4   1   2   3
  1   4   5  -5   1   1 0.06 0.06 0.06 0.06   0   0   0   0   2   3   4   1   2
  1   4   1  -1   1   1 0.06 0.06 0.06 0.06   0   0   0   0   2   3   2   4   1
  1   4   4   0   0   2 0.04 0.08 0.06 0.06   0   0   0   1   2   1   3   2   4
  1   4   3   0   0   1 0.08 0.08 0.08 0.08   1   1   1   1   2   1   3   4   2
  1   4   3   5   1   1 0.04 0.04 0.04 0.04   0   0   0   0   2   3   2   1   4
  1   4   6  10   1   2 0.04 0.08 0.06 0.02   0   0   0   0   2   4   2   1   3
  1   4   3   5   1   1 0.04 0.04 0.04 0.04   0   0   0   0   2   4   3   2   1
  1   4   5   0   1   1 0.06 0.06 0.06 0.06   0   0   0   0   2   2   3   1   4
  1   4   1  -1   1   1 0.06 0.06 0.06 0.06   0   0   0   0   2   4   3   2   1
  1   4   3   0   0   1 0.08 0.08 0.08 0.08   1   1   1   1   2   4   1   3   2
  1   4   3   2   1   1 0.04 0.04 0.04 0.04   0   0   0   0   2   4   2   1   3
  1   4   5  -1   1   1 0.04 0.04 0.04 0.04   0   0   0   0   2   4   2   1   3
  1   4   4   0   0   2 0.06 0.10 0.08 0.02   0   1   1   0   2   3   1   4   2
  1   4   2   1   1   2 0.06 0.06 0.04 0.04   0   0   0   0   2   2   1   3   4
  1   4   1  -1   1   1 0.06 0.06 0.06 0.06   0   0   0   0   2   3   2   1   4
  1   4   5  -1   1   1 0.06 0.06 0.06 0.06   0   0   0   0   2   2   1   3   4
  1   4   4   0   0   2 0.08 0.06 0.04 0.04   1   0   0   0   3   3   4   1   2
  1   4   5   0   0   1 0.08 0.08 0.08 0.08   1   1   1   1   3   4   1   2   3
  1   4   4   0   0   2 0.04 0.08 0.06 0.06   0   0   1   0   3   2   1   4   3
  1   4   4  -9   1   2 0.04 0.08 0.02 0.06   0   0   0   0   3   1   3   4   2
  1   4   4  -6   1   2 0.06 0.10 0.02 0.08   0   0   0   0   3   2   3   1   4
  1   4   3   2   1   1 0.04 0.04 0.04 0.04   0   0   0   0   3   2   4   3   1
  1   4   3   5   1   1 0.04 0.04 0.04 0.04   0   0   0   0   3   3   1   4   2
  1   4   4   0   0   2 0.06 0.10 0.04 0.08   0   1   0   1   3   2   4   1   3
  1   4   4  -1   1   2 0.08 0.06 0.04 0.04   0   0   0   0   4   2   3   4   1
  1   4   5   0   0   1 0.06 0.06 0.06 0.06   0   0   1   1   4   3   2   1   4
  1   4   4   0   0   2 0.08 0.06 0.06 0.04   1   0   1   0   4   4   3   2   1
  1   4   4  -2   1   2 0.04 0.08 0.02 0.06   0   0   0   0   4   1   3   2   4
  1   4   5  -9   1   1 0.06 0.06 0.02 0.02   0   0   0   0   5   2   3   1   4
  1   4   4 -10   1   2 0.04 0.08 0.02 0.06   0   0   0   0   5   1   3   4   2
  1   1   2   0   0   2 0.06 0.10 0.04 0.08   1   1   1   1   1   3   4   2   1
  0   1   4   2   1   1 0.00 0.00 0.00 0.00   0   0   0   0   1   4   3   2   1
  1   1   1   0   1   1 0.08 0.08 0.02 0.02   0   0   0   0   1   3   1   4   2
  0   1   5   7   1   1 0.00 0.00 0.00 0.00   0   0   0   0   1   3   2   1   4
  1   1   4  -2   1   2 0.02 0.06 0.02 0.04   0   0   0   0   1   3   4   1   2
  1   1   2   1   1   2 0.02 0.06 0.02 0.04   0   0   0   0   1   3   2   4   1
  1   1   4   0   1   2 0.04 0.08 0.04 0.06   0   0   0   0   1   4   1   2   3
  1   1   4  -5   1   2 0.04 0.08 0.04 0.06   0   0   0   0   1   4   3   1   2
  1   1   1   0   0   1 0.08 0.08 0.04 0.04   1   0   0   0   1   3   2   4   1
  1   1   5   0   0   1 0.04 0.10 0.04 0.04   0   1   0   0   1   3   1   2   4
  1   1   5   0   0   1 0.04 0.06 0.06 0.06   0   0   1   1   1   4   3   2   1
  1   1   6   0   0   2 0.06 0.10 0.06 0.08   0   1   1   1   1   3   4   1   2
  1   1   6   0   0   2 0.06 0.06 0.02 0.04   0   0   0   0   1   1   2   4   3
  1   1   2   2   1   2 0.08 0.06 0.02 0.04   0   0   0   0   1   4   3   1   2
  0   1   3   1   1   1 0.00 0.00 0.00 0.00   0   0   0   0   1   1   2   4   3
  1   1   5   0   0   1 0.06 0.06 0.02 0.02   1   0   0   0   1   3   2   1   4
  0   1  10   5   1   1 0.00 0.00 0.00 0.00   0   0   0   0   1   2   4   3   1
  1   1   3   2   1   1 0.02 0.08 0.02 0.02   0   0   0   0   1   2   4   3   1
  1   1   3   7   1   1 0.02 0.08 0.04 0.04   0   0   0   0   1   1   2   3   4
  1   1   1  -6   1   1 0.04 0.10 0.04 0.04   0   0   0   0   1   3   4   2   1
  1   1   3   0   0   1 0.04 0.10 0.06 0.06   0   0   1   1   1   2   4   1   3
  1   1   6   0   0   2 0.08 0.08 0.04 0.06   1   1   1   1   1   3   1   4   2
  1   1   4  -9   1   2 0.04 0.04 0.02 0.02   0   0   0   0   1   3   2   1   4
  1   1   6   5   1   2 0.04 0.04 0.02 0.02   0   0   0   0   1   1   2   3   4
  1   1   6   0   0   2 0.06 0.06 0.04 0.04   0   0   0   0   1   3   2   4   1
  1   1   1   0   0   1 0.06 0.12 0.02 0.02   0   1   0   0   1   3   4   2   1
  0   1   6  -2   1   1 0.00 0.00 0.00 0.00   0   0   0   0   1   4   1   2   3
  0   1   2  -1   1   1 0.00 0.00 0.00 0.00   0   0   0   0   1   1   3   4   2
  1   1   1  -2   1   1 0.06 0.08 0.02 0.02   0   0   0   0   1   1   2   4   3
  1   1   5   0   0   1 0.08 0.08 0.04 0.04   1   0   0   0   1   4   3   2   1
  1   1   5   0   0   1 0.04 0.10 0.04 0.04   0   1   0   0   1   3   4   1   2
  1   1   2   1   1   2 0.06 0.06 0.04 0.04   0   0   0   0   1   3   4   2   1
  1   1   3   0   0   1 0.04 0.06 0.06 0.06   0   1   1   1   1   1   4   2   3
  1   1   4   0   0   2 0.08 0.08 0.06 0.06   1   1   1   1   1   4   3   1   2
  1   1   2  -2   1   2 0.04 0.04 0.02 0.02   0   0   0   0   1   2   4   3   1
  1   1   3   5   1   1 0.06 0.02 0.02 0.02   0   0   0   0   1   4   3   2   1
  0   1   9   5   1   1 0.00 0.00 0.00 0.00   0   0   0   0   1   2   3   1   4
  1   1   2   0   1   2 0.04 0.04 0.02 0.02   0   0   0   0   1   1   2   4   3
  1   1   1  -2   1   1 0.06 0.02 0.02 0.02   0   0   0   0   1   4   2   1   3
  0   1   1  -5   1   1 0.00 0.00 0.00 0.00   0   0   0   0   1   2   4   3   1
  1   1   3   2   1   1 0.08 0.04 0.04 0.04   0   0   0   0   1   3   1   4   2
  0   1   8  -2   1   1 0.00 0.00 0.00 0.00   0   0   0   0   1   1   3   2   4
  1   1   4  -7   1   2 0.06 0.06 0.04 0.04   0   0   0   0   1   1   4   2   3
  0   1   7 -10   1   1 0.00 0.00 0.00 0.00   0   0   0   0   1   1   2   3   4
  1   1   5   0   0   1 0.08 0.04 0.04 0.04   1   0   0   0   1   3   1   4   2
  1   1   6   5   1   2 0.06 0.06 0.04 0.04   0   0   0   0   1   3   2   4   1
  1   1   2   0   0   2 0.08 0.08 0.06 0.06   1   1   1   1   2   3   4   1   2
  1   1   1   0   0   1 0.04 0.06 0.06 0.06   0   0   1   1   2   4   3   1   2
  1   1   5  -1   1   1 0.04 0.06 0.02 0.02   0   0   0   0   2   3   4   1   2
  1   1   5   0   0   1 0.06 0.08 0.02 0.02   0   1   0   0   2   2   3   4   1
  1   1   6   2   1   2 0.04 0.04 0.02 0.02   0   0   0   0   2   2   3   4   1
  1   1   6   2   1   2 0.04 0.04 0.02 0.02   0   0   0   0   2   2   4   3   1
  1   1   5   0   1   1 0.06 0.04 0.04 0.04   0   0   0   0   2   2   3   1   4
  1   1   3   0   0   1 0.08 0.04 0.04 0.04   1   0   0   0   2   1   4   2   3
  1   1   6   5   1   2 0.06 0.06 0.04 0.04   0   0   0   0   2   2   4   1   3
  1   1   6   5   1   2 0.06 0.06 0.04 0.04   0   0   0   0   2   2   3   4   1
  1   1   1   0   0   1 0.04 0.06 0.06 0.06   0   0   1   1   2   4   3   2   1
  1   1   5   0   1   1 0.04 0.06 0.02 0.02   0   0   0   0   2   2   1   4   3
  1   1   5   0   0   1 0.06 0.08 0.02 0.02   1   1   0   0   2   1   2   4   3
  1   1   3   2   1   1 0.02 0.04 0.04 0.04   0   0   0   0   2   1   4   3   2
  1   1   4   0   0   2 0.08 0.08 0.06 0.06   1   1   1   1   2   4   1   3   2
  1   1   5   0   1   1 0.02 0.04 0.04 0.04   0   0   0   0   2   2   3   4   1
  1   1   2   1   1   2 0.04 0.04 0.02 0.02   0   0   0   0   3   1   3   4   2
  1   1   1   0   0   1 0.04 0.06 0.06 0.06   0   0   1   1   3   3   2   1   4
  1   1   5   0   1   1 0.04 0.06 0.02 0.02   0   0   0   0   3   2   1   3   4
  1   1   3   2   1   1 0.06 0.08 0.02 0.02   0   0   0   0   3   3   4   1   2
  1   1   1  -1   1   1 0.06 0.08 0.04 0.04   0   0   0   0   3   2   3   4   1
  1   1   5   0   0   1 0.08 0.10 0.04 0.04   1   1   0   0   3   3   2   1   4
  1   1   4  -1   1   2 0.04 0.04 0.02 0.02   0   0   0   0   3   2   4   3   1
  1   1   1   0   0   1 0.04 0.06 0.06 0.06   0   0   1   1   4   3   1   2   4
  1   1   5  -1   1   1 0.04 0.06 0.02 0.02   0   0   0   0   4   4   1   2   3
  1   1   1   0   0   1 0.06 0.08 0.02 0.02   0   1   0   0   5   1   4   2   3
  1   1   1  -1   1   1 0.06 0.04 0.04 0.04   0   0   0   0   6   1   2   4   3
  1   2   5   0   0   1 0.08 0.04 0.04 0.04   1   0   0   0   1   1   3   4   2
  1   2   3   0   0   1 0.04 0.06 0.06 0.06   0   0   1   0   1   1   3   2   4
  0   2   6  -6   1   1 0.00 0.00 0.00 0.00   0   0   0   0   1   3   2   1   4
  1   2   6   3   1   2 0.06 0.06 0.04 0.04   0   0   0   0   1   3   2   1   4
  1   2   3   3   1   1 0.04 0.06 0.02 0.06   0   0   0   0   1   1   3   4   2
  1   2   2   0   0   2 0.06 0.06 0.04 0.04   1   1   0   0   1   4   1   2   3
  1   2   5   0   0   1 0.06 0.08 0.02 0.08   0   1   0   1   1   1   3   4   2
  1   2   1   0   1   1 0.06 0.04 0.04 0.04   0   0   0   0   1   3   1   4   2
  1   2   1   0   0   1 0.08 0.04 0.04 0.04   1   0   0   0   1   2   3   4   1
  1   2   2   0   0   2 0.02 0.02 0.06 0.06   0   0   1   1   1   3   2   1   4
  1   2   2   0   1   2 0.02 0.02 0.02 0.02   0   0   0   0   1   4   1   2   3
  0   2  10   5   1   1 0.00 0.00 0.00 0.00   0   0   0   0   1   4   1   2   3
  0   2   7   0   1   1 0.00 0.00 0.00 0.00   0   0   0   0   1   3   4   2   1
  1   2   3   0   0   1 0.04 0.06 0.06 0.06   0   0   1   1   1   1   4   2   3
  1   2   6   2   1   2 0.04 0.04 0.02 0.02   0   0   0   0   1   3   1   4   2
  1   2   6   1   1   2 0.04 0.04 0.04 0.04   0   0   0   0   1   3   2   1   4
  0   2   9   3   1   1 0.00 0.00 0.00 0.00   0   0   0   0   1   3   2   4   1
  1   2   1  -1   1   1 0.04 0.06 0.02 0.02   0   0   0   0   1   1   3   4   2
  1   2   4  -5   1   2 0.06 0.06 0.04 0.04   0   0   0   0   1   3   2   4   1
  0   2   3  -1   1   1 0.00 0.00 0.00 0.00   0   0   0   0   1   2   1   4   3
  1   2   6   0   0   2 0.06 0.06 0.06 0.06   0   0   1   1   1   4   3   2   1
  0   2   8  -1   1   1 0.00 0.00 0.00 0.00   0   0   0   0   1   1   4   3   2
  1   2   3   0   0   1 0.06 0.08 0.02 0.02   1   1   0   0   1   3   2   4   1
  1   2   2   0   0   2 0.08 0.08 0.02 0.02   1   1   0   0   1   3   2   4   1
  0   2   5   5   1   1 0.00 0.00 0.00 0.00   0   0   0   0   1   2   1   4   3
  1   2   5  -1   1   1 0.02 0.04 0.04 0.04   0   0   0   0   1   3   1   2   4
  0   2   1 -10   1   1 0.00 0.00 0.00 0.00   0   0   0   0   1   1   4   2   3
  1   2   1  -5   1   1 0.02 0.04 0.04 0.04   0   0   0   0   1   3   4   2   1
  1   2   5   0   0   1 0.04 0.06 0.06 0.06   0   0   1   1   1   1   3   4   2
  1   2   3   3   1   1 0.04 0.06 0.02 0.02   0   0   0   0   1   2   1   4   3
  1   2   4  -2   1   2 0.04 0.04 0.02 0.02   0   0   0   0   1   1   2   4   3
  0   2   2  -2   1   1 0.00 0.00 0.00 0.00   0   0   0   0   1   1   2   4   3
  0   2   4   2   1   1 0.00 0.00 0.00 0.00   0   0   0   0   1   3   4   1   2
  1   2   1  -1   1   1 0.06 0.08 0.02 0.02   0   0   0   0   1   3   1   2   4
  1   2   3   3   1   1 0.06 0.08 0.04 0.04   0   0   0   0   1   1   3   4   2
  1   2   5   0   0   1 0.08 0.10 0.04 0.04   1   1   0   0   1   1   3   4   2
  1   2   6   3   1   2 0.04 0.04 0.04 0.04   0   0   0   0   1   1   4   2   3
  1   2   6   3   1   2 0.06 0.06 0.04 0.04   0   0   0   0   1   1   4   2   3
  1   2   2   0   0   2 0.06 0.06 0.06 0.06   0   0   1   1   1   1   2   4   3
  1   2   1   0   0   1 0.04 0.06 0.06 0.06   0   0   1   1   1   3   1   4   2
  1   2   4   0   0   2 0.08 0.08 0.02 0.02   1   1   0   0   1   1   3   2   4
  1   2   4  -2   1   2 0.04 0.04 0.02 0.02   0   0   0   0   1   2   4   1   3
  1   2   2   2   1   2 0.04 0.04 0.04 0.04   0   0   0   0   1   1   2   3   4
  1   2   5  -2   1   1 0.04 0.06 0.02 0.02   0   0   0   0   1   3   1   4   2
  1   2   4  -2   1   2 0.06 0.06 0.04 0.04   0   0   0   0   1   3   2   4   1
  1   2   4  -5   1   2 0.06 0.06 0.06 0.06   0   0   0   0   1   1   2   4   3
  1   2   5   0   1   1 0.06 0.08 0.02 0.02   0   0   0   0   2   2   3   1   4
  1   2   3   2   1   1 0.06 0.08 0.04 0.04   0   0   0   0   2   1   2   4   3
  1   2   2   1   1   2 0.08 0.08 0.06 0.06   0   0   0   0   2   4   2   3   1
  1   2   5   0   0   1 0.08 0.10 0.04 0.04   1   1   0   0   2   3   2   4   1
  1   2   1   0   0   1 0.04 0.06 0.06 0.06   0   0   1   1   2   1   3   2   4
  1   2   2   0   0   2 0.08 0.08 0.08 0.08   1   1   1   1   2   1   4   3   2
  1   2   3   3   1   1 0.04 0.06 0.02 0.02   0   0   0   0   2   2   3   4   1
  1   2   6   0   0   2 0.04 0.04 0.04 0.04   0   0   1   1   2   2   3   4   1
  1   2   3  10   1   1 0.06 0.08 0.02 0.02   0   0   0   0   2   4   3   2   1
  1   2   2   1   1   2 0.04 0.04 0.02 0.02   0   0   0   0   2   2   3   4   1
  1   2   5   0   0   1 0.06 0.08 0.04 0.04   0   1   0   0   2   4   3   1   2
  1   2   5   0   0   1 0.08 0.04 0.04 0.04   1   0   0   0   2   4   2   3   1
  1   2   2   1   1   2 0.06 0.06 0.02 0.02   0   0   0   0   2   3   4   1   2
  1   2   1   0   0   1 0.04 0.04 0.06 0.06   0   0   1   1   2   3   1   4   2
  1   2   4   0   0   2 0.06 0.06 0.04 0.04   1   0   0   0   2   2   4   3   1
  1   2   5  -2   1   1 0.04 0.06 0.02 0.02   0   0   0   0   3   2   3   4   1
  1   2   1  -1   1   1 0.06 0.06 0.02 0.02   0   0   0   0   3   3   4   2   1
  1   2   2   2   1   2 0.02 0.08 0.04 0.04   0   0   0   0   3   2   4   1   3
  1   2   6   0   0   2 0.02 0.08 0.06 0.06   0   0   1   0   3   2   3   1   4
  1   2   5   0   0   1 0.06 0.08 0.04 0.04   0   1   0   0   3   1   2   4   3
  1   2   5   0   0   1 0.08 0.04 0.04 0.04   1   0   0   0   3   2   3   4   1
  1   2   1   0   0   1 0.04 0.04 0.06 0.06   0   0   1   1   3   4   1   2   3
  1   2   4   0   0   2 0.04 0.10 0.02 0.06   0   1   0   1   3   4   1   2   3
  1   2   6   2   1   2 0.04 0.06 0.02 0.02   0   0   0   0   4   3   4   1   2
  1   2   5   0   0   1 0.04 0.06 0.02 0.02   0   1   0   0   4   4   1   2   3
  1   2   5  -2   1   1 0.06 0.02 0.02 0.02   0   0   0   0   4   1   3   2   4
  1   2   1  -2   1   1 0.06 0.02 0.04 0.04   0   0   0   0   4   3   1   4   2
  1   2   4  -6   1   2 0.06 0.06 0.04 0.02   0   0   0   0   4   4   3   1   2
  1   2   5   0   0   1 0.08 0.04 0.04 0.04   1   0   0   0   5   2   4   1   3
  1   2   5   0   0   1 0.04 0.04 0.06 0.06   0   0   1   1   6   3   4   2   1
  1   2   5  -6   1   1 0.04 0.06 0.02 0.02   0   0   0   0   7   1   3   4   2
  1   3   6   0   0   2 0.06 0.08 0.04 0.04   1   1   0   0   1   3   2   1   4
  1   3   5  -2   1   1 0.06 0.06 0.02 0.02   0   0   0   0   1   3   4   2   1
  0   3   1  -9   1   1 0.00 0.00 0.00 0.00   0   0   0   0   1   1   3   4   2
  0   3   5   9   1   1 0.00 0.00 0.00 0.00   0   0   0   0   1   3   1   2   4
  1   3   6   0   0   2 0.02 0.04 0.06 0.04   0   0   1   0   1   3   2   4   1
  1   3   4  -5   1   2 0.02 0.04 0.02 0.06   0   0   0   0   1   3   1   2   4
  1   3   5  -5   1   1 0.06 0.08 0.04 0.04   0   0   0   0   1   2   1   4   3
  1   3   1   0   0   1 0.08 0.08 0.04 0.04   1   1   0   0   1   2   3   1   4
  0   3   3   2   1   1 0.00 0.00 0.00 0.00   0   0   0   0   1   3   4   1   2
  1   3   6   2   1   2 0.04 0.06 0.02 0.06   0   0   0   0   1   3   2   1   4
  0   3  10   5   1   1 0.00 0.00 0.00 0.00   0   0   0   0   1   4   2   1   3
  1   3   1   0   0   1 0.04 0.04 0.06 0.06   0   0   1   0   1   4   2   3   1
  1   3   6   5   1   2 0.04 0.06 0.04 0.08   0   0   0   0   1   3   2   1   4
  1   3   2   0   0   2 0.06 0.08 0.04 0.08   0   1   0   1   1   2   3   1   4
  0   3   7  -5   1   1 0.00 0.00 0.00 0.00   0   0   0   0   1   2   4   3   1
  1   3   6   0   0   2 0.06 0.04 0.06 0.04   1   0   1   0   1   3   4   2   1
  1   3   4  -6   1   2 0.02 0.04 0.02 0.04   0   0   0   0   1   1   4   3   2
  1   3   2   1   1   2 0.02 0.06 0.02 0.06   0   0   0   0   1   3   4   1   2
  1   3   1   0   0   1 0.04 0.04 0.02 0.06   0   0   0   1   1   2   1   3   4
  1   3   5  -2   1   1 0.06 0.06 0.02 0.02   0   0   0   0   1   2   1   3   4
  1   3   3   2   1   1 0.06 0.06 0.04 0.02   0   0   0   0   1   2   4   1   3
  1   3   1   0   0   1 0.08 0.08 0.04 0.04   1   1   0   0   1   3   4   1   2
  1   3   2   1   1   2 0.04 0.06 0.04 0.06   0   0   0   0   1   1   2   4   3
  1   3   3   0   0   1 0.04 0.04 0.06 0.04   0   0   1   0   1   3   4   2   1
  1   3   6   5   1   2 0.04 0.08 0.04 0.08   0   0   0   0   1   3   4   2   1
  0   3   4   2   1   1 0.00 0.00 0.00 0.00   0   0   0   0   1   4   1   3   2
  1   3   1   0   1   1 0.04 0.04 0.02 0.06   0   0   0   0   1   1   4   2   3
  1   3   1   0   1   1 0.06 0.06 0.02 0.06   0   0   0   0   1   2   3   1   4
  1   3   4   0   0   2 0.06 0.08 0.06 0.08   1   1   1   1   1   4   3   2   1
  1   3   3   2   1   1 0.06 0.06 0.04 0.08   0   0   0   0   1   1   3   4   2
  1   3   4  -9   1   2 0.02 0.04 0.02 0.04   0   0   0   0   1   1   2   4   3
  0   3   6 -10   1   1 0.00 0.00 0.00 0.00   0   0   0   0   1   1   4   2   3
  1   3   4  -1   1   2 0.02 0.04 0.02 0.04   0   0   0   0   1   4   1   3   2
  0   3   2  -2   1   1 0.00 0.00 0.00 0.00   0   0   0   0   1   1   3   4   2
  1   3   3   0   0   1 0.08 0.08 0.04 0.08   1   1   0   1   1   4   3   1   2
  1   3   5   0   0   1 0.04 0.04 0.06 0.04   0   0   1   0   1   4   2   3   1
  1   3   2   1   1   2 0.04 0.06 0.04 0.06   0   0   0   0   1   3   2   1   4
  1   3   2   0   1   2 0.04 0.06 0.04 0.06   0   0   0   0   1   2   3   1   4
  1   3   5  -2   1   1 0.04 0.04 0.02 0.04   0   0   0   0   1   1   4   2   3
  0   3   8  -2   1   1 0.00 0.00 0.00 0.00   0   0   0   0   1   4   2   3   1
  1   3   5   0   1   1 0.06 0.06 0.02 0.06   0   0   0   0   1   1   4   3   2
  1   3   3   0   0   1 0.06 0.06 0.04 0.06   1   1   0   1   1   2   1   4   3
  0   3   9   5   1   1 0.00 0.00 0.00 0.00   0   0   0   0   1   4   2   3   1
  1   3   3   5   1   1 0.02 0.02 0.04 0.02   0   0   0   0   1   3   1   4   2
  1   3   4   0   0   2 0.06 0.08 0.06 0.08   0   1   1   1   1   1   2   3   4
  1   3   2   2   1   2 0.06 0.04 0.02 0.04   0   0   0   0   1   3   1   2   4
  1   3   6   0   0   2 0.08 0.04 0.02 0.04   1   0   0   0   2   2   3   1   4
  1   3   6   0   0   2 0.04 0.06 0.04 0.06   0   1   1   1   2   2   4   3   1
  1   3   1   0   0   1 0.02 0.02 0.06 0.02   0   0   1   0   2   4   1   3   2
  1   3   1  -1   1   1 0.04 0.04 0.02 0.04   0   0   0   0   2   3   4   2   1
  1   3   2  -2   1   2 0.04 0.02 0.02 0.02   0   0   0   0   2   2   3   4   1
  1   3   6   0   0   2 0.06 0.02 0.02 0.02   1   0   0   0   2   4   3   2   1
  1   3   1  -2   1   1 0.04 0.04 0.02 0.04   0   0   0   0   2   3   2   4   1
  1   3   1  -1   1   1 0.06 0.06 0.04 0.06   0   0   0   0   2   1   3   4   2
  1   3   3   0   0   1 0.06 0.06 0.04 0.06   1   0   0   1   2   2   3   1   4
  1   3   4  -5   1   2 0.02 0.04 0.04 0.04   0   0   0   0   2   2   4   1   3
  1   3   3   0   0   1 0.02 0.08 0.06 0.02   0   0   1   0   2   3   4   1   2
  1   3   5   2   1   1 0.02 0.08 0.02 0.02   0   0   0   0   2   2   1   3   4
  1   3   3   0   0   1 0.04 0.10 0.02 0.04   0   1   0   0   2   3   1   4   2
  1   3   4  -2   1   2 0.02 0.04 0.04 0.04   0   0   0   0   2   4   2   3   1
  1   3   6   5   1   2 0.04 0.06 0.06 0.06   0   0   0   0   3   1   3   4   2
  1   3   6   0   0   2 0.04 0.06 0.06 0.06   0   0   1   1   3   2   4   1   3
  1   3   1   0   1   1 0.04 0.06 0.04 0.04   0   0   0   0   3   4   3   1   2
  1   3   6   0   0   2 0.06 0.08 0.02 0.02   1   0   0   0   3   3   2   4   1
  1   3   3   2   1   1 0.06 0.06 0.04 0.06   0   0   0   0   3   2   3   4   1
  1   3   3   0   0   1 0.06 0.08 0.06 0.06   0   1   1   1   3   3   1   4   2
  1   3   3   0   0   1 0.08 0.04 0.02 0.02   1   0   0   0   3   4   3   2   1
  1   3   6   0   0   2 0.02 0.08 0.02 0.02   0   1   0   0   4   4   1   2   3
  1   3   6   0   0   2 0.02 0.04 0.04 0.04   0   0   1   1   4   1   2   4   3
  1   3   3   5   1   1 0.04 0.04 0.02 0.02   0   0   0   0   4   4   3   2   1
  1   3   3   0   0   1 0.04 0.06 0.04 0.04   0   0   1   0   4   4   1   3   2
  1   3   6   2   1   2 0.04 0.04 0.02 0.02   0   0   0   0   5   4   3   1   2
  1   3   6   8   1   2 0.04 0.06 0.02 0.02   0   0   0   0   5   2   4   3   1
  1   3   3   9   1   1 0.06 0.06 0.02 0.04   0   0   0   0   5   1   2   4   3
  0   5   2  -1   1   1 0.00 0.00 0.00 0.00   0   0   0   0   1   4   1   3   2
  1   5   1   0   0   1 0.06 0.08 0.02 0.06   1   1   1   1   1   4   2   1   3
  1   5   1  -1   1   1 0.02 0.04 0.02 0.02   0   0   0   0   1   1   3   4   2
  1   5   1   0   1   1 0.02 0.04 0.02 0.02   0   0   0   0   1   3   1   4   2
  0   5   5  10   1   1 0.00 0.00 0.00 0.00   0   0   0   0   1   1   4   2   3
  1   5   5  -5   1   1 0.04 0.06 0.04 0.04   0   0   0   0   1   4   2   3   1
  1   5   4  -9   1   2 0.06 0.06 0.04 0.04   0   0   0   0   1   4   2   3   1
  1   5   2   3   1   2 0.06 0.08 0.04 0.04   0   0   0   0   1   1   3   2   4
  1   5   5  -6   1   1 0.04 0.06 0.04 0.04   0   0   0   0   1   2   3   1   4
  0   5   7 -10   1   1 0.00 0.00 0.00 0.00   0   0   0   0   1   2   4   3   1
  1   5   2   0   0   2 0.08 0.08 0.06 0.06   1   1   1   1   1   4   3   1   2
  1   5   2   8   1   2 0.04 0.04 0.02 0.02   0   0   0   0   1   4   2   1   3
  1   5   4  -5   1   2 0.04 0.04 0.02 0.02   0   0   0   0   1   2   4   3   1
  1   5   3   5   1   1 0.06 0.08 0.06 0.06   0   0   0   0   1   4   3   2   1
  1   5   2   2   1   2 0.06 0.06 0.04 0.04   0   0   0   0   1   1   4   2   3
  1   5   6   0   0   2 0.06 0.06 0.04 0.04   1   0   0   0   1   1   4   3   2
  1   5   6   9   1   2 0.02 0.08 0.06 0.06   0   0   0   0   1   4   1   3   2
  1   5   1  -1   1   1 0.06 0.08 0.06 0.06   0   0   0   0   1   2   4   1   3
  1   5   5   0   0   1 0.08 0.10 0.08 0.08   1   1   1   1   1   4   1   3   2
  1   5   4   0   0   2 0.02 0.08 0.06 0.06   0   1   1   1   1   2   1   3   4
  1   5   4  -2   1   2 0.04 0.04 0.02 0.02   0   0   0   0   1   3   4   1   2
  1   5   5  -2   1   1 0.04 0.06 0.04 0.04   0   0   0   0   1   1   4   2   3
  1   5   5   0   0   1 0.04 0.06 0.04 0.04   0   1   1   1   1   1   2   3   4
  1   5   4   0   0   2 0.04 0.04 0.02 0.02   0   1   0   0   1   3   2   1   4
  1   5   6   5   1   2 0.06 0.02 0.04 0.04   0   0   0   0   1   3   2   4   1
  1   5   5  -2   1   1 0.06 0.02 0.02 0.02   0   0   0   0   1   2   1   4   3
  1   5   3   0   0   1 0.06 0.02 0.02 0.02   1   0   0   0   1   4   1   2   3
  1   5   3   2   1   1 0.02 0.04 0.04 0.04   0   0   0   0   1   4   2   3   1
  0   5   6  -9   1   1 0.00 0.00 0.00 0.00   0   0   0   0   1   4   3   2   1
  0   5   1  -6   1   1 0.00 0.00 0.00 0.00   0   0   0   0   1   3   1   4   2
  1   5   6   0   0   2 0.06 0.02 0.04 0.04   1   0   1   0   1   1   2   4   3
  1   5   2   2   1   2 0.02 0.04 0.02 0.06   0   0   0   0   1   1   3   4   2
  0   5   4   7   1   1 0.00 0.00 0.00 0.00   0   0   0   0   1   1   4   2   3
  1   5   3   8   1   1 0.02 0.04 0.04 0.04   0   0   0   0   1   2   1   4   3
  1   5   3   0   0   1 0.04 0.06 0.06 0.06   0   0   1   1   1   3   4   2   1
  1   5   3   9   1   1 0.04 0.06 0.02 0.02   0   0   0   0   1   1   3   4   2
  1   5   1   0   0   1 0.06 0.08 0.02 0.02   0   1   0   0   1   2   1   3   4
  1   5   6   2   1   2 0.02 0.04 0.02 0.06   0   0   0   0   1   4   3   1   2
  0   5   9   2   1   1 0.00 0.00 0.00 0.00   0   0   0   0   1   1   2   4   3
  1   5   6   2   1   2 0.04 0.06 0.04 0.08   0   0   0   0   1   4   3   1   2
  0   5   8  -2   1   1 0.00 0.00 0.00 0.00   0   0   0   0   1   4   1   2   3
  1   5   2   2   1   2 0.04 0.06 0.04 0.08   0   0   0   0   1   1   3   2   4
  1   5   1  -2   1   1 0.06 0.04 0.04 0.04   0   0   0   0   1   1   4   3   2
  0   5   3   0   1   1 0.00 0.00 0.00 0.00   0   0   0   0   1   4   3   1   2
  1   5   4  -5   1   2 0.06 0.08 0.06 0.10   0   0   0   0   1   1   3   2   4
  0   5  10  10   1   1 0.00 0.00 0.00 0.00   0   0   0   0   1   1   2   4   3
  1   5   1  -2   1   1 0.08 0.04 0.04 0.04   0   0   0   0   2   2   4   1   3
  1   5   2   0   0   2 0.06 0.08 0.06 0.10   1   1   1   1   2   1   4   2   3
  1   5   6   5   1   2 0.02 0.04 0.02 0.06   0   0   0   0   2   1   3   4   2
  1   5   5   0   0   1 0.08 0.06 0.06 0.06   1   0   1   1   2   3   2   4   1
  1   5   4  -5   1   2 0.02 0.04 0.02 0.06   0   0   0   0   2   4   3   2   1
  1   5   5  -9   1   1 0.04 0.06 0.02 0.02   0   0   0   0   2   4   2   1   3
  1   5   4 -10   1   2 0.04 0.06 0.04 0.08   0   0   0   0   2   1   3   4   2
  1   5   3   2   1   1 0.04 0.08 0.02 0.02   0   0   0   0   2   4   3   2   1
  1   5   6   0   0   2 0.04 0.06 0.04 0.08   0   0   0   1   2   4   3   1   2
  1   5   3   0   0   1 0.06 0.08 0.04 0.04   0   1   0   0   2   2   1   3   4
  1   5   1   1   1   1 0.06 0.04 0.04 0.04   0   0   0   0   2   4   3   1   2
  1   5   2   0   0   2 0.06 0.08 0.06 0.04   0   0   1   0   3   1   4   3   2
  1   5   5   0   0   1 0.08 0.04 0.06 0.06   1   0   1   1   3   4   1   3   2
  1   5   6   0   0   2 0.06 0.08 0.02 0.04   1   1   0   0   3   2   3   4   1
  1   5   3   2   1   1 0.04 0.06 0.02 0.02   0   0   0   0   3   4   3   2   1
  1   5   2   2   1   2 0.02 0.04 0.02 0.06   0   0   0   0   4   3   1   2   4
  1   5   5  -5   1   1 0.04 0.06 0.02 0.02   0   0   0   0   4   3   4   2   1
  1   5   6   8   1   2 0.02 0.04 0.04 0.06   0   0   0   0   4   4   2   1   3
