  1   1   3   2   1   1 0.06 0.20 0.10 0.10 0 0 0 0 1 0 0 0 0 
  0   1   8   0   1   1 0.00 0.00 0.00 0.00 0 0 0 0 1 0 0 0 0 
  0   1   4   4   1   1 0.00 0.00 0.00 0.00 0 0 0 0 1 0 0 0 0 
  1   1   6   2   1   2 0.16 0.16 0.10 0.16 0 0 0 0 1 0 0 0 0 
  0   1   7  -2   1   1 0.00 0.00 0.00 0.00 0 0 0 0 1 0 0 0 0 
  1   1   1   0   1   1 0.14 0.28 0.14 0.18 0 0 0 0 2 0 0 0 0 
  1   1   1   0   1   1 0.08 0.18 0.08 0.12 0 0 0 0 1 0 0 0 0 
  1   1   4   0   1   2 0.14 0.20 0.14 0.12 0 0 0 0 3 0 0 0 0 
  1   1   2  -2   1   2 0.14 0.18 0.12 0.18 0 0 0 0 1 0 0 0 0 
  1   1   3   2   1   1 0.10 0.18 0.08 0.14 0 0 0 0 1 0 0 0 0 
  1   1   2  -1   1   2 0.14 0.18 0.12 0.20 0 0 0 0 1 0 0 0 0 
  1   1   2   0   1   2 0.16 0.20 0.14 0.20 0 0 0 0 1 0 0 0 0 
  1   1   4  -2   1   2 0.14 0.18 0.10 0.14 0 0 0 0 4 0 0 0 0 
  1   1   2  -2   1   2 0.16 0.22 0.12 0.14 0 0 0 0 3 0 0 0 0 
  1   1   3   1   1   1 0.10 0.20 0.10 0.14 0 0 0 0 1 0 0 0 0 
  1   1   5  -3   1   1 0.10 0.20 0.10 0.16 0 0 0 0 5 0 0 0 0 
  1   1   6   5   1   2 0.16 0.24 0.12 0.14 0 0 0 0 3 0 0 0 0 
  1   1   4  -7   1   2 0.14 0.18 0.10 0.12 0 0 0 0 6 0 0 0 0 
  1   1   5  -3   1   1 0.08 0.18 0.08 0.14 0 0 0 0 4 0 0 0 0 
  0   1   2   0   1   1 0.00 0.00 0.00 0.00 0 0 0 0 1 0 0 0 0 
  1   1   6   5   1   2 0.16 0.20 0.08 0.10 0 0 0 0 4 0 0 0 0 
  0   1   3  -1   1   1 0.00 0.00 0.00 0.00 0 0 0 0 1 0 0 0 0 
  1   1   1   0   1   1 0.08 0.18 0.12 0.08 0 0 0 0 1 0 0 0 0 
  1   1   2  -2   1   2 0.12 0.20 0.14 0.06 0 0 0 0 1 0 0 0 0 
  1   1   5  -5   1   1 0.08 0.18 0.14 0.08 0 0 0 0 1 0 0 0 0 
  0   1   6  -8   1   1 0.00 0.00 0.00 0.00 0 0 0 0 1 0 0 0 0 
  1   1   2  -1   1   2 0.12 0.20 0.16 0.06 0 0 0 0 1 0 0 0 0 
  0   1   5   6   1   1 0.00 0.00 0.00 0.00 0 0 0 0 1 0 0 0 0 
  0   1  10   9   1   1 0.00 0.00 0.00 0.00 0 0 0 0 1 0 0 0 0 
  1   1   1   0   1   1 0.10 0.20 0.14 0.10 0 0 0 0 1 0 0 0 0 
  0   1   9   5   1   1 0.00 0.00 0.00 0.00 0 0 0 0 1 0 0 0 0 
  1   1   4  -4   1   2 0.10 0.18 0.12 0.14 0 0 0 0 2 0 0 0 0 
  1   1   1   0   1   1 0.12 0.20 0.10 0.16 0 0 0 0 3 0 0 0 0 
  1   1   4  -4   1   2 0.14 0.22 0.12 0.08 0 0 0 0 1 0 0 0 0 
  1   1   6   5   1   2 0.12 0.18 0.12 0.16 0 0 0 0 2 0 0 0 0 
  0   1   1  -6   1   1 0.00 0.00 0.00 0.00 0 0 0 0 1 0 0 0 0 
  1   1   3   3   1   1 0.10 0.18 0.08 0.16 0 0 0 0 4 0 0 0 0 
  1   1   3   4   1   1 0.12 0.22 0.08 0.12 0 0 0 0 1 0 0 0 0 
  1   1   3   5   1   1 0.14 0.24 0.08 0.14 0 0 0 0 1 0 0 0 0 
  1   1   6   6   1   2 0.16 0.24 0.08 0.10 0 0 0 0 1 0 0 0 0 
  1   1   5   0   1   1 0.14 0.24 0.10 0.14 0 0 0 0 1 0 0 0 0 
  1   1   4  -5   1   2 0.18 0.20 0.08 0.10 0 0 0 0 4 0 0 0 0 
  1   1   5  -1   1   1 0.16 0.26 0.10 0.16 0 0 0 0 1 0 0 0 0 
  1   1   6   6   1   2 0.18 0.26 0.10 0.08 0 0 0 0 1 0 0 0 0 
  1   1   5   0   1   1 0.16 0.26 0.12 0.16 0 0 0 0 1 0 0 0 0 
  1   1   1  -1   1   1 0.08 0.22 0.12 0.14 0 0 0 0 2 0 0 0 0 
  1   2   2  -2   1   2 0.12 0.20 0.10 0.16 0 0 0 0 4 0 0 0 0 
  0   2   6 -10   1   1 0.00 0.00 0.00 0.00 0 0 0 0 1 0 0 0 0 
  1   2   3   5   1   1 0.12 0.22 0.10 0.14 0 0 0 0 3 0 0 0 0 
  1   2   4  -9   1   2 0.12 0.20 0.10 0.12 0 0 0 0 1 0 0 0 0 
  1   2   3   6   1   1 0.10 0.20 0.08 0.14 0 0 0 0 1 0 0 0 0 
  1   2   4  -6   1   2 0.12 0.22 0.10 0.14 0 0 0 0 1 0 0 0 0 
  1   2   5  -2   1   1 0.16 0.26 0.14 0.12 0 0 0 0 4 0 0 0 0 
  0   2   4   6   1   1 0.00 0.00 0.00 0.00 0 0 0 0 1 0 0 0 0 
  1   2   5  -6   1   1 0.12 0.22 0.10 0.12 0 0 0 0 1 0 0 0 0 
  1   2   3   5   1   1 0.06 0.16 0.10 0.12 0 0 0 0 2 0 0 0 0 
  1   2   1   0   1   1 0.06 0.16 0.10 0.14 0 0 0 0 2 0 0 0 0 
  1   2   5  -4   1   1 0.14 0.18 0.08 0.10 0 0 0 0 1 0 0 0 0 
  0   2  10   7   1   1 0.00 0.00 0.00 0.00 0 0 0 0 1 0 0 0 0 
  1   2   5  -5   1   1 0.16 0.20 0.08 0.10 0 0 0 0 1 0 0 0 0 
  1   2   6   6   1   2 0.14 0.18 0.12 0.14 0 0 0 0 2 0 0 0 0 
  1   2   5  -6   1   1 0.08 0.18 0.12 0.14 0 0 0 0 2 0 0 0 0 
  1   2   1   0   1   1 0.12 0.22 0.10 0.12 0 0 0 0 1 0 0 0 0 
  1   2   3   4   1   1 0.08 0.18 0.12 0.16 0 0 0 0 2 0 0 0 0 
  1   2   4  -1   1   2 0.10 0.18 0.12 0.16 0 0 0 0 1 0 0 0 0 
  1   2   6   6   1   2 0.10 0.18 0.14 0.16 0 0 0 0 1 0 0 0 0 
  1   2   3   5   1   1 0.08 0.24 0.12 0.14 0 0 0 0 1 0 0 0 0 
  1   2   1   0   1   1 0.08 0.24 0.14 0.16 0 0 0 0 1 0 0 0 0 
  1   2   5  -5   1   1 0.10 0.20 0.14 0.16 0 0 0 0 2 0 0 0 0 
  1   2   1   0   1   1 0.06 0.26 0.10 0.12 0 0 0 0 1 0 0 0 0 
  1   2   2  -3   1   2 0.12 0.20 0.14 0.18 0 0 0 0 1 0 0 0 0 
  1   2   2   0   1   2 0.16 0.18 0.14 0.14 0 0 0 0 2 0 0 0 0 
  1   2   6   6   1   2 0.16 0.20 0.14 0.16 0 0 0 0 2 0 0 0 0 
  0   2   3  -4   1   1 0.00 0.00 0.00 0.00 0 0 0 0 1 0 0 0 0 
  1   2   2   2   1   2 0.10 0.22 0.12 0.10 0 0 0 0 1 0 0 0 0 
  1   2   6   4   1   2 0.12 0.20 0.10 0.18 0 0 0 0 4 0 0 0 0 
  1   2   4  -6   1   2 0.12 0.24 0.10 0.12 0 0 0 0 1 0 0 0 0 
  1   2   2  -3   1   2 0.12 0.26 0.10 0.12 0 0 0 0 1 0 0 0 0 
  0   2   5   5   1   1 0.00 0.00 0.00 0.00 0 0 0 0 1 0 0 0 0 
  1   2   3   5   1   1 0.06 0.28 0.10 0.12 0 0 0 0 1 0 0 0 0 
  1   2   4  -9   1   2 0.14 0.26 0.12 0.14 0 0 0 0 1 0 0 0 0 
  1   2   6   7   1   2 0.14 0.22 0.12 0.18 0 0 0 0 2 0 0 0 0 
  0   2   7  -6   1   1 0.00 0.00 0.00 0.00 0 0 0 0 1 0 0 0 0 
  0   2   9   4   1   1 0.00 0.00 0.00 0.00 0 0 0 0 1 0 0 0 0 
  1   2   6   6   1   2 0.14 0.22 0.12 0.18 0 0 0 0 2 0 0 0 0 
  0   2   8  -5   1   1 0.00 0.00 0.00 0.00 0 0 0 0 1 0 0 0 0 
  0   2   1  -6   1   1 0.00 0.00 0.00 0.00 0 0 0 0 1 0 0 0 0 
  1   2   2  -3   1   2 0.12 0.20 0.10 0.10 0 0 0 0 1 0 0 0 0 
  1   2   1   0   1   1 0.14 0.24 0.12 0.12 0 0 0 0 3 0 0 0 0 
  0   2   2  -1   1   1 0.00 0.00 0.00 0.00 0 0 0 0 1 0 0 0 0 
  1   2   4  -5   1   2 0.12 0.20 0.10 0.12 0 0 0 0 1 0 0 0 0 
  1   2   1   0   1   1 0.12 0.22 0.10 0.14 0 0 0 0 2 0 0 0 0 
  1   3   5  -2   1   1 0.16 0.22 0.12 0.06 0 0 0 0 2 0 0 0 0 
  1   3   6   4   1   2 0.04 0.04 0.04 0.04 0 0 0 0 1 0 0 0 0 
  1   3   4   0   1   2 0.04 0.04 0.04 0.04 0 0 0 0 1 0 0 0 0 
  1   3   6   5   1   2 0.06 0.06 0.06 0.06 0 0 0 0 1 0 0 0 0 
  1   3   5  -4   1   1 0.06 0.20 0.10 0.10 0 0 0 0 5 0 0 0 0 
  1   3   3   2   1   1 0.14 0.20 0.08 0.08 0 0 0 0 2 0 0 0 0 
  1   3   5   0   1   1 0.14 0.20 0.08 0.10 0 0 0 0 2 0 0 0 0 
  1   3   2  -2   1   2 0.06 0.06 0.06 0.06 0 0 0 0 1 0 0 0 0 
  0   3   4   1   1   1 0.00 0.00 0.00 0.00 0 0 0 0 1 0 0 0 0 
  1   3   2  -1   1   2 0.08 0.08 0.08 0.08 0 0 0 0 1 0 0 0 0 
  1   3   3   5   1   1 0.16 0.22 0.10 0.10 0 0 0 0 2 0 0 0 0 
  1   3   3   4   1   1 0.16 0.22 0.10 0.12 0 0 0 0 2 0 0 0 0 
  1   3   4  -5   1   2 0.16 0.16 0.10 0.12 0 0 0 0 2 0 0 0 0 
  1   3   5  -1   1   1 0.18 0.24 0.12 0.12 0 0 0 0 2 0 0 0 0 
  1   3   2  -1   1   2 0.10 0.10 0.04 0.10 0 0 0 0 1 0 0 0 0 
  0   3  10   8   1   1 0.00 0.00 0.00 0.00 0 0 0 0 1 0 0 0 0 
  1   3   3   3   1   1 0.16 0.16 0.12 0.12 0 0 0 0 1 0 0 0 0 
  1   3   1  -1   1   1 0.18 0.18 0.12 0.12 0 0 0 0 1 0 0 0 0 
  1   3   3   3   1   1 0.18 0.18 0.14 0.14 0 0 0 0 1 0 0 0 0 
  1   3   4   2   1   2 0.10 0.10 0.04 0.10 0 0 0 0 1 0 0 0 0 
  1   3   6   4   1   2 0.12 0.12 0.06 0.12 0 0 0 0 1 0 0 0 0 
  0   3   2   0   1   1 0.00 0.00 0.00 0.00 0 0 0 0 1 0 0 0 0 
  1   3   2  -2   1   2 0.12 0.12 0.06 0.12 0 0 0 0 1 0 0 0 0 
  1   3   5  -3   1   1 0.20 0.20 0.14 0.14 0 0 0 0 1 0 0 0 0 
  1   3   1   0   1   1 0.04 0.18 0.08 0.08 0 0 0 0 4 0 0 0 0 
  0   3   9   3   1   1 0.00 0.00 0.00 0.00 0 0 0 0 1 0 0 0 0 
  0   3   8  -4   1   1 0.00 0.00 0.00 0.00 0 0 0 0 1 0 0 0 0 
  1   3   4  -5   1   2 0.14 0.14 0.08 0.14 0 0 0 0 1 0 0 0 0 
  0   3   7  -2   1   1 0.00 0.00 0.00 0.00 0 0 0 0 1 0 0 0 0 
  1   3   2   2   1   2 0.14 0.14 0.08 0.14 0 0 0 0 1 0 0 0 0 
  1   3   4  -1   1   2 0.18 0.18 0.12 0.12 0 0 0 0 2 0 0 0 0 
  1   3   1  -1   1   1 0.20 0.20 0.14 0.14 0 0 0 0 2 0 0 0 0 
  1   3   1   0   1   1 0.06 0.14 0.08 0.08 0 0 0 0 3 0 0 0 0 
  1   3   4  -7   1   2 0.12 0.12 0.06 0.12 0 0 0 0 1 0 0 0 0 
  1   3   6   3   1   2 0.12 0.12 0.06 0.12 0 0 0 0 1 0 0 0 0 
  0   3   6  -8   1   1 0.00 0.00 0.00 0.00 0 0 0 0 1 0 0 0 0 
  1   3   6   6   1   2 0.16 0.14 0.08 0.16 0 0 0 0 4 0 0 0 0 
  1   3   3   3   1   1 0.04 0.18 0.08 0.08 0 0 0 0 4 0 0 0 0 
  1   3   5   0   1   1 0.18 0.20 0.08 0.04 0 0 0 0 1 0 0 0 0 
  0   3   1  -8   1   1 0.00 0.00 0.00 0.00 0 0 0 0 2 0 0 0 0 
  0   3   5   6   1   1 0.00 0.00 0.00 0.00 0 0 0 0 1 0 0 0 0 
  1   3   1   0   1   1 0.02 0.16 0.10 0.06 0 0 0 0 3 0 0 0 0 
  1   3   2  -2   1   2 0.14 0.14 0.08 0.10 0 0 0 0 1 0 0 0 0 
  1   3   1   0   1   1 0.16 0.22 0.10 0.06 0 0 0 0 1 0 0 0 0 
  1   3   6   4   1   2 0.16 0.16 0.10 0.10 0 0 0 0 1 0 0 0 0 
  0   3   3  -1   1   1 0.00 0.00 0.00 0.00 0 0 0 0 1 0 0 0 0 
  1   4   6   3   1   2 0.14 0.18 0.12 0.14 0 0 0 0 1 0 0 0 0 
  1   4   4  -5   1   2 0.16 0.20 0.12 0.14 0 0 0 0 1 0 0 0 0 
  1   4   1   0   1   1 0.12 0.20 0.10 0.18 0 0 0 0 1 0 0 0 0 
  1   4   3   3   1   1 0.12 0.22 0.12 0.18 0 0 0 0 1 0 0 0 0 
  1   4   5  -4   1   1 0.14 0.24 0.12 0.12 0 0 0 0 4 0 0 0 0 
  1   4   6   5   1   2 0.10 0.20 0.14 0.10 0 0 0 0 2 0 0 0 0 
  1   4   6   6   1   2 0.18 0.22 0.10 0.12 0 0 0 0 1 0 0 0 0 
  1   4   5  -3   1   1 0.14 0.18 0.12 0.16 0 0 0 0 2 0 0 0 0 
  1   4   1   1   1   1 0.16 0.18 0.10 0.12 0 0 0 0 1 0 0 0 0 
  1   4   3   4   1   1 0.16 0.18 0.14 0.18 0 0 0 0 2 0 0 0 0 
  1   4   3   5   1   1 0.12 0.20 0.12 0.14 0 0 0 0 1 0 0 0 0 
  1   4   6   7   1   2 0.14 0.18 0.12 0.10 0 0 0 0 4 0 0 0 0 
  1   4   6   7   1   2 0.14 0.18 0.12 0.14 0 0 0 0 1 0 0 0 0 
  1   4   2  -7   1   2 0.14 0.18 0.12 0.14 0 0 0 0 1 0 0 0 0 
  0   4   9   6   1   1 0.00 0.00 0.00 0.00 0 0 0 0 1 0 0 0 0 
  1   4   2   0   1   2 0.14 0.18 0.12 0.10 0 0 0 0 3 0 0 0 0 
  1   4   1   0   1   1 0.12 0.22 0.12 0.14 0 0 0 0 1 0 0 0 0 
  1   4   4  -7   1   2 0.14 0.18 0.10 0.08 0 0 0 0 2 0 0 0 0 
  1   4   1   0   1   1 0.14 0.22 0.14 0.16 0 0 0 0 1 0 0 0 0 
  0   4   2  -4   1   1 0.00 0.00 0.00 0.00 0 0 0 0 1 0 0 0 0 
  1   4   6   7   1   2 0.12 0.16 0.10 0.18 0 0 0 0 1 0 0 0 0 
  1   4   5   0   1   1 0.08 0.18 0.12 0.12 0 0 0 0 8 0 0 0 0 
  1   4   2  -3   1   2 0.12 0.18 0.10 0.18 0 0 0 0 1 0 0 0 0 
  0   4   4   5   1   1 0.00 0.00 0.00 0.00 0 0 0 0 1 0 0 0 0 
  1   4   2   0   1   2 0.14 0.18 0.12 0.10 0 0 0 0 2 0 0 0 0 
  1   4   5  -9   1   1 0.12 0.22 0.10 0.10 0 0 0 0 3 0 0 0 0 
  1   4   3   2   1   1 0.12 0.22 0.12 0.12 0 0 0 0 3 0 0 0 0 
  1   4   3   6   1   1 0.14 0.18 0.12 0.12 0 0 0 0 2 0 0 0 0 
  1   4   1  -1   1   1 0.14 0.16 0.12 0.16 0 0 0 0 1 0 0 0 0 
  1   4   2  -4   1   2 0.10 0.20 0.08 0.16 0 0 0 0 1 0 0 0 0 
  1   4   4  -7   1   2 0.16 0.20 0.12 0.10 0 0 0 0 2 0 0 0 0 
  1   4   5  -1   1   1 0.14 0.18 0.14 0.16 0 0 0 0 1 0 0 0 0 
  0   4   6 -10   1   1 0.00 0.00 0.00 0.00 0 0 0 0 1 0 0 0 0 
  1   4   5   0   1   1 0.14 0.18 0.12 0.12 0 0 0 0 2 0 0 0 0 
  1   4   4  -4   1   2 0.16 0.20 0.14 0.12 0 0 0 0 2 0 0 0 0 
  1   4   4  -7   1   2 0.12 0.18 0.10 0.12 0 0 0 0 1 0 0 0 0 
  1   4   4  -3   1   2 0.18 0.22 0.14 0.12 0 0 0 0 2 0 0 0 0 
  0   4   7  -7   1   1 0.00 0.00 0.00 0.00 0 0 0 0 1 0 0 0 0 
  1   4   3   6   1   1 0.12 0.20 0.10 0.14 0 0 0 0 1 0 0 0 0 
  0   4   5   7   1   1 0.00 0.00 0.00 0.00 0 0 0 0 1 0 0 0 0 
  1   4   1   0   1   1 0.12 0.20 0.10 0.14 0 0 0 0 1 0 0 0 0 
  0   4   8  -5   1   1 0.00 0.00 0.00 0.00 0 0 0 0 1 0 0 0 0 
  0   4   3  -3   1   1 0.00 0.00 0.00 0.00 0 0 0 0 1 0 0 0 0 
  0   4  10   6   1   1 0.00 0.00 0.00 0.00 0 0 0 0 1 0 0 0 0 
  1   4   2  -5   1   2 0.10 0.20 0.12 0.10 0 0 0 0 1 0 0 0 0 
  0   4   1  -3   1   1 0.00 0.00 0.00 0.00 0 0 0 0 1 0 0 0 0 
  1   5   5  -2   1   1 0.14 0.16 0.10 0.14 0 0 0 0 2 0 0 0 0 
  1   5   5  -3   1   1 0.14 0.16 0.08 0.14 0 0 0 0 4 0 0 0 0 
  0   5   1   0   1   1 0.00 0.00 0.00 0.00 0 0 0 0 1 0 0 0 0 
  1   5   4  -3   1   2 0.16 0.18 0.14 0.14 0 0 0 0 2 0 0 0 0 
  1   5   5  -1   1   1 0.16 0.18 0.12 0.12 0 0 0 0 2 0 0 0 0 
  1   5   2  -2   1   2 0.14 0.18 0.12 0.14 0 0 0 0 1 0 0 0 0 
  1   5   3   6   1   1 0.12 0.12 0.12 0.16 0 0 0 0 3 0 0 0 0 
  1   5   3   5   1   1 0.16 0.14 0.14 0.12 0 0 0 0 1 0 0 0 0 
  1   5   1   0   1   1 0.14 0.16 0.14 0.14 0 0 0 0 2 0 0 0 0 
  0   5  10   8   1   1 0.00 0.00 0.00 0.00 0 0 0 0 1 0 0 0 0 
  0   5   5   6   1   1 0.00 0.00 0.00 0.00 0 0 0 0 1 0 0 0 0 
  1   5   6   8   1   2 0.16 0.18 0.14 0.14 0 0 0 0 1 0 0 0 0 
  1   5   6   6   1   2 0.16 0.20 0.14 0.16 0 0 0 0 2 0 0 0 0 
  1   5   1   0   1   1 0.14 0.16 0.16 0.14 0 0 0 0 2 0 0 0 0 
  1   5   2  -4   1   2 0.14 0.16 0.12 0.14 0 0 0 0 3 0 0 0 0 
  1   5   4 -10   1   2 0.12 0.16 0.12 0.12 0 0 0 0 1 0 0 0 0 
  1   5   1   0   1   1 0.14 0.16 0.10 0.14 0 0 0 0 1 0 0 0 0 
  1   5   6   7   1   2 0.14 0.18 0.12 0.14 0 0 0 0 1 0 0 0 0 
  1   5   2  -1   1   2 0.14 0.16 0.12 0.18 0 0 0 0 2 0 0 0 0 
  1   5   3   5   1   1 0.14 0.18 0.12 0.16 0 0 0 0 1 0 0 0 0 
  1   5   4  -2   1   2 0.14 0.16 0.12 0.18 0 0 0 0 2 0 0 0 0 
  1   5   4  -6   1   2 0.14 0.16 0.14 0.14 0 0 0 0 5 0 0 0 0 
  1   5   5  -5   1   1 0.12 0.12 0.10 0.16 0 0 0 0 5 0 0 0 0 
  1   5   3   5   1   1 0.12 0.14 0.12 0.16 0 0 0 0 2 0 0 0 0 
  1   5   1   0   1   1 0.14 0.14 0.08 0.14 0 0 0 0 3 0 0 0 0 
  1   5   2   0   1   2 0.12 0.10 0.12 0.12 0 0 0 0 1 0 0 0 0 
  1   5   1   0   1   1 0.08 0.16 0.10 0.14 0 0 0 0 1 0 0 0 0 
  1   5   4  -6   1   2 0.14 0.16 0.12 0.14 0 0 0 0 4 0 0 0 0 
  0   5   4   6   1   1 0.00 0.00 0.00 0.00 0 0 0 0 1 0 0 0 0 
  1   5   3   6   1   1 0.10 0.16 0.10 0.14 0 0 0 0 1 0 0 0 0 
  1   5   5  -8   1   1 0.14 0.10 0.14 0.14 0 0 0 0 2 0 0 0 0 
  1   5   5  -6   1   1 0.12 0.18 0.12 0.12 0 0 0 0 1 0 0 0 0 
  1   5   4  -2   1   2 0.10 0.12 0.14 0.14 0 0 0 0 1 0 0 0 0 
  0   5   3   0   1   1 0.00 0.00 0.00 0.00 0 0 0 0 1 0 0 0 0 
  1   5   2  -2   1   2 0.12 0.14 0.10 0.16 0 0 0 0 3 0 0 0 0 
  0   5   6 -10   1   1 0.00 0.00 0.00 0.00 0 0 0 0 1 0 0 0 0 
  1   5   3   6   1   1 0.14 0.10 0.14 0.14 0 0 0 0 2 0 0 0 0 
  1   5   2  -4   1   2 0.12 0.14 0.10 0.16 0 0 0 0 1 0 0 0 0 
  0   5   8  -7   1   1 0.00 0.00 0.00 0.00 0 0 0 0 1 0 0 0 0 
  0   5   2   0   1   1 0.00 0.00 0.00 0.00 0 0 0 0 1 0 0 0 0 
  0   5   9   5   1   1 0.00 0.00 0.00 0.00 0 0 0 0 1 0 0 0 0 
  1   5   6   5   1   2 0.12 0.16 0.10 0.16 0 0 0 0 1 0 0 0 0 
  1   5   6   7   1   2 0.14 0.14 0.12 0.12 0 0 0 0 2 0 0 0 0 
  1   5   1   0   1   1 0.14 0.16 0.10 0.14 0 0 0 0 1 0 0 0 0 
  1   5   6   7   1   2 0.14 0.18 0.12 0.14 0 0 0 0 1 0 0 0 0 
  0   5   7  -8   1   1 0.00 0.00 0.00 0.00 0 0 0 0 1 0 0 0 0 
