  0   4   4   7   1   1 0.00 0.00 0.00 0.00   0   0   0   0   1   2   4   3   1
  1   4   5   0   0   1 0.60 0.60 0.60 1.00   1   1   1   1   1   3   1   4   2
  1   4   3   0   0   1 0.56 0.56 0.56 0.96   1   1   1   1   1   2   1   4   3
  0   4   7  -4   1   1 0.00 0.00 0.00 0.00   0   0   0   0   1   4   1   3   2
  1   4   5   0   0   1 0.52 0.52 0.52 0.92   1   1   1   1   1   2   3   1   4
  0   4   8  -3   1   1 0.00 0.00 0.00 0.00   0   0   0   0   1   3   2   1   4
  1   4   2   0   0   2 0.20 0.20 0.20 0.60   0   0   1   1   1   4   2   3   1
  1   4   6   0   0   2 0.20 0.20 0.16 0.56   0   0   0   1   1   3   4   1   2
  1   4   2   0   0   2 0.22 0.22 0.16 0.52   0   0   1   1   1   1   4   2   3
  1   4   2   0   0   2 0.22 0.22 0.12 0.48   0   1   0   1   1   2   3   1   4
  1   4   4   0   0   2 0.24 0.18 0.12 0.44   0   0   0   1   1   3   1   4   2
  1   4   4   0   0   2 0.24 0.18 0.14 0.40   0   0   0   1   1   3   1   2   4
  1   4   2   0   0   2 0.26 0.20 0.14 0.36   1   0   0   1   1   4   1   2   3
  0   4  10   7   1   1 0.00 0.00 0.00 0.00   0   0   0   0   1   1   4   2   3
  1   4   1   0   0   1 0.48 0.48 0.48 0.88   1   1   1   1   1   1   4   2   3
  0   4   9   7   1   1 0.00 0.00 0.00 0.00   0   0   0   0   1   4   1   2   3
  1   4   3   0   0   1 0.44 0.44 0.44 0.84   1   1   1   1   1   2   1   3   4
  1   4   4   0   0   2 0.22 0.20 0.16 0.32   0   0   0   1   1   4   1   2   3
  0   4   6  -4   1   1 0.00 0.00 0.00 0.00   0   0   0   0   1   3   1   2   4
  1   4   1   0   0   1 0.40 0.40 0.40 0.80   1   1   0   1   1   1   4   2   3
  1   4   3   0   0   1 0.36 0.36 0.40 0.76   1   1   0   1   1   1   3   2   4
  1   4   5   0   0   1 0.32 0.32 0.42 0.72   0   1   1   1   1   1   3   2   4
  0   4   2  -3   1   1 0.00 0.00 0.00 0.00   0   0   0   0   1   4   3   1   2
  1   4   6   0   0   2 0.22 0.22 0.16 0.28   0   0   1   1   1   2   3   1   4
  1   4   5   0   0   1 0.32 0.28 0.38 0.68   0   0   1   1   1   2   3   4   1
  1   4   3   0   0   1 0.34 0.28 0.34 0.64   0   0   1   1   1   3   1   4   2
  0   4   3  -5   1   1 0.00 0.00 0.00 0.00   0   0   0   0   1   3   4   2   1
  1   4   6   0   0   2 0.24 0.22 0.12 0.24   0   0   0   1   1   2   1   4   3
  1   4   5   0   0   1 0.34 0.30 0.30 0.60   0   0   0   1   1   4   2   3   1
  1   4   4   0   0   2 0.24 0.24 0.12 0.20   0   0   1   0   1   3   1   2   4
  0   4   1  -6   1   1 0.00 0.00 0.00 0.00   0   0   0   0   1   3   4   2   1
  1   4   3   0   0   1 0.36 0.30 0.30 0.56   0   0   1   1   1   4   3   2   1
  1   4   3   0   0   1 0.36 0.32 0.26 0.52   1   0   0   1   1   4   3   2   1
  1   4   1   0   0   1 0.32 0.32 0.26 0.48   0   0   0   1   1   3   2   1   4
  1   4   4   0   0   2 0.26 0.24 0.08 0.20   1   0   0   0   1   3   4   2   1
  1   4   1   0   0   1 0.32 0.34 0.28 0.44   0   0   1   1   1   1   2   4   3
  1   4   2   0   0   2 0.22 0.26 0.08 0.22   0   0   0   1   1   1   2   3   4
  1   4   6   0   0   2 0.22 0.26 0.10 0.18   1   1   0   0   1   1   3   4   2
  1   4   5   0   0   1 0.34 0.34 0.24 0.40   1   1   1   1   1   2   1   4   3
  0   4   5   8   1   1 0.00 0.00 0.00 0.00   0   0   0   0   1   3   1   4   2
  1   4   2   0   0   2 0.18 0.22 0.10 0.18   1   0   0   1   1   1   2   3   4
  1   4   6   0   0   2 0.14 0.22 0.12 0.14   1   1   1   1   1   1   2   3   4
  1   4   4   0   0   2 0.10 0.18 0.08 0.10   0   0   0   1   1   3   2   1   4
  1   4   1   0   0   1 0.30 0.30 0.20 0.36   1   1   1   1   1   1   4   2   3
  1   4   6   5   1   2 0.10 0.18 0.08 0.06   0   0   0   0   1   1   4   2   3
  1   4   1   0   0   1 0.26 0.26 0.16 0.32   0   0   0   1   1   3   1   4   2
  1   4   5  -6   1   1 0.26 0.26 0.16 0.28   0   0   0   0   2   3   2   1   4
  1   4   3   0   0   1 0.28 0.28 0.18 0.28   1   1   1   1   2   1   3   2   4
  1   4   5   0   0   1 0.24 0.24 0.14 0.24   0   0   0   1   2   3   4   2   1
  1   4   2   6   1   2 0.12 0.20 0.10 0.06   0   0   0   0   2   2   4   1   3
  1   4   6   6   1   2 0.12 0.20 0.10 0.08   0   0   0   0   2   3   1   4   2
  1   4   2   0   0   2 0.14 0.22 0.12 0.08   0   0   0   1   2   4   3   1   2
  1   4   2   0   0   2 0.14 0.22 0.12 0.04   0   1   0   0   2   2   1   3   4
  1   4   4  -4   1   2 0.16 0.18 0.14 0.04   0   0   0   0   2   1   4   3   2
  1   4   4   0   0   2 0.16 0.18 0.14 0.06   1   1   0   0   2   4   2   1   3
  1   4   2   0   0   2 0.12 0.14 0.16 0.06   0   0   1   0   2   4   1   3   2
  1   4   1   0   0   1 0.24 0.24 0.14 0.20   0   1   0   0   2   4   1   3   2
  1   4   3   0   0   1 0.26 0.20 0.16 0.20   1   0   0   1   2   1   4   2   3
  1   4   4  -5   1   2 0.12 0.14 0.12 0.08   0   0   0   0   2   4   2   3   1
  1   4   1   0   0   1 0.22 0.20 0.16 0.16   0   1   0   0   2   3   1   4   2
  1   4   3   0   0   1 0.22 0.16 0.18 0.16   1   1   1   1   2   2   4   1   3
  1   4   5   0   0   1 0.18 0.12 0.14 0.12   1   0   1   0   2   3   4   2   1
  1   4   6   0   0   2 0.14 0.16 0.12 0.08   0   0   0   1   2   3   1   4   2
  1   4   5  -3   1   1 0.14 0.12 0.10 0.12   0   0   0   0   2   2   1   3   4
  1   4   3   6   1   1 0.14 0.14 0.10 0.14   0   0   0   0   2   1   2   3   4
  1   4   6   0   0   2 0.14 0.16 0.14 0.04   1   0   0   0   2   3   2   4   1
  1   4   5  -4   1   1 0.16 0.14 0.12 0.14   0   0   0   0   2   2   4   1   3
  1   4   4   0   0   2 0.10 0.18 0.14 0.04   0   1   1   0   2   2   3   4   1
  1   4   3   0   0   1 0.16 0.16 0.12 0.16   1   1   1   1   2   1   4   2   3
  1   4   3   7   1   1 0.12 0.12 0.08 0.12   0   0   0   0   2   4   2   3   1
  1   4   1   0   0   1 0.12 0.12 0.08 0.12   0   1   0   0   2   3   4   2   1
  1   4   4  -8   1   2 0.10 0.14 0.10 0.06   0   0   0   0   2   1   2   4   3
  1   4   1  -3   1   1 0.14 0.08 0.10 0.14   0   0   0   0   2   2   1   4   3
  1   4   2  -6   1   2 0.12 0.14 0.10 0.06   0   0   0   0   2   1   4   3   2
  1   4   6   6   1   2 0.12 0.16 0.12 0.08   0   0   0   0   2   3   4   1   2
  1   4   5   0   0   1 0.14 0.08 0.10 0.14   1   0   0   1   2   3   2   1   4
  1   4   2   0   0   2 0.14 0.16 0.12 0.08   1   0   1   0   2   1   3   2   4
  1   4   6   0   0   2 0.10 0.18 0.08 0.10   0   1   0   0   2   3   1   4   2
  1   4   4   0   0   2 0.10 0.14 0.08 0.10   0   1   0   0   2   1   3   2   4
  1   4   1   0   0   1 0.10 0.10 0.12 0.10   0   0   1   1   2   1   4   2   3
  1   4   1  -2   1   1 0.10 0.10 0.08 0.06   0   0   0   0   2   4   1   3   2
  1   4   3   0   0   1 0.12 0.12 0.08 0.06   1   0   0   0   3   3   1   4   2
  1   4   5  -7   1   1 0.08 0.12 0.10 0.08   0   0   0   0   3   4   1   2   3
  1   4   2   0   0   2 0.12 0.10 0.10 0.12   1   0   0   0   3   2   4   3   1
  1   4   2   7   1   2 0.08 0.10 0.10 0.12   0   0   0   0   3   2   3   4   1
  1   4   4   0   0   2 0.08 0.12 0.12 0.14   0   0   1   0   3   3   1   2   4
  1   4   2   4   1   2 0.10 0.12 0.08 0.14   0   0   0   0   3   1   4   3   2
  1   4   1   3   1   1 0.08 0.14 0.10 0.08   0   0   0   0   3   2   4   1   3
  1   4   3   8   1   1 0.10 0.14 0.12 0.10   0   0   0   0   3   1   3   2   4
  1   4   1   0   0   1 0.10 0.16 0.12 0.10   1   1   0   0   3   3   2   1   4
  1   4   3   0   0   1 0.06 0.12 0.14 0.12   0   0   1   1   3   4   2   1   3
  1   4   5   0   0   1 0.06 0.12 0.10 0.08   0   0   1   0   3   1   4   3   2
  1   4   6   0   0   2 0.10 0.14 0.08 0.16   1   1   1   1   3   4   1   2   3
  1   4   6   0   0   2 0.06 0.10 0.04 0.12   0   0   0   1   3   2   4   1   3
  1   4   4  -5   1   2 0.06 0.10 0.04 0.08   0   0   0   0   3   3   4   1   2
  1   4   3   0   0   1 0.08 0.14 0.06 0.08   0   1   0   0   3   3   4   1   2
  1   4   1   1   1   1 0.08 0.10 0.06 0.10   0   0   0   0   3   3   1   2   4
  1   4   5   0   0   1 0.10 0.10 0.08 0.10   0   0   1   1   3   2   3   4   1
  1   4   2   6   1   2 0.08 0.12 0.06 0.08   0   0   0   0   3   4   3   1   2
  1   4   6  -5   1   2 0.08 0.12 0.06 0.10   0   0   0   0   3   2   4   1   3
  1   4   4   0   0   2 0.10 0.14 0.08 0.10   0   1   0   1   3   1   2   4   3
  1   4   1  -3   1   1 0.10 0.12 0.04 0.06   0   0   0   0   3   2   3   4   1
  1   4   3   0   0   1 0.12 0.12 0.04 0.06   1   1   0   0   4   3   1   4   2
  1   4   2   0   0   2 0.10 0.10 0.08 0.06   1   0   0   0   4   2   3   1   4
  1   4   4   0   0   2 0.06 0.10 0.10 0.06   0   0   1   0   4   2   1   4   3
  1   4   1  -5   1   1 0.08 0.08 0.06 0.08   0   0   0   0   4   3   1   4   2
  1   4   3   9   1   1 0.08 0.08 0.06 0.08   0   0   0   0   4   1   3   2   4
  1   4   5   0   0   1 0.10 0.10 0.08 0.10   1   0   1   0   4   2   3   4   1
  1   4   6  -4   1   2 0.06 0.12 0.06 0.08   0   0   0   0   4   4   1   2   3
  1   4   6   0   0   2 0.08 0.12 0.06 0.08   0   1   0   0   4   2   3   4   1
  1   4   3   6   1   1 0.06 0.10 0.04 0.10   0   0   0   0   4   3   2   1   4
  1   4   5   0   0   1 0.06 0.12 0.04 0.12   0   1   0   1   4   3   1   4   2
  1   4   4   0   0   2 0.08 0.08 0.08 0.10   0   0   0   1   4   1   2   4   3
  1   4   3  -3   1   1 0.08 0.08 0.06 0.08   0   0   0   0   5   1   3   2   4
  1   4   2   0   0   2 0.10 0.08 0.08 0.06   0   0   0   1   5   2   3   1   4
  1   4   4   0   0   2 0.10 0.10 0.10 0.02   0   0   1   0   5   1   4   3   2
  1   4   5   0   0   1 0.08 0.08 0.06 0.08   0   1   0   0   5   4   2   1   3
  1   4   6   0   0   2 0.12 0.10 0.06 0.02   1   0   0   0   5   1   2   3   4
  1   4   5  -6   1   1 0.10 0.04 0.08 0.10   0   0   0   0   5   2   3   1   4
  1   4   4  -4   1   2 0.08 0.12 0.06 0.04   0   0   0   0   5   1   4   2   3
  1   4   2   6   1   2 0.08 0.12 0.08 0.04   0   0   0   0   6   4   3   1   2
  1   4   4   0   0   2 0.10 0.14 0.08 0.06   1   1   1   0   6   3   4   2   1
  1   4   5  -2   1   1 0.10 0.04 0.08 0.10   0   0   0   0   6   1   2   3   4
  1   4   6   8   1   2 0.06 0.10 0.04 0.06   0   0   0   0   6   3   1   2   4
  1   4   4  -4   1   2 0.06 0.10 0.04 0.08   0   0   0   0   7   4   2   1   3
  1   3   1   0   0   1 0.12 0.06 0.10 0.12   1   0   1   1   1   3   4   2   1
  1   3   4   0   0   2 0.08 0.12 0.06 0.08   0   1   0   0   1   4   2   1   3
  1   3   5   0   0   1 0.08 0.06 0.06 0.08   0   0   1   1   1   1   3   2   4
  1   3   4   0   0   2 0.08 0.08 0.06 0.10   1   1   1   1   1   4   1   3   2
  1   3   6   7   1   2 0.04 0.04 0.02 0.06   0   0   0   0   1   4   2   3   1
  1   3   5  -4   1   1 0.08 0.08 0.02 0.04   0   0   0   0   1   2   1   4   3
  1   3   6   4   1   2 0.04 0.04 0.02 0.06   0   0   0   0   1   2   1   4   3
  0   3   6  -5   1   1 0.00 0.00 0.00 0.00   0   0   0   0   1   2   4   1   3
  0   3   4   8   1   1 0.00 0.00 0.00 0.00   0   0   0   0   1   2   3   4   1
  1   3   3   0   0   1 0.10 0.08 0.02 0.04   1   1   0   0   1   1   4   2   3
  0   3   5   5   1   1 0.00 0.00 0.00 0.00   0   0   0   0   1   4   2   3   1
  1   3   2  -3   1   2 0.06 0.06 0.04 0.08   0   0   0   0   1   1   4   2   3
  0   3   8  -5   1   1 0.00 0.00 0.00 0.00   0   0   0   0   1   2   4   1   3
  1   3   6  -4   1   2 0.06 0.06 0.04 0.08   0   0   0   0   1   4   3   2   1
  1   3   1  -2   1   1 0.06 0.04 0.04 0.06   0   0   0   0   1   1   3   4   2
  1   3   4   0   0   2 0.08 0.08 0.06 0.10   0   0   0   1   1   1   2   4   3
  1   3   6   8   1   2 0.08 0.08 0.06 0.06   0   0   0   0   1   1   3   4   2
  1   3   5  -6   1   1 0.06 0.04 0.04 0.06   0   0   0   0   1   4   3   1   2
  1   3   5  -4   1   1 0.08 0.06 0.06 0.08   0   0   0   0   1   3   4   1   2
  1   3   2   0   0   2 0.10 0.10 0.08 0.06   1   1   1   1   1   1   3   4   2
  0   3   9   9   1   1 0.00 0.00 0.00 0.00   0   0   0   0   1   3   1   4   2
  1   3   3   0   0   1 0.08 0.06 0.06 0.08   0   0   0   1   1   1   3   2   4
  1   3   5   0   0   1 0.10 0.08 0.08 0.04   1   0   0   0   1   1   4   2   3
  1   3   3   0   0   1 0.06 0.08 0.08 0.04   0   0   1   0   1   3   4   2   1
  0   3  10   9   1   1 0.00 0.00 0.00 0.00   0   0   0   0   1   2   1   3   4
  1   3   1   0   0   1 0.06 0.10 0.04 0.06   0   0   1   0   1   2   3   4   1
  1   3   2   0   0   2 0.06 0.06 0.04 0.02   1   1   0   0   1   1   3   4   2
  1   3   2   7   1   2 0.02 0.02 0.04 0.02   0   0   0   0   1   2   1   4   3
  1   3   3   0   0   1 0.08 0.10 0.02 0.06   0   1   0   0   1   3   4   2   1
  1   3   2   4   1   2 0.02 0.02 0.06 0.04   0   0   0   0   1   4   3   2   1
  1   3   6   8   1   2 0.04 0.04 0.06 0.04   0   0   0   0   1   1   2   3   4
  1   3   6   0   0   2 0.04 0.04 0.08 0.06   0   0   1   0   1   1   4   2   3
  1   3   3   0   0   1 0.08 0.06 0.02 0.08   0   0   1   1   1   3   1   4   2
  1   3   1   0   0   1 0.10 0.06 0.02 0.04   1   0   0   0   1   2   1   3   4
  1   3   4  -5   1   2 0.06 0.06 0.04 0.06   0   0   0   0   1   1   3   2   4
  0   3   7  -2   1   1 0.00 0.00 0.00 0.00   0   0   0   0   1   4   3   2   1
  1   3   1  -4   1   1 0.06 0.08 0.02 0.04   0   0   0   0   1   1   3   2   4
  1   3   1  -1   1   1 0.06 0.08 0.04 0.06   0   0   0   0   1   4   1   2   3
  0   3   3   5   1   1 0.00 0.00 0.00 0.00   0   0   0   0   1   4   3   2   1
  1   3   4   0   0   2 0.06 0.06 0.04 0.08   0   0   0   1   1   3   2   4   1
  1   3   3   0   0   1 0.08 0.10 0.04 0.06   0   1   0   1   1   3   4   2   1
  1   3   2   0   0   2 0.08 0.08 0.06 0.04   0   0   1   0   1   3   4   2   1
  1   3   5   4   1   1 0.08 0.06 0.06 0.02   0   0   0   0   1   4   1   3   2
  0   3   1  -3   1   1 0.00 0.00 0.00 0.00   0   0   0   0   1   3   1   4   2
  1   3   4  -3   1   2 0.08 0.08 0.02 0.04   0   0   0   0   1   1   2   4   3
  0   3   2  -3   1   1 0.00 0.00 0.00 0.00   0   0   0   0   1   2   1   3   4
  1   3   1   1   1   1 0.10 0.06 0.06 0.02   0   0   0   0   2   1   3   4   2
  1   3   4   0   0   2 0.10 0.10 0.02 0.06   1   1   0   0   2   3   1   4   2
  1   3   5   0   0   1 0.10 0.08 0.08 0.04   1   0   0   0   2   1   4   2   3
  1   3   4  -3   1   2 0.06 0.06 0.04 0.06   0   0   0   0   2   1   2   3   4
  1   3   3   8   1   1 0.06 0.08 0.08 0.04   0   0   0   0   2   3   4   1   2
  1   3   4  -2   1   2 0.06 0.06 0.04 0.08   0   0   0   0   2   1   3   2   4
  1   3   2   2   1   2 0.08 0.08 0.06 0.08   0   0   0   0   2   4   2   1   3
  1   3   3   0   0   1 0.06 0.10 0.10 0.06   0   0   1   0   2   3   1   4   2
  1   3   5   3   1   1 0.08 0.10 0.06 0.06   0   0   0   0   2   1   3   2   4
  1   3   3   0   0   1 0.08 0.12 0.06 0.08   0   1   0   0   2   3   1   2   4
  1   3   1   0   0   1 0.10 0.08 0.08 0.08   1   0   0   0   2   3   2   4   1
  1   3   2   0   0   2 0.08 0.08 0.06 0.10   0   0   0   0   2   3   1   2   4
  1   3   3   0   0   1 0.06 0.08 0.08 0.10   0   0   1   0   2   4   2   3   1
  1   3   6   0   0   2 0.10 0.10 0.08 0.10   1   0   1   0   2   4   2   1   3
  1   3   3   6   1   1 0.06 0.10 0.04 0.10   0   0   0   0   2   3   1   2   4
  1   3   1   0   0   1 0.08 0.10 0.04 0.12   1   1   0   0   2   2   4   3   1
  1   3   4  -3   1   2 0.06 0.10 0.04 0.12   0   0   0   0   2   2   1   3   4
  1   3   3   0   0   1 0.04 0.06 0.06 0.12   0   0   0   1   2   3   2   4   1
  1   3   2   0   0   2 0.06 0.12 0.04 0.12   0   1   0   1   2   1   3   4   2
  1   3   4  -2   1   2 0.08 0.08 0.06 0.08   0   0   0   0   3   1   4   3   2
  1   3   5  -3   1   1 0.04 0.06 0.06 0.08   0   0   0   0   3   2   3   4   1
  1   3   3   7   1   1 0.06 0.08 0.08 0.08   0   0   0   0   3   4   2   3   1
  1   3   3   0   0   1 0.06 0.08 0.08 0.10   0   0   1   1   3   3   2   1   4
  1   3   1  -4   1   1 0.08 0.10 0.04 0.06   0   0   0   0   3   3   4   2   1
  1   3   2   6   1   2 0.08 0.08 0.06 0.08   0   0   0   0   3   3   2   1   4
  1   3   3   0   0   1 0.08 0.10 0.04 0.06   1   1   0   0   3   1   3   4   2
  1   3   6   0   0   2 0.10 0.10 0.08 0.10   1   1   1   1   3   1   2   3   4
  1   3   1  -3   1   1 0.04 0.06 0.06 0.08   0   0   0   0   3   4   2   1   3
  1   3   3   8   1   1 0.04 0.06 0.06 0.08   0   0   0   0   3   1   2   3   4
  1   3   2  -1   1   2 0.06 0.06 0.04 0.06   0   0   0   0   3   1   4   2   3
  1   3   3   9   1   1 0.06 0.08 0.08 0.10   0   0   0   0   4   2   3   4   1
  1   3   3   0   0   1 0.06 0.08 0.08 0.10   1   1   0   0   4   1   3   4   2
  1   3   6   5   1   2 0.06 0.06 0.04 0.06   0   0   0   0   4   4   3   1   2
  1   3   3   0   0   1 0.02 0.04 0.10 0.12   0   0   1   1   5   2   4   1   3
  1   3   3   7   1   1 0.02 0.04 0.06 0.08   0   0   0   0   6   2   1   4   3
  1   5   6   0   0   2 0.08 0.08 0.06 0.08   0   0   1   1   1   3   4   2   1
  1   5   3   0   0   1 0.04 0.06 0.06 0.08   0   0   1   1   1   1   3   4   2
  1   5   4   0   0   2 0.08 0.08 0.02 0.04   0   1   0   0   1   1   3   4   2
  0   5   8   0   0   1 0.00 0.00 0.00 0.00   0   0   1   0   1   1   3   4   2
  1   5   4  -3   1   2 0.10 0.04 0.02 0.04   0   0   0   0   1   3   4   2   1
  1   5   6   0   0   2 0.10 0.04 0.04 0.06   1   0   0   1   1   1   4   2   3
  1   5   2  -3   1   2 0.06 0.06 0.04 0.02   0   0   0   0   1   4   3   2   1
  1   5   5  -1   1   1 0.04 0.06 0.02 0.04   0   0   0   0   1   4   3   1   2
  0   5   9   5   1   1 0.00 0.00 0.00 0.00   0   0   0   0   1   3   2   4   1
  1   5   2   0   0   2 0.06 0.06 0.06 0.02   0   0   1   0   1   1   4   2   3
  1   5   4   0   0   2 0.08 0.08 0.02 0.04   0   1   0   0   1   2   3   1   4
  0   5   3   7   1   1 0.00 0.00 0.00 0.00   0   0   0   0   1   1   2   3   4
  1   5   1   0   0   1 0.06 0.08 0.02 0.04   0   1   0   0   1   4   1   2   3
  1   5   6   0   0   2 0.08 0.04 0.02 0.04   1   0   0   0   1   2   1   4   3
  1   5   6   0   0   2 0.04 0.04 0.04 0.06   0   0   0   1   1   3   4   2   1
  1   5   2   5   1   2 0.04 0.06 0.04 0.02   0   0   0   0   1   2   3   4   1
  1   5   4   0   0   2 0.06 0.06 0.06 0.02   0   0   1   0   1   3   4   1   2
  1   5   3   0   0   1 0.06 0.04 0.04 0.06   0   0   0   1   1   1   3   2   4
  1   5   1   0   0   1 0.08 0.04 0.04 0.02   1   0   0   0   1   4   3   1   2
  1   5   3   7   1   1 0.04 0.06 0.06 0.02   0   0   0   0   1   1   3   4   2
  1   5   3   0   0   1 0.04 0.06 0.06 0.04   0   0   0   1   1   1   2   4   3
  1   5   6   8   1   2 0.06 0.08 0.02 0.04   0   0   0   0   1   1   4   3   2
  1   5   5   0   0   1 0.06 0.08 0.08 0.02   0   1   1   0   1   1   2   4   3
  0   5   6  -5   1   1 0.00 0.00 0.00 0.00   0   0   0   0   1   4   1   3   2
  1   5   3   7   1   1 0.06 0.04 0.04 0.02   0   0   0   0   1   3   4   2   1
  1   5   5   0   0   1 0.08 0.04 0.04 0.04   1   0   0   0   1   3   2   4   1
  1   5   2   0   0   2 0.08 0.08 0.02 0.04   1   1   0   0   1   2   1   3   4
  1   5   1  -1   1   1 0.04 0.06 0.06 0.04   0   0   0   0   1   1   4   3   2
  0   5   5   9   1   1 0.00 0.00 0.00 0.00   0   0   0   0   1   4   3   2   1
  1   5   1  -1   1   1 0.04 0.06 0.06 0.06   0   0   0   0   1   2   1   4   3
  0   5   4   7   1   1 0.00 0.00 0.00 0.00   0   0   0   0   1   2   1   4   3
  0   5   7  -5   1   1 0.00 0.00 0.00 0.00   0   0   0   0   1   2   4   1   3
  1   5   1   0   0   1 0.06 0.08 0.08 0.06   0   0   1   1   1   1   4   2   3
  1   5   3   0   0   1 0.06 0.08 0.04 0.02   0   1   0   0   1   4   1   3   2
  0   5  10   9   1   1 0.00 0.00 0.00 0.00   0   0   0   0   1   2   3   4   1
  1   5   5   0   0   1 0.08 0.04 0.04 0.02   1   0   0   0   1   4   1   3   2
  1   5   4   0   0   2 0.04 0.04 0.04 0.06   0   0   0   1   1   2   4   3   1
  1   5   5  -2   1   1 0.04 0.04 0.06 0.04   0   0   0   0   1   1   3   4   2
  0   5   2   2   1   1 0.00 0.00 0.00 0.00   0   0   0   0   1   4   3   2   1
  1   5   2   2   1   2 0.04 0.04 0.04 0.02   0   0   0   0   1   1   3   2   4
  1   5   1   0   0   1 0.04 0.06 0.06 0.04   0   0   0   1   1   4   1   3   2
  1   5   4  -3   1   2 0.06 0.06 0.06 0.02   0   0   0   0   1   2   4   1   3
  1   5   6   6   1   2 0.06 0.06 0.06 0.04   0   0   0   0   1   2   4   1   3
  0   5   1  -2   1   1 0.00 0.00 0.00 0.00   0   0   0   0   1   4   1   3   2
  1   5   2   0   0   2 0.08 0.08 0.08 0.04   1   1   1   1   1   1   2   4   3
  1   5   5   0   0   1 0.06 0.06 0.08 0.02   0   0   1   0   1   1   2   3   4
  1   5   6   7   1   2 0.04 0.04 0.04 0.02   0   0   0   0   2   2   4   1   3
  1   5   3   0   0   1 0.06 0.08 0.04 0.02   0   1   0   0   2   1   4   2   3
  1   5   4  -6   1   2 0.04 0.04 0.04 0.02   0   0   0   0   2   4   1   3   2
  0   5   8  -8   1   1 0.00 0.00 0.00 0.00   0   0   0   0   2   3   4   1   2
  1   5   6   0   0   2 0.06 0.06 0.06 0.04   1   0   1   0   2   3   4   1   2
  1   5   2   5   1   2 0.02 0.06 0.02 0.04   0   0   0   0   2   4   1   3   2
  1   5   4   0   0   2 0.02 0.08 0.02 0.06   0   0   0   1   2   1   4   3   2
  1   5   1   0   0   1 0.08 0.04 0.04 0.04   1   0   0   0   2   4   1   3   2
  1   5   6   0   0   2 0.04 0.08 0.04 0.02   0   1   0   0   2   1   2   4   3
  1   5   6   7   1   2 0.04 0.04 0.04 0.02   0   0   0   0   2   4   3   2   1
  1   5   4  -3   1   2 0.06 0.04 0.06 0.04   0   0   0   0   2   1   2   3   4
  1   5   3   0   0   1 0.04 0.04 0.06 0.04   0   0   1   0   2   4   2   1   3
  1   5   1   3   1   1 0.04 0.06 0.02 0.06   0   0   0   0   2   1   3   4   2
  1   5   3   8   1   1 0.06 0.06 0.02 0.06   0   0   0   0   2   1   3   2   4
  1   5   5   0   0   1 0.06 0.08 0.04 0.08   0   1   0   1   2   2   3   1   4
  1   5   5   0   0   1 0.08 0.04 0.04 0.04   1   0   0   0   2   3   2   4   1
  1   5   2   0   0   2 0.06 0.06 0.06 0.04   0   0   1   0   2   4   2   3   1
  1   5   1  -3   1   1 0.04 0.04 0.06 0.04   0   0   0   0   2   2   3   4   1
  1   5   3   0   0   1 0.04 0.06 0.06 0.06   0   0   1   1   2   2   1   3   4
  1   5   5  -6   1   1 0.06 0.06 0.02 0.02   0   0   0   0   2   1   2   4   3
  1   5   4   0   0   2 0.08 0.06 0.02 0.06   1   0   0   1   2   4   1   2   3
  1   5   1   0   0   1 0.06 0.08 0.02 0.02   0   1   0   0   2   3   1   2   4
  1   5   2   5   1   2 0.04 0.08 0.02 0.02   0   0   0   0   2   2   4   3   1
  1   5   5   0   0   1 0.08 0.04 0.04 0.04   1   0   1   0   2   2   3   4   1
  1   5   3   9   1   1 0.04 0.04 0.02 0.04   0   0   0   0   3   1   4   3   2
  1   5   6   0   0   2 0.04 0.08 0.04 0.02   0   1   0   0   3   4   1   3   2
  1   5   4   0   0   2 0.06 0.04 0.04 0.04   1   0   0   0   3   3   2   1   4
  1   5   1   0   0   1 0.04 0.06 0.02 0.06   0   0   0   1   3   2   1   4   3
  1   5   6   7   1   2 0.02 0.04 0.06 0.04   0   0   0   0   3   2   4   3   1
  1   5   3  10   1   1 0.06 0.06 0.04 0.02   0   0   0   0   3   1   3   4   2
  1   5   5   0   0   1 0.06 0.08 0.04 0.02   0   1   0   0   3   4   1   2   3
  1   5   5   0   0   1 0.08 0.04 0.06 0.04   0   0   1   0   3   4   1   2   3
  1   5   2   2   1   2 0.02 0.06 0.06 0.06   0   0   0   0   3   1   2   3   4
  1   5   3   0   0   1 0.08 0.04 0.02 0.04   1   0   0   0   3   2   3   4   1
  1   5   4   0   0   2 0.04 0.06 0.08 0.06   0   0   1   1   3   1   3   4   2
  1   5   1   2   1   1 0.04 0.06 0.02 0.06   0   0   0   0   3   3   1   4   2
  1   5   5  -3   1   1 0.04 0.06 0.04 0.06   0   0   0   0   3   4   1   2   3
  1   5   6   0   0   2 0.04 0.08 0.04 0.02   1   0   0   0   4   4   2   1   3
  1   5   4   0   0   2 0.02 0.08 0.04 0.02   0   1   0   0   4   4   1   2   3
  1   5   1   0   0   1 0.06 0.08 0.04 0.08   0   1   0   1   4   4   1   3   2
  1   5   5  -3   1   1 0.06 0.04 0.06 0.04   0   0   0   0   4   1   3   2   4
  1   5   5   0   0   1 0.08 0.04 0.06 0.04   0   0   1   1   4   1   3   2   4
  1   5   3   8   1   1 0.08 0.06 0.02 0.02   0   0   0   0   4   4   2   1   3
  1   5   4   0   0   2 0.02 0.04 0.06 0.04   0   0   0   1   4   4   2   3   1
  1   5   6   0   0   2 0.04 0.04 0.06 0.02   0   0   1   0   5   1   4   3   2
  1   5   4  -6   1   2 0.04 0.06 0.02 0.02   0   0   0   0   5   1   4   2   3
  1   5   1   0   0   1 0.10 0.06 0.02 0.02   1   0   0   0   5   4   3   2   1
  1   5   5  -6   1   1 0.06 0.08 0.04 0.04   0   0   0   0   5   1   4   3   2
  1   5   4   0   0   2 0.06 0.06 0.02 0.04   0   0   1   0   5   4   1   2   3
  1   5   6   0   0   2 0.06 0.08 0.02 0.04   1   0   0   0   6   4   1   2   3
  1   5   1   0   0   1 0.06 0.08 0.04 0.04   0   1   0   0   6   2   3   4   1
  1   5   4   0   0   2 0.02 0.08 0.02 0.06   0   1   0   1   6   3   2   4   1
  1   5   6   7   1   2 0.02 0.04 0.04 0.02   0   0   0   0   7   4   1   2   3
  1   5   1   0   0   1 0.08 0.04 0.06 0.06   1   0   1   1   7   4   1   2   3
  1   5   4  -4   1   2 0.04 0.04 0.04 0.02   0   0   0   0   7   2   4   3   1
  1   5   1  -3   1   1 0.04 0.04 0.02 0.02   0   0   0   0   8   2   4   3   1
  0   1  10   7   1   1 0.00 0.00 0.00 0.00   0   0   0   0   1   1   3   4   2
  0   1   6  -2   1   1 0.00 0.00 0.00 0.00   0   0   0   0   1   3   4   2   1
  1   1   4   0   0   2 0.04 0.06 0.06 0.04   0   0   1   1   1   2   1   3   4
  0   1   8  -3   1   1 0.00 0.00 0.00 0.00   0   0   0   0   1   2   4   3   1
  1   1   3   0   0   1 0.04 0.06 0.02 0.02   0   1   0   0   1   3   2   1   4
  1   1   2   7   1   2 0.06 0.06 0.02 0.02   0   0   0   0   1   3   1   2   4
  1   1   2   0   0   2 0.06 0.08 0.02 0.02   0   1   0   0   1   3   4   1   2
  1   1   4   0   0   2 0.08 0.04 0.04 0.04   1   0   0   0   1   3   2   4   1
  1   1   1   0   0   1 0.06 0.02 0.04 0.04   0   0   1   0   1   2   1   3   4
  0   1   7  -6   1   1 0.00 0.00 0.00 0.00   0   0   0   0   1   2   3   1   4
  1   1   3   0   0   1 0.06 0.02 0.02 0.04   1   0   0   0   1   3   2   4   1
  1   1   6   8   1   2 0.04 0.04 0.04 0.04   0   0   0   0   1   1   2   3   4
  1   1   6   0   0   2 0.04 0.06 0.06 0.06   0   0   1   1   1   1   2   3   4
  1   1   3   8   1   1 0.02 0.04 0.02 0.06   0   0   0   0   1   1   3   4   2
  1   1   6   8   1   2 0.06 0.06 0.02 0.02   0   0   0   0   1   2   4   1   3
  0   1   5  10   1   1 0.00 0.00 0.00 0.00   0   0   0   0   1   4   3   2   1
  0   1   4   0   0   1 0.00 0.00 0.00 0.00   0   0   1   0   1   1   3   4   2
  1   1   1   0   0   1 0.02 0.04 0.04 0.06   0   0   0   1   1   3   1   4   2
  1   1   6   0   0   2 0.06 0.08 0.02 0.02   1   1   0   0   1   2   3   4   1
  1   1   5   0   0   1 0.04 0.06 0.04 0.02   1   1   0   0   1   1   3   4   2
  1   1   5   0   0   1 0.02 0.02 0.06 0.02   0   0   1   0   1   1   3   4   2
  1   1   6   6   1   2 0.02 0.04 0.04 0.04   0   0   0   0   1   3   2   4   1
  1   1   4   0   0   2 0.02 0.04 0.04 0.04   1   0   0   0   1   3   4   1   2
  1   1   6   0   0   2 0.02 0.06 0.06 0.06   0   0   1   1   1   2   1   3   4
  1   1   2   3   1   2 0.02 0.06 0.02 0.02   0   0   0   0   1   4   1   3   2
  1   1   3   0   0   1 0.02 0.02 0.02 0.04   1   0   1   0   1   4   3   2   1
  1   1   4   0   0   2 0.04 0.08 0.02 0.02   0   1   0   0   1   3   2   4   1
  1   1   1   1   1   1 0.02 0.04 0.02 0.04   0   0   0   0   1   3   1   2   4
  0   1   1  -4   1   1 0.00 0.00 0.00 0.00   0   0   0   0   1   2   3   4   1
  1   1   4  -6   1   2 0.04 0.04 0.04 0.04   0   0   0   0   1   4   3   1   2
  1   1   3   0   0   1 0.02 0.04 0.02 0.06   0   0   0   1   1   1   2   4   3
  1   1   4  -3   1   2 0.06 0.04 0.04 0.04   0   0   0   0   1   4   3   1   2
  1   1   1   0   0   1 0.04 0.06 0.04 0.02   0   1   0   0   1   2   1   4   3
  1   1   3   8   1   1 0.04 0.02 0.04 0.02   0   0   0   0   1   4   1   2   3
  1   1   5   0   0   1 0.06 0.02 0.06 0.04   1   0   1   0   1   3   1   2   4
  0   1   3   5   1   1 0.00 0.00 0.00 0.00   0   0   0   0   1   3   2   4   1
  0   1   2   1   1   1 0.00 0.00 0.00 0.00   0   0   0   0   1   2   4   3   1
  1   1   5  -2   1   1 0.02 0.04 0.02 0.04   0   0   0   0   1   1   2   3   4
  0   1   9   7   1   1 0.00 0.00 0.00 0.00   0   0   0   0   1   3   2   4   1
  1   1   1   0   0   1 0.02 0.04 0.02 0.06   0   0   0   1   1   4   3   1   2
  1   1   2   0   0   2 0.06 0.06 0.06 0.06   0   0   1   1   1   1   4   3   2
  1   1   2   0   0   2 0.08 0.06 0.02 0.02   1   0   0   0   1   4   2   1   3
  1   1   1   0   0   1 0.04 0.06 0.04 0.02   0   0   0   1   1   2   3   1   4
  1   1   5  -4   1   1 0.04 0.06 0.04 0.02   0   0   0   0   1   2   1   3   4
  1   1   2   0   0   2 0.04 0.08 0.02 0.02   0   1   0   0   1   2   3   4   1
  1   1   5   0   0   1 0.06 0.08 0.06 0.02   0   1   1   0   1   4   3   2   1
  1   1   4  -4   1   2 0.04 0.04 0.04 0.04   0   0   0   0   2   4   1   2   3
  1   1   3   0   0   1 0.06 0.04 0.02 0.04   1   0   0   0   2   4   1   3   2
  1   1   2   7   1   2 0.06 0.04 0.04 0.04   0   0   0   0   2   3   1   4   2
  1   1   4   0   0   2 0.06 0.06 0.06 0.06   0   0   1   1   2   1   3   4   2
  1   1   1  -3   1   1 0.02 0.04 0.02 0.04   0   0   0   0   2   2   1   3   4
  1   1   3   0   0   1 0.02 0.06 0.04 0.06   0   0   0   1   2   4   2   3   1
  1   1   6   0   0   2 0.08 0.06 0.02 0.02   1   0   0   0   2   3   4   2   1
  0   1   4   7   1   1 0.00 0.00 0.00 0.00   0   0   0   0   2   4   2   3   1
  1   1   1   0   0   1 0.04 0.06 0.04 0.02   1   0   0   0   2   1   4   2   3
  1   1   6   0   0   2 0.04 0.08 0.02 0.02   0   1   0   0   2   4   2   3   1
  1   1   5   0   0   1 0.02 0.08 0.06 0.02   0   1   1   0   2   4   2   1   3
  1   1   5  -5   1   1 0.02 0.04 0.02 0.04   0   0   0   0   2   2   4   3   1
  1   1   4  -4   1   2 0.04 0.04 0.04 0.04   0   0   0   0   2   1   3   4   2
  1   1   6   0   0   2 0.06 0.04 0.04 0.04   1   0   0   0   2   1   2   4   3
  1   1   3  10   1   1 0.04 0.04 0.02 0.04   0   0   0   0   2   3   4   2   1
  1   1   4   0   0   2 0.02 0.06 0.06 0.06   0   0   1   1   2   1   3   4   2
  1   1   3   0   0   1 0.04 0.06 0.04 0.06   0   0   0   1   2   1   3   4   2
  1   1   1  -4   1   1 0.06 0.06 0.04 0.02   0   0   0   0   2   4   3   2   1
  1   1   5  -3   1   1 0.06 0.08 0.06 0.02   0   0   0   0   2   2   3   4   1
  1   1   1   0   0   1 0.08 0.08 0.06 0.04   1   1   1   0   2   2   1   4   3
  1   1   2   3   1   2 0.02 0.06 0.02 0.02   0   0   0   0   2   1   4   3   2
  1   1   2   0   0   2 0.04 0.08 0.02 0.02   0   0   0   0   2   4   3   2   1
  1   1   1   2   1   1 0.04 0.04 0.02 0.04   0   0   0   0   2   2   4   3   1
  1   1   2   0   0   2 0.04 0.08 0.04 0.04   0   1   0   0   2   1   2   4   3
  1   1   5   0   0   1 0.04 0.04 0.02 0.06   0   0   0   1   2   4   3   2   1
  1   1   3   8   1   1 0.06 0.06 0.04 0.02   0   0   0   0   3   2   4   1   3
  1   1   4  -6   1   2 0.06 0.04 0.04 0.04   0   0   0   0   3   1   3   2   4
  1   1   3  10   1   1 0.06 0.06 0.04 0.02   0   0   0   0   3   4   3   1   2
  1   1   6   0   0   2 0.06 0.04 0.06 0.06   1   0   1   1   3   2   1   3   4
  1   1   1   0   0   1 0.08 0.08 0.06 0.04   1   1   0   0   3   3   1   2   4
  1   1   6   7   1   2 0.02 0.06 0.02 0.02   0   0   0   0   3   4   2   3   1
  1   1   5  -5   1   1 0.04 0.04 0.06 0.04   0   0   0   0   3   4   2   1   3
  1   1   6   7   1   2 0.02 0.06 0.02 0.02   0   0   0   0   3   1   4   2   3
  1   1   4   0   0   2 0.04 0.08 0.04 0.04   0   1   0   0   3   3   1   2   4
  1   1   3   0   0   1 0.04 0.04 0.08 0.06   0   0   1   1   3   2   4   1   3
  1   1   1   2   1   1 0.06 0.06 0.04 0.02   0   0   0   0   3   1   4   3   2
  1   1   2   6   1   2 0.04 0.04 0.04 0.04   0   0   0   0   3   1   4   2   3
  1   1   2   0   0   2 0.06 0.04 0.06 0.06   0   0   1   1   3   3   4   1   2
  1   1   5  -4   1   1 0.06 0.06 0.04 0.02   0   0   0   0   3   3   4   2   1
  1   1   6   0   0   2 0.06 0.06 0.02 0.02   0   1   0   0   4   4   2   1   3
  1   1   1   0   0   1 0.08 0.08 0.06 0.04   0   0   1   0   4   4   1   2   3
  1   1   4   0   0   2 0.08 0.02 0.02 0.02   1   0   0   0   4   1   4   2   3
  1   1   3   0   0   1 0.08 0.08 0.02 0.04   1   1   0   0   4   3   2   1   4
  1   1   2   7   1   2 0.04 0.02 0.04 0.04   0   0   0   0   4   3   2   4   1
  1   1   6  10   1   2 0.04 0.04 0.04 0.04   0   0   0   0   5   2   4   1   3
  1   1   1   0   0   1 0.04 0.04 0.02 0.06   0   0   0   1   5   4   3   2   1
  1   1   4   0   0   2 0.06 0.04 0.06 0.06   0   0   0   1   5   3   1   2   4
  1   1   3   8   1   1 0.04 0.04 0.04 0.02   0   0   0   0   5   3   2   4   1
  1   1   1   0   0   1 0.06 0.06 0.04 0.02   1   0   0   0   6   2   3   1   4
  1   1   4   0   0   2 0.06 0.06 0.06 0.02   0   0   1   0   6   3   1   2   4
  1   1   1   0   0   1 0.02 0.06 0.06 0.04   0   0   1   0   7   3   2   4   1
  1   1   4   0   0   2 0.08 0.06 0.02 0.02   1   0   0   0   7   1   3   2   4
  1   1   1   6   1   1 0.02 0.08 0.02 0.04   0   0   0   0   8   3   2   1   4
  1   1   4   0   0   2 0.04 0.08 0.02 0.04   0   1   0   0   8   2   4   1   3
  1   1   4  -6   1   2 0.04 0.04 0.04 0.04   0   0   0   0   9   2   3   4   1
  1   2   2   0   0   2 0.06 0.04 0.04 0.06   0   0   0   1   1   1   4   3   2
  1   2   6   0   0   2 0.06 0.06 0.06 0.02   0   0   1   0   1   3   4   2   1
  1   2   5   0   0   1 0.04 0.08 0.02 0.06   0   1   0   1   1   2   3   4   1
  0   2   3   5   1   1 0.00 0.00 0.00 0.00   0   0   0   0   1   2   4   1   3
  0   2   5   9   1   1 0.00 0.00 0.00 0.00   0   0   0   0   1   4   1   3   2
  1   2   6   0   0   2 0.08 0.06 0.02 0.02   1   0   0   0   1   1   2   4   3
  1   2   4   0   0   2 0.04 0.08 0.02 0.04   0   1   0   0   1   3   1   4   2
  1   2   4  -5   1   2 0.04 0.04 0.04 0.04   0   0   0   0   1   2   3   1   4
  1   2   1  -4   1   1 0.04 0.04 0.04 0.02   0   0   0   0   1   1   4   2   3
  0   2   8  -5   1   1 0.00 0.00 0.00 0.00   0   0   0   0   1   1   4   3   2
  1   2   3   0   0   1 0.06 0.04 0.04 0.02   1   0   0   0   1   1   2   3   4
  1   2   1   0   0   1 0.02 0.06 0.06 0.04   0   0   1   0   1   3   1   4   2
  1   2   5  -5   1   1 0.02 0.06 0.02 0.04   0   0   0   0   1   2   3   1   4
  0   2   2   4   1   1 0.00 0.00 0.00 0.00   0   0   0   0   1   3   2   1   4
  0   2  10  10   1   1 0.00 0.00 0.00 0.00   0   0   0   0   1   1   2   3   4
  1   2   5   0   0   1 0.04 0.08 0.02 0.06   0   1   0   1   1   4   3   2   1
  0   2   7  -5   1   1 0.00 0.00 0.00 0.00   0   0   0   0   1   1   2   3   4
  1   2   2   0   0   2 0.06 0.04 0.04 0.06   0   0   0   1   1   2   4   3   1
  1   2   2   0   0   2 0.06 0.06 0.06 0.02   1   1   1   0   1   4   1   2   3
  1   2   5  -4   1   1 0.04 0.04 0.04 0.02   0   0   0   0   1   2   4   3   1
  1   2   2  -4   1   2 0.02 0.02 0.02 0.02   0   0   0   0   1   3   1   2   4
  1   2   6   7   1   2 0.02 0.02 0.02 0.04   0   0   0   0   1   3   1   4   2
  1   2   4  -3   1   2 0.04 0.04 0.04 0.04   0   0   0   0   1   4   1   3   2
  1   2   1   0   0   1 0.06 0.04 0.04 0.02   1   0   0   0   1   2   1   3   4
  1   2   5   0   0   1 0.02 0.06 0.06 0.04   1   0   0   0   1   4   3   1   2
  1   2   1   0   0   1 0.02 0.06 0.06 0.04   0   0   1   0   1   1   2   4   3
  1   2   6   0   0   2 0.04 0.04 0.04 0.06   0   0   0   1   1   3   2   4   1
  1   2   5   0   0   1 0.02 0.08 0.02 0.06   0   0   0   1   1   1   4   3   2
  1   2   6   7   1   2 0.06 0.06 0.06 0.02   0   0   0   0   1   3   2   4   1
  1   2   4   0   0   2 0.06 0.06 0.06 0.02   1   1   0   0   1   1   4   2   3
  0   2   9   0   0   1 0.00 0.00 0.00 0.00   1   0   0   0   1   4   3   2   1
  0   2   6  -8   1   1 0.00 0.00 0.00 0.00   0   0   0   0   1   3   1   4   2
  1   2   2   0   0   2 0.02 0.02 0.08 0.04   0   0   1   0   1   4   1   2   3
  1   2   3   0   0   1 0.04 0.08 0.02 0.02   0   1   0   0   1   2   4   1   3
  1   2   6   7   1   2 0.02 0.02 0.04 0.04   0   0   0   0   1   4   3   2   1
  1   2   2   0   0   2 0.04 0.04 0.04 0.06   1   0   0   1   1   1   3   2   4
  1   2   3   7   1   1 0.04 0.04 0.04 0.02   0   0   0   0   1   1   4   2   3
  1   2   3   9   1   1 0.06 0.04 0.04 0.04   0   0   0   0   1   4   3   2   1
  1   2   4   0   0   2 0.02 0.04 0.06 0.02   0   0   1   0   1   2   3   1   4
  1   2   1   0   0   1 0.06 0.06 0.06 0.04   0   0   1   0   1   2   1   3   4
  1   2   3   0   0   1 0.08 0.06 0.02 0.06   1   0   0   1   1   3   1   2   4
  1   2   3   0   0   1 0.04 0.08 0.02 0.02   0   1   0   0   1   4   3   1   2
  0   2   1  -8   1   1 0.00 0.00 0.00 0.00   0   0   0   0   1   1   3   2   4
  1   2   1   2   1   1 0.04 0.04 0.04 0.02   0   0   0   0   1   2   4   3   1
  1   2   4   0   0   2 0.02 0.06 0.02 0.02   0   0   0   0   1   1   2   3   4
  0   2   4   6   1   1 0.00 0.00 0.00 0.00   0   0   0   0   1   3   2   1   4
  1   2   2   7   1   2 0.04 0.06 0.02 0.04   0   0   0   0   2   2   4   3   1
  1   2   6   0   0   2 0.04 0.08 0.04 0.04   0   1   0   0   2   4   3   2   1
  1   2   5  -7   1   1 0.06 0.04 0.04 0.04   0   0   0   0   2   1   4   3   2
  1   2   6   0   0   2 0.06 0.04 0.04 0.06   1   0   0   1   2   3   4   1   2
  1   2   4   0   0   2 0.02 0.04 0.06 0.02   0   0   1   0   2   2   1   3   4
  1   2   3   0   0   1 0.06 0.06 0.06 0.04   0   0   1   0   2   3   1   2   4
  1   2   1   0   0   1 0.08 0.06 0.02 0.06   0   0   0   1   2   2   3   4   1
  1   2   5  -5   1   1 0.08 0.08 0.02 0.02   0   0   0   0   2   2   3   4   1
  1   2   2   7   1   2 0.02 0.06 0.02 0.02   0   0   0   0   2   1   2   3   4
  1   2   2   6   1   2 0.04 0.06 0.02 0.04   0   0   0   0   2   3   4   2   1
  1   2   1   0   0   1 0.10 0.08 0.04 0.02   1   1   0   0   2   2   3   1   4
  1   2   5  -5   1   1 0.06 0.04 0.04 0.04   0   0   0   0   2   2   3   1   4
  1   2   1   0   0   1 0.06 0.04 0.06 0.04   1   0   1   0   2   3   1   2   4
  1   2   6   0   0   2 0.04 0.08 0.04 0.04   0   1   0   0   2   3   4   2   1
  1   2   5   0   0   1 0.02 0.06 0.02 0.06   0   0   0   1   2   1   2   3   4
  1   2   4   0   0   2 0.06 0.04 0.04 0.06   0   0   0   1   2   1   2   3   4
  0   2   9   7   1   1 0.00 0.00 0.00 0.00   0   0   0   0   2   4   3   1   2
  1   2   2   0   0   2 0.06 0.04 0.06 0.02   0   0   1   0   2   4   1   2   3
  1   2   3   9   1   1 0.02 0.06 0.02 0.02   0   0   0   0   2   4   3   1   2
  1   2   2   0   0   2 0.08 0.06 0.02 0.02   1   0   0   0   2   3   2   4   1
  1   2   4  -5   1   2 0.04 0.06 0.02 0.04   0   0   0   0   2   4   2   1   3
  1   2   1   0   0   1 0.04 0.08 0.04 0.02   0   1   1   0   2   3   4   1   2
  1   2   3   9   1   1 0.04 0.04 0.02 0.04   0   0   0   0   2   2   3   4   1
  1   2   3  10   1   1 0.06 0.04 0.02 0.04   0   0   0   0   2   1   3   2   4
  1   2   4   0   0   2 0.04 0.08 0.04 0.04   0   1   0   0   2   2   3   4   1
  1   2   6   0   0   2 0.06 0.04 0.04 0.06   0   0   0   1   3   3   1   4   2
  1   2   6   7   1   2 0.06 0.04 0.06 0.02   0   0   0   0   3   4   2   3   1
  1   2   4   0   0   2 0.08 0.06 0.06 0.02   1   0   1   0   3   3   4   2   1
  1   2   3   8   1   1 0.06 0.06 0.04 0.06   0   0   0   0   3   2   4   3   1
  1   2   1   0   0   1 0.08 0.06 0.04 0.06   1   0   1   1   3   3   1   2   4
  1   2   1   0   0   1 0.04 0.08 0.02 0.02   0   1   0   0   3   1   3   4   2
  1   2   1  -3   1   1 0.04 0.04 0.02 0.02   0   0   0   0   3   2   3   1   4
  1   2   6   0   0   2 0.04 0.06 0.02 0.04   1   0   1   0   3   4   3   1   2
  1   2   5   0   0   1 0.06 0.04 0.04 0.04   0   0   1   0   3   3   4   1   2
  1   2   4   0   0   2 0.02 0.08 0.02 0.04   0   1   0   0   3   4   2   3   1
  1   2   2  -4   1   2 0.02 0.04 0.02 0.06   0   0   0   0   3   4   1   3   2
  1   2   2   0   0   2 0.04 0.04 0.04 0.06   0   0   0   1   3   3   1   2   4
  1   2   1  -4   1   1 0.06 0.06 0.02 0.04   0   0   0   0   3   4   1   3   2
  1   2   4  -6   1   2 0.04 0.06 0.04 0.02   0   0   0   0   3   3   2   4   1
  1   2   6   0   0   2 0.06 0.06 0.06 0.02   0   0   1   0   4   4   1   3   2
  1   2   4  -4   1   2 0.06 0.08 0.02 0.04   0   0   0   0   4   1   4   2   3
  1   2   1   0   0   1 0.08 0.06 0.02 0.06   1   0   0   1   4   1   2   4   3
  1   2   1  -4   1   1 0.04 0.08 0.04 0.02   0   0   0   0   4   3   4   2   1
  1   2   6   0   0   2 0.08 0.08 0.02 0.04   1   1   0   0   4   1   4   2   3
  1   2   5   0   0   1 0.04 0.08 0.04 0.02   0   1   0   0   4   4   3   1   2
  1   2   4   0   0   2 0.04 0.04 0.04 0.06   0   0   0   1   4   2   3   1   4
  1   2   2   7   1   2 0.04 0.04 0.04 0.02   0   0   0   0   4   1   4   2   3
  1   2   6   0   0   2 0.06 0.06 0.06 0.02   0   0   1   0   5   1   4   2   3
  1   2   1   0   0   1 0.06 0.04 0.06 0.04   0   0   1   0   5   1   4   3   2
  1   2   6  10   1   2 0.06 0.06 0.02 0.04   0   0   0   0   5   3   2   4   1
  1   2   5  -5   1   1 0.06 0.04 0.02 0.04   0   0   0   0   5   4   3   1   2
  1   2   4   0   0   2 0.08 0.08 0.02 0.04   1   1   0   0   5   1   3   2   4
  1   2   6   0   0   2 0.04 0.04 0.04 0.06   0   0   0   1   6   2   3   1   4
  1   2   1   0   0   1 0.08 0.06 0.02 0.06   1   0   0   1   6   2   1   3   4
  1   2   4  -6   1   2 0.04 0.04 0.04 0.02   0   0   0   0   6   1   4   2   3
  1   2   6   7   1   2 0.06 0.06 0.06 0.02   0   0   0   0   7   1   3   4   2
  1   2   1  -4   1   1 0.04 0.06 0.04 0.02   0   0   0   0   7   4   2   1   3
