  1   5   2   0   0   2 0.50 0.50 0.50 0.50   0   1   0   0   1   3   4   1   2
  1   5   1  -2   1   1 0.90 0.90 0.90 0.90   0   0   0   0   1   1   4   2   3
  1   5   4  -4   1   2 0.50 0.46 0.50 0.50   0   0   0   0   1   1   4   2   3
  0   5   9   5   1   1 0.00 0.00 0.00 0.00   0   0   0   0   1   2   3   4   1
  1   5   2  -2   1   2 0.52 0.46 0.52 0.52   0   0   0   0   1   2   1   4   3
  1   5   5   0   0   1 0.90 0.90 0.90 0.90   1   0   1   0   1   2   1   4   3
  1   5   1  -2   1   1 0.86 0.92 0.86 0.92   0   0   0   0   1   4   3   2   1
  1   5   5  -2   1   1 0.86 0.92 0.86 0.92   0   0   0   0   1   2   4   3   1
  0   5   8  -2   1   1 0.00 0.00 0.00 0.00   0   0   0   0   1   3   2   1   4
  1   5   1  -3   1   1 0.88 0.94 0.88 0.94   0   0   0   0   1   4   3   1   2
  1   5   6   3   1   2 0.52 0.48 0.52 0.52   0   0   0   0   1   1   4   2   3
  1   5   2  -3   1   2 0.54 0.48 0.54 0.54   0   0   0   0   1   4   2   1   3
  1   5   2  -1   1   2 0.54 0.50 0.54 0.54   0   0   0   0   1   2   4   3   1
  0   5   1  -7   1   1 0.00 0.00 0.00 0.00   0   0   0   0   1   1   4   2   3
  1   5   4  -4   1   2 0.56 0.50 0.56 0.56   0   0   0   0   1   4   3   2   1
  0   5   4   3   1   1 0.00 0.00 0.00 0.00   0   0   0   0   1   1   3   2   4
  0   5  10   6   1   1 0.00 0.00 0.00 0.00   0   0   0   0   1   3   1   4   2
  1   5   3   3   1   1 0.88 0.94 0.88 0.94   0   0   0   0   1   1   3   2   4
  0   5   7   0   1   1 0.00 0.00 0.00 0.00   0   0   0   0   1   1   4   3   2
  1   5   3   0   0   1 0.90 0.96 0.90 0.96   1   1   1   1   1   3   4   1   2
  1   5   6   3   1   2 0.56 0.52 0.56 0.56   0   0   0   0   1   4   2   1   3
  1   5   6   3   1   2 0.58 0.52 0.58 0.58   0   0   0   0   1   1   2   4   3
  1   5   3   3   1   1 0.86 0.92 0.86 0.92   0   0   0   0   1   4   2   3   1
  0   5   5   5   1   1 0.00 0.00 0.00 0.00   0   0   0   0   1   1   4   2   3
  1   5   2  -1   1   2 0.58 0.54 0.58 0.58   0   0   0   0   1   2   4   1   3
  1   5   5   0   1   1 0.86 0.92 0.86 0.92   0   0   0   0   1   3   1   2   4
  1   5   4   0   0   2 0.60 0.54 0.60 0.60   1   0   1   0   1   4   2   1   3
  1   5   4   0   0   2 0.56 0.56 0.56 0.60   1   0   0   0   1   2   3   4   1
  1   5   1  -7   1   1 0.88 0.94 0.88 0.94   0   0   0   0   1   1   4   2   3
  1   5   1   0   0   1 0.88 0.94 0.88 0.94   1   0   1   0   1   4   2   3   1
  1   5   5   0   0   1 0.84 0.96 0.84 0.96   1   0   0   0   1   2   3   4   1
  1   5   2   1   1   2 0.52 0.56 0.56 0.62   0   0   0   0   1   2   3   4   1
  1   5   6   5   1   2 0.52 0.58 0.58 0.62   0   0   0   0   1   4   1   2   3
  1   5   4  -4   1   2 0.54 0.58 0.58 0.64   0   0   0   0   1   4   2   1   3
  1   5   5   0   0   1 0.80 0.96 0.84 0.96   1   0   0   0   1   3   4   1   2
  1   5   4   0   0   2 0.54 0.60 0.60 0.64   1   0   0   0   1   3   4   2   1
  1   5   6   0   0   2 0.50 0.60 0.60 0.66   1   0   1   0   1   1   3   4   2
  1   5   1   0   0   1 0.76 0.98 0.86 0.98   1   1   1   1   1   2   4   1   3
  0   5   6  -8   1   1 0.00 0.00 0.00 0.00   0   0   0   0   1   4   2   1   3
  1   5   5   0   0   1 0.72 0.94 0.82 0.94   1   0   1   0   1   4   2   3   1
  1   5   3   0   0   1 0.68 0.94 0.78 0.94   1   1   1   1   1   3   4   2   1
  1   5   3   2   1   1 0.64 0.90 0.74 0.90   0   0   0   0   1   4   1   3   2
  0   5   2  -2   1   1 0.00 0.00 0.00 0.00   0   0   0   0   1   4   2   3   1
  1   5   3   0   0   1 0.64 0.90 0.74 0.90   1   1   1   1   1   4   3   2   1
  1   5   6   4   1   2 0.46 0.62 0.56 0.66   0   0   0   0   1   2   4   3   1
  0   5   3  -1   1   1 0.00 0.00 0.00 0.00   0   0   0   0   1   2   4   3   1
  1   5   2   0   1   2 0.46 0.62 0.56 0.68   0   0   0   0   2   2   1   3   4
  1   5   5  -3   1   1 0.60 0.86 0.70 0.86   0   0   0   0   2   1   3   4   2
  1   5   3  -1   1   1 0.60 0.86 0.70 0.86   0   0   0   0   2   1   4   2   3
  1   5   4  -7   1   2 0.48 0.64 0.58 0.68   0   0   0   0   2   2   4   1   3
  1   5   4   1   1   2 0.48 0.64 0.58 0.70   0   0   0   0   2   1   3   2   4
  1   5   1   0   0   1 0.62 0.88 0.72 0.88   1   0   1   0   2   1   2   3   4
  1   5   5   0   0   1 0.58 0.88 0.68 0.88   1   0   1   0   2   3   2   1   4
  1   5   5   0   0   1 0.54 0.90 0.64 0.90   1   0   1   0   2   2   1   3   4
  1   5   4   0   0   2 0.50 0.66 0.60 0.70   1   0   1   0   2   2   1   3   4
  1   5   6   3   1   2 0.46 0.66 0.56 0.72   0   0   0   0   2   4   3   1   2
  1   5   1   0   0   1 0.50 0.90 0.60 0.90   0   0   1   0   2   2   4   1   3
  1   5   5   0   1   1 0.50 0.92 0.56 0.92   0   0   0   0   2   4   2   3   1
  1   5   3   0   0   1 0.52 0.92 0.56 0.92   1   0   0   0   2   2   1   4   3
  1   5   3   0   1   1 0.48 0.94 0.58 0.94   0   0   0   0   2   1   2   4   3
  1   5   1   0   0   1 0.48 0.94 0.58 0.94   1   0   1   0   3   1   3   4   2
  1   5   5  -1   1   1 0.44 0.96 0.54 0.96   0   0   0   0   3   1   3   2   4
  1   5   5   0   0   1 0.44 0.96 0.54 0.96   1   1   1   0   3   2   3   4   1
  1   5   4   0   0   2 0.46 0.68 0.56 0.72   1   0   0   0   3   2   1   3   4
  1   5   1   0   0   1 0.40 0.92 0.50 0.98   1   0   1   0   3   4   3   2   1
  1   5   3   1   1   1 0.36 0.92 0.46 0.98   0   0   0   0   3   4   3   2   1
  1   5   1   0   0   1 0.36 0.94 0.46 1.00   1   0   1   0   4   1   2   3   4
  1   5   5  -1   1   1 0.32 0.94 0.42 1.00   0   0   0   0   4   4   3   2   1
  1   5   4  -4   1   2 0.42 0.68 0.58 0.74   0   0   0   0   4   3   4   2   1
  1   5   1   0   1   1 0.32 0.96 0.42 1.00   0   0   0   0   4   3   4   1   2
  1   5   1   0   1   1 0.34 0.96 0.44 1.00   0   0   0   0   5   1   2   3   4
  1   3   5   0   0   1 0.34 0.98 0.44 1.00   0   1   0   0   1   2   3   1   4
  1   3   5   0   0   1 0.36 0.94 0.46 1.00   1   1   0   0   1   2   4   3   1
  1   3   1  -2   1   1 0.32 0.90 0.46 1.00   0   0   0   0   1   4   1   2   3
  1   3   3   0   0   1 0.32 0.90 0.48 1.00   0   1   0   0   1   1   2   3   4
  1   3   6   3   1   2 0.42 0.70 0.58 0.74   0   0   0   0   1   1   3   2   4
  1   3   6   0   0   2 0.44 0.70 0.60 0.76   1   1   1   1   1   2   3   1   4
  0   3   8  -2   1   1 0.00 0.00 0.00 0.00   0   0   0   0   1   3   1   2   4
  1   3   4   0   0   2 0.40 0.66 0.56 0.72   1   1   1   1   1   4   1   3   2
  1   3   4  -1   0   2 0.36 0.62 0.52 0.68   1   1   1   1   1   2   3   4   1
  0   3   6  -5   1   1 0.00 0.00 0.00 0.00   0   0   0   0   1   1   2   4   3
  0   3   7  -3   1   1 0.00 0.00 0.00 0.00   0   0   0   0   1   4   3   1   2
  1   3   4   0   0   2 0.32 0.58 0.48 0.64   1   0   1   0   1   3   1   4   2
  1   3   5   0   0   1 0.34 0.86 0.48 1.00   1   1   1   1   1   1   2   4   3
  1   3   3   3   1   1 0.30 0.82 0.44 0.96   0   0   0   0   1   1   4   2   3
  1   3   6   5   1   2 0.28 0.58 0.44 0.64   0   0   0   0   1   4   3   2   1
  1   3   2   0   0   2 0.28 0.60 0.44 0.66   1   1   1   0   1   1   2   3   4
  1   3   4   0   1   2 0.24 0.56 0.40 0.66   0   0   0   0   1   2   1   3   4
  1   3   1  -3   1   1 0.30 0.82 0.44 0.96   0   0   0   0   1   2   3   4   1
  1   3   2   0   0   2 0.24 0.56 0.40 0.68   1   1   1   0   1   3   4   1   2
  1   3   2   0   0   2 0.20 0.52 0.36 0.68   1   0   1   0   1   3   4   1   2
  1   3   5   0   0   1 0.32 0.84 0.46 0.98   1   1   1   1   1   1   3   2   4
  1   3   5   0   0   1 0.28 0.80 0.42 0.94   1   1   1   1   1   1   2   3   4
  1   3   6   0   0   2 0.16 0.52 0.32 0.70   1   1   1   1   1   4   2   1   3
  1   3   3   0   0   1 0.24 0.76 0.38 0.90   1   1   1   0   1   3   2   4   1
  0   3   2  -1   1   1 0.00 0.00 0.00 0.00   0   0   0   0   1   2   4   1   3
  0   3   9   4   1   1 0.00 0.00 0.00 0.00   0   0   0   0   1   2   3   1   4
  0   3   3   0   1   1 0.00 0.00 0.00 0.00   0   0   0   0   1   3   2   1   4
  1   3   3   5   1   1 0.20 0.72 0.34 0.90   0   0   0   0   1   1   4   2   3
  1   3   1   0   0   1 0.20 0.72 0.34 0.92   1   1   1   1   1   3   2   4   1
  0   3   1  -3   1   1 0.00 0.00 0.00 0.00   0   0   0   0   1   2   1   3   4
  1   3   3   0   0   1 0.16 0.68 0.30 0.88   1   1   1   1   1   3   4   2   1
  1   3   5  -6   1   1 0.12 0.64 0.26 0.84   0   0   0   0   1   1   2   4   3
  1   3   1   0   0   1 0.12 0.64 0.26 0.84   1   0   1   0   1   2   3   1   4
  1   3   2   0   0   2 0.12 0.48 0.28 0.66   1   1   1   1   1   3   1   2   4
  1   3   2   0   0   2 0.08 0.44 0.24 0.62   0   1   1   1   1   4   2   1   3
  1   3   2   0   0   2 0.08 0.40 0.20 0.58   0   0   1   0   1   4   1   2   3
  1   3   1   0   0   1 0.08 0.66 0.22 0.86   0   1   1   1   1   3   4   1   2
  1   3   6   3   1   2 0.10 0.40 0.16 0.58   0   0   0   0   1   1   3   2   4
  1   3   3   0   0   1 0.08 0.62 0.18 0.82   1   1   1   1   1   4   1   2   3
  1   3   4   0   0   2 0.10 0.42 0.16 0.60   1   1   1   1   1   1   4   3   2
  0   3  10   7   1   1 0.00 0.00 0.00 0.00   0   0   0   0   1   1   2   3   4
  0   3   4   2   1   1 0.00 0.00 0.00 0.00   0   0   0   0   1   3   4   1   2
  1   3   1   0   0   1 0.04 0.58 0.14 0.78   0   1   0   1   1   4   3   2   1
  1   3   6   5   1   2 0.06 0.38 0.12 0.56   0   0   0   0   1   2   1   4   3
  1   3   4  -3   1   2 0.06 0.38 0.12 0.56   0   0   0   0   1   3   2   4   1
  0   3   5   3   1   1 0.00 0.00 0.00 0.00   0   0   0   0   1   1   4   2   3
  1   3   5   0   0   1 0.04 0.54 0.14 0.74   0   1   0   0   2   1   4   2   3
  1   3   5   0   0   1 0.06 0.50 0.16 0.74   0   1   1   1   2   1   4   3   2
  1   3   3   1   1   1 0.06 0.46 0.12 0.70   0   0   0   0   2   4   2   3   1
  1   3   6   3   1   2 0.08 0.40 0.14 0.58   0   0   0   0   2   2   3   4   1
  1   3   4  -2   1   2 0.08 0.40 0.14 0.58   0   0   0   0   2   2   1   4   3
  1   3   4   0   1   2 0.10 0.42 0.16 0.60   0   0   0   0   2   4   3   1   2
  1   3   4   0   0   2 0.10 0.42 0.16 0.60   0   1   0   1   2   2   4   1   3
  1   3   5   0   0   1 0.08 0.46 0.12 0.70   0   1   0   1   2   1   3   2   4
  1   3   2  -2   1   2 0.12 0.38 0.18 0.56   0   0   0   0   2   1   2   4   3
  1   3   2   0   1   2 0.12 0.38 0.18 0.56   0   0   0   0   2   1   3   4   2
  1   3   2   0   0   2 0.14 0.40 0.20 0.58   0   1   0   1   2   4   1   2   3
  1   3   5   0   0   1 0.08 0.42 0.14 0.66   0   1   1   1   2   4   2   1   3
  1   3   5   0   0   1 0.10 0.38 0.10 0.62   0   1   0   1   2   2   1   3   4
  1   3   6   0   0   2 0.14 0.36 0.20 0.54   1   1   1   1   2   4   2   1   3
  1   3   3   0   0   1 0.10 0.34 0.10 0.58   0   1   0   1   2   2   4   1   3
  1   3   1   0   0   1 0.12 0.30 0.12 0.54   0   1   0   1   2   4   2   1   3
  1   3   3   0   0   1 0.12 0.26 0.12 0.50   0   1   0   1   2   2   4   1   3
  1   3   1   0   0   1 0.14 0.22 0.14 0.46   0   0   0   1   2   3   1   2   4
  1   3   2   0   0   2 0.10 0.32 0.16 0.50   0   1   0   1   2   4   1   2   3
  1   3   2   0   0   2 0.10 0.28 0.16 0.46   0   0   0   1   2   4   2   1   3
  1   3   2   0   0   2 0.12 0.28 0.18 0.42   0   1   1   1   2   1   3   4   2
  1   3   1   0   0   1 0.14 0.22 0.14 0.42   0   0   0   1   2   3   4   2   1
  1   3   3   0   0   1 0.16 0.24 0.16 0.38   0   0   0   1   2   2   3   1   4
  1   3   4   0   0   2 0.12 0.24 0.14 0.38   0   1   0   1   2   2   1   3   4
  1   3   1   0   0   1 0.16 0.24 0.16 0.34   0   0   0   1   2   2   1   4   3
  1   3   5   0   0   1 0.18 0.26 0.18 0.30   1   1   1   1   3   1   4   3   2
  1   3   5   0   0   1 0.14 0.22 0.14 0.26   0   0   0   1   3   4   3   2   1
  1   3   4   0   0   2 0.14 0.20 0.14 0.34   0   0   0   1   3   2   3   4   1
  1   3   5   0   0   1 0.14 0.22 0.14 0.22   0   0   0   1   3   1   4   3   2
  1   3   2   0   0   2 0.14 0.20 0.16 0.30   0   0   0   1   3   4   3   2   1
  1   3   5   0   0   1 0.16 0.24 0.16 0.18   0   0   0   1   3   4   3   2   1
  1   3   5   0   0   1 0.16 0.24 0.16 0.14   0   1   0   0   3   3   2   4   1
  1   3   6   0   0   2 0.16 0.22 0.16 0.26   0   0   0   1   3   2   4   3   1
  1   3   3   0   0   1 0.18 0.20 0.18 0.14   1   0   0   0   3   3   1   4   2
  1   3   1   0   0   1 0.14 0.20 0.18 0.16   0   0   1   0   3   4   1   3   2
  1   3   3   0   0   1 0.14 0.22 0.14 0.16   0   1   0   1   3   1   2   3   4
  1   3   1   0   0   1 0.16 0.18 0.14 0.12   0   0   1   0   3   4   2   1   3
  1   3   2   0   1   2 0.16 0.22 0.18 0.22   0   0   0   0   3   1   4   2   3
  1   3   2   0   0   2 0.18 0.24 0.18 0.22   1   0   1   0   3   4   3   2   1
  1   3   2   0   0   2 0.14 0.24 0.14 0.24   1   1   1   0   3   3   2   1   4
  1   3   1   0   0   1 0.16 0.18 0.10 0.12   1   0   0   0   3   1   4   3   2
  1   3   3   0   1   1 0.12 0.20 0.10 0.14   0   0   0   0   3   3   1   2   4
  1   3   4   0   1   2 0.10 0.20 0.10 0.24   0   0   0   0   3   4   1   2   3
  1   3   1  -1   1   1 0.12 0.20 0.12 0.14   0   0   0   0   3   3   2   4   1
  1   3   5   0   0   1 0.14 0.22 0.12 0.16   1   0   1   0   4   4   1   3   2
  1   3   5   0   0   1 0.10 0.22 0.08 0.16   1   1   1   0   4   1   3   2   4
  1   3   4  -1   1   2 0.10 0.20 0.10 0.26   0   0   0   0   4   1   4   3   2
  1   3   5  -4   1   1 0.06 0.18 0.04 0.18   0   0   0   0   4   1   3   4   2
  1   3   2   0   1   2 0.12 0.22 0.12 0.26   0   0   0   0   4   4   2   3   1
  1   3   5   0   1   1 0.06 0.18 0.04 0.18   0   0   0   0   4   2   1   3   4
  1   3   5   0   1   1 0.08 0.20 0.06 0.20   0   0   0   0   4   2   4   1   3
  1   3   6   3   1   2 0.12 0.22 0.12 0.28   0   0   0   0   4   4   1   3   2
  1   3   3   2   1   1 0.08 0.20 0.06 0.20   0   0   0   0   4   4   2   3   1
  1   3   1  -1   1   1 0.10 0.22 0.08 0.22   0   0   0   0   4   4   1   3   2
  1   3   3   1   1   1 0.10 0.22 0.08 0.22   0   0   0   0   4   3   2   1   4
  1   3   1  -3   1   1 0.12 0.24 0.10 0.24   0   0   0   0   4   3   4   2   1
  1   3   2   0   1   2 0.14 0.24 0.14 0.28   0   0   0   0   4   3   2   1   4
  1   3   2   0   1   2 0.14 0.24 0.14 0.30   0   0   0   0   4   3   2   1   4
  1   3   1  -5   1   1 0.12 0.24 0.10 0.24   0   0   0   0   4   3   2   1   4
  1   3   5  -1   1   1 0.14 0.26 0.12 0.26   0   0   0   0   5   4   1   2   3
  1   3   5   0   1   1 0.14 0.26 0.12 0.26   0   0   0   0   5   1   2   3   4
  1   4   3   4   1   1 0.16 0.28 0.14 0.28   0   0   0   0   1   3   2   4   1
  1   4   1  -4   1   1 0.16 0.28 0.14 0.28   0   0   0   0   1   1   2   3   4
  1   4   3   2   1   1 0.18 0.30 0.16 0.30   0   0   0   0   1   4   1   2   3
  1   4   4  -3   1   2 0.16 0.26 0.16 0.30   0   0   0   0   1   3   2   1   4
  0   4   7  -3   1   1 0.00 0.00 0.00 0.00   0   0   0   0   1   4   1   3   2
  0   4   9   5   1   1 0.00 0.00 0.00 0.00   0   0   0   0   1   4   1   3   2
  1   4   1  -3   1   1 0.18 0.30 0.16 0.30   0   0   0   0   1   1   3   4   2
  0   4   2  -3   1   1 0.00 0.00 0.00 0.00   0   0   0   0   1   1   3   2   4
  1   4   2  -1   1   2 0.16 0.26 0.16 0.32   0   0   0   0   1   4   3   1   2
  0   4   1  -2   1   1 0.00 0.00 0.00 0.00   0   0   0   0   1   4   3   2   1
  1   4   1   0   1   1 0.20 0.32 0.18 0.32   0   0   0   0   1   4   1   2   3
  0   4   8   0   1   1 0.00 0.00 0.00 0.00   0   0   0   0   1   2   4   3   1
  1   4   2   0   1   2 0.18 0.28 0.18 0.32   0   0   0   0   1   3   4   1   2
  0   4   4   2   1   1 0.00 0.00 0.00 0.00   0   0   0   0   1   3   4   1   2
  1   4   2  -2   1   2 0.18 0.28 0.18 0.34   0   0   0   0   1   3   1   2   4
  0   4   5   3   1   1 0.00 0.00 0.00 0.00   0   0   0   0   1   4   2   3   1
  1   4   5  -2   1   1 0.20 0.32 0.18 0.32   0   0   0   0   1   4   3   2   1
  1   4   1  -5   1   1 0.22 0.34 0.20 0.34   0   0   0   0   1   3   2   4   1
  1   4   6   3   1   2 0.20 0.30 0.20 0.34   0   0   0   0   1   1   4   3   2
  1   4   6   5   1   2 0.20 0.30 0.20 0.36   0   0   0   0   1   4   3   1   2
  1   4   1  -4   1   1 0.22 0.34 0.20 0.34   0   0   0   0   1   1   3   2   4
  1   4   3   3   1   1 0.24 0.36 0.22 0.36   0   0   0   0   1   4   1   3   2
  1   4   1  -2   1   1 0.24 0.36 0.22 0.36   0   0   0   0   1   4   3   1   2
  1   4   6   2   1   2 0.22 0.32 0.22 0.36   0   0   0   0   1   2   1   4   3
  1   4   3   2   1   1 0.26 0.38 0.24 0.38   0   0   0   0   1   3   2   4   1
  0   4  10   6   1   1 0.00 0.00 0.00 0.00   0   0   0   0   1   2   4   1   3
  1   4   5  -6   1   1 0.26 0.38 0.24 0.38   0   0   0   0   1   2   3   4   1
  1   4   4  -5   1   2 0.22 0.32 0.22 0.38   0   0   0   0   1   3   1   2   4
  1   4   4  -4   1   2 0.24 0.34 0.24 0.38   0   0   0   0   1   4   2   1   3
  1   4   5  -3   1   1 0.28 0.40 0.26 0.40   0   0   0   0   1   3   4   1   2
  1   4   6  -3   1   2 0.24 0.34 0.24 0.40   0   0   0   0   1   3   2   1   4
  1   4   3   4   1   1 0.28 0.40 0.26 0.40   0   0   0   0   1   1   3   2   4
  1   4   4  -3   1   2 0.26 0.36 0.26 0.40   0   0   0   0   1   1   3   2   4
  1   4   6   2   1   2 0.26 0.36 0.26 0.42   0   0   0   0   1   1   3   2   4
  1   4   5  -2   1   1 0.30 0.42 0.28 0.42   0   0   0   0   1   3   2   1   4
  1   4   2  -3   1   2 0.28 0.38 0.28 0.42   0   0   0   0   1   4   3   2   1
  1   4   3   2   1   1 0.30 0.42 0.28 0.42   0   0   0   0   1   1   3   2   4
  1   4   6   0   0   2 0.28 0.38 0.28 0.44   1   0   1   0   1   1   3   2   4
  1   4   5   2   1   1 0.32 0.44 0.30 0.44   0   0   0   0   1   4   3   2   1
  1   4   4   0   1   2 0.24 0.40 0.24 0.44   0   0   0   0   1   2   3   4   1
  0   4   6  -3   1   1 0.00 0.00 0.00 0.00   0   0   0   0   1   2   3   1   4
  1   4   2   0   0   2 0.24 0.40 0.24 0.46   0   1   0   0   1   2   1   3   4
  1   4   4   0   0   2 0.26 0.36 0.26 0.46   1   0   1   1   1   1   4   2   3
  1   4   5   0   0   1 0.32 0.44 0.30 0.44   1   1   1   0   1   2   1   3   4
  1   4   2   0   0   2 0.22 0.36 0.22 0.42   0   1   0   0   1   2   3   4   1
  0   4   3   0   1   1 0.00 0.00 0.00 0.00   0   0   0   0   1   4   2   3   1
  1   4   6   2   1   2 0.22 0.32 0.22 0.42   0   0   0   0   2   2   3   4   1
  1   4   2   0   0   2 0.24 0.32 0.24 0.44   1   0   1   0   2   4   3   2   1
  1   4   4  -4   1   2 0.20 0.34 0.20 0.44   0   0   0   0   2   1   3   2   4
  1   4   5   0   0   1 0.28 0.40 0.26 0.46   1   1   1   0   2   1   3   4   2
  1   4   2   0   0   2 0.20 0.34 0.20 0.46   1   1   1   0   2   2   3   1   4
  1   4   2   0   0   2 0.16 0.30 0.16 0.46   0   1   0   0   3   2   3   4   1
  1   4   5   0   0   1 0.24 0.36 0.22 0.46   1   0   1   0   3   2   3   4   1
  1   4   2  -2   1   2 0.16 0.26 0.16 0.48   0   0   0   0   3   4   3   2   1
  1   4   2   0   1   2 0.18 0.26 0.18 0.48   0   0   0   0   4   2   3   4   1
  1   4   5   0   1   1 0.20 0.36 0.18 0.48   0   0   0   0   4   3   4   1   2
  1   1   6   3   1   2 0.18 0.28 0.18 0.50   0   0   0   0   1   4   1   2   3
  1   1   5  -3   1   1 0.20 0.38 0.18 0.48   0   0   0   0   1   1   4   2   3
  1   1   2  -3   1   2 0.20 0.28 0.20 0.50   0   0   0   0   1   3   1   2   4
  1   1   5  -2   1   1 0.22 0.38 0.20 0.50   0   0   0   0   1   2   4   3   1
  1   1   1  -2   1   1 0.22 0.40 0.20 0.50   0   0   0   0   1   4   1   2   3
  1   1   6   3   1   2 0.20 0.30 0.20 0.52   0   0   0   0   1   3   1   2   4
  1   1   3   1   1   1 0.24 0.40 0.22 0.52   0   0   0   0   1   1   2   3   4
  0   1  10   6   1   1 0.00 0.00 0.00 0.00   0   0   0   0   1   3   4   2   1
  1   1   4  -4   1   2 0.22 0.30 0.22 0.52   0   0   0   0   1   3   1   4   2
  1   1   5  -2   1   1 0.24 0.42 0.22 0.52   0   0   0   0   1   4   3   2   1
  1   1   2   0   1   2 0.22 0.32 0.22 0.54   0   0   0   0   1   3   2   4   1
  1   1   3   2   1   1 0.26 0.42 0.24 0.54   0   0   0   0   1   3   4   2   1
  1   1   1  -2   1   1 0.26 0.44 0.24 0.54   0   0   0   0   1   1   2   3   4
  1   1   1  -5   1   1 0.28 0.44 0.26 0.56   0   0   0   0   1   1   4   2   3
  1   1   6   5   1   2 0.24 0.32 0.24 0.54   0   0   0   0   1   3   1   2   4
  1   1   4  -4   1   2 0.24 0.34 0.24 0.56   0   0   0   0   1   4   2   1   3
  0   1   8  -1   1   1 0.00 0.00 0.00 0.00   0   0   0   0   1   2   1   3   4
  0   1   1  -8   1   1 0.00 0.00 0.00 0.00   0   0   0   0   1   2   3   1   4
  0   1   4   2   1   1 0.00 0.00 0.00 0.00   0   0   0   0   1   4   1   3   2
  1   1   2  -4   1   2 0.26 0.34 0.26 0.56   0   0   0   0   1   2   4   1   3
  0   1   9   5   1   1 0.00 0.00 0.00 0.00   0   0   0   0   1   2   3   1   4
  1   1   6   3   1   2 0.26 0.36 0.26 0.58   0   0   0   0   1   3   2   4   1
  0   1   3  -4   1   1 0.00 0.00 0.00 0.00   0   0   0   0   1   3   2   4   1
  1   1   1  -3   1   1 0.28 0.46 0.26 0.56   0   0   0   0   1   2   4   1   3
  1   1   1  -2   1   1 0.30 0.46 0.28 0.58   0   0   0   0   1   1   3   2   4
  1   1   5  -1   1   1 0.30 0.48 0.28 0.58   0   0   0   0   1   3   4   2   1
  1   1   2  -1   1   2 0.28 0.36 0.28 0.58   0   0   0   0   1   3   1   2   4
  0   1   6  -7   1   1 0.00 0.00 0.00 0.00   0   0   0   0   1   1   2   3   4
  0   1   2  -3   1   1 0.00 0.00 0.00 0.00   0   0   0   0   1   3   1   4   2
  1   1   6   3   1   2 0.28 0.38 0.28 0.60   0   0   0   0   1   1   2   3   4
  1   1   6   2   1   2 0.30 0.38 0.30 0.60   0   0   0   0   1   3   4   2   1
  1   1   3   0   1   1 0.32 0.48 0.30 0.60   0   0   0   0   1   4   3   2   1
  1   1   3   4   1   1 0.32 0.50 0.30 0.60   0   0   0   0   1   4   3   1   2
  1   1   4  -3   1   2 0.30 0.40 0.30 0.62   0   0   0   0   1   2   1   4   3
  1   1   4  -2   1   2 0.32 0.40 0.32 0.62   0   0   0   0   1   3   2   1   4
  1   1   2  -3   1   2 0.32 0.42 0.32 0.64   0   0   0   0   1   2   1   4   3
  1   1   4  -2   1   2 0.34 0.42 0.34 0.64   0   0   0   0   1   3   1   4   2
  1   1   3   3   1   1 0.34 0.50 0.32 0.62   0   0   0   0   1   1   4   3   2
  0   1   5   6   1   1 0.00 0.00 0.00 0.00   0   0   0   0   1   1   3   4   2
  1   1   1  -4   1   1 0.34 0.52 0.32 0.62   0   0   0   0   1   4   1   2   3
  1   1   3   0   0   1 0.36 0.52 0.34 0.64   0   1   0   0   1   1   2   4   3
  1   1   5   0   0   1 0.36 0.48 0.34 0.64   0   1   0   0   1   3   4   2   1
  1   1   4   0   0   2 0.34 0.44 0.34 0.66   0   1   0   0   1   4   2   3   1
  1   1   5  -3   1   1 0.38 0.44 0.36 0.66   0   0   0   0   1   1   2   3   4
  1   1   2  -2   1   2 0.36 0.40 0.36 0.66   0   0   0   0   1   2   1   3   4
  0   1   7  -7   1   1 0.00 0.00 0.00 0.00   0   0   0   0   1   3   4   2   1
  1   1   3   0   0   1 0.38 0.44 0.36 0.66   0   1   0   1   2   1   3   4   2
  1   1   5  -5   1   1 0.40 0.40 0.38 0.62   0   0   0   0   2   2   1   4   3
  1   1   4   0   1   2 0.36 0.40 0.36 0.68   0   0   0   0   2   1   4   3   2
  1   1   3   0   0   1 0.40 0.40 0.38 0.62   0   1   0   0   3   2   4   1   3
  1   1   3   2   1   1 0.42 0.36 0.40 0.64   0   0   0   0   4   4   1   3   2
  1   2   4  -5   1   2 0.38 0.42 0.38 0.68   0   0   0   0   1   4   3   2   1
  0   2   7  -4   1   1 0.00 0.00 0.00 0.00   0   0   0   0   1   1   4   3   2
  0   2   9   3   1   1 0.00 0.00 0.00 0.00   0   0   0   0   1   1   3   4   2
  1   2   2  -4   1   2 0.38 0.42 0.38 0.70   0   0   0   0   1   1   4   2   3
  0   2   2  -5   1   1 0.00 0.00 0.00 0.00   0   0   0   0   1   1   2   4   3
  1   2   1  -3   1   1 0.42 0.36 0.40 0.64   0   0   0   0   1   2   4   3   1
  1   2   6   5   1   2 0.40 0.44 0.40 0.70   0   0   0   0   1   3   2   1   4
  1   2   4  -3   1   2 0.40 0.44 0.40 0.72   0   0   0   0   1   1   3   4   2
  1   2   2  -3   1   2 0.42 0.46 0.42 0.72   0   0   0   0   1   2   4   3   1
  0   2   6  -6   1   1 0.00 0.00 0.00 0.00   0   0   0   0   1   2   1   4   3
  1   2   6   5   1   2 0.42 0.46 0.42 0.74   0   0   0   0   1   1   3   4   2
  1   2   5  -2   1   1 0.44 0.38 0.42 0.66   0   0   0   0   1   2   1   3   4
  1   2   4  -4   1   2 0.44 0.48 0.44 0.74   0   0   0   0   1   1   2   4   3
  0   2  10   4   1   1 0.00 0.00 0.00 0.00   0   0   0   0   1   2   4   1   3
  1   2   6   2   1   2 0.44 0.48 0.44 0.76   0   0   0   0   1   1   4   2   3
  1   2   5  -2   1   1 0.44 0.38 0.42 0.66   0   0   0   0   1   3   2   4   1
  1   2   1  -2   1   1 0.46 0.40 0.44 0.68   0   0   0   0   1   4   2   1   3
  1   2   3   3   1   1 0.46 0.40 0.44 0.68   0   0   0   0   1   2   1   4   3
  1   2   3   2   1   1 0.48 0.42 0.46 0.70   0   0   0   0   1   3   1   4   2
  1   2   5  -3   1   1 0.48 0.42 0.46 0.70   0   0   0   0   1   1   3   4   2
  1   2   4  -3   1   2 0.46 0.50 0.46 0.76   0   0   0   0   1   3   4   2   1
  1   2   6  -2   1   2 0.46 0.50 0.46 0.78   0   0   0   0   1   2   1   4   3
  1   2   3   3   1   1 0.50 0.44 0.48 0.72   0   0   0   0   1   1   4   3   2
  1   2   3   4   1   1 0.50 0.44 0.48 0.72   0   0   0   0   1   2   4   1   3
  1   2   2  -4   1   2 0.48 0.52 0.48 0.78   0   0   0   0   1   1   2   3   4
  0   2   5   3   1   1 0.00 0.00 0.00 0.00   0   0   0   0   1   4   2   3   1
  1   2   3   0   1   1 0.52 0.46 0.50 0.74   0   0   0   0   1   3   4   1   2
  1   2   6   0   0   2 0.48 0.52 0.48 0.80   1   1   1   1   1   1   2   4   3
  1   2   1   0   0   1 0.52 0.46 0.50 0.74   1   1   0   0   1   1   3   2   4
  0   2   1  -8   1   1 0.00 0.00 0.00 0.00   0   0   0   0   1   1   4   3   2
  1   2   1  -4   1   1 0.48 0.42 0.52 0.76   0   0   0   0   1   3   1   4   2
  1   2   5   0   0   1 0.48 0.42 0.52 0.76   1   1   1   1   1   2   4   3   1
  0   2   3  -3   1   1 0.00 0.00 0.00 0.00   0   0   0   0   1   1   3   2   4
  1   2   4   0   0   2 0.44 0.48 0.44 0.76   1   1   1   1   1   3   4   2   1
  1   2   5   0   0   1 0.44 0.38 0.48 0.72   1   1   1   1   1   3   2   4   1
  1   2   2  -2   1   2 0.40 0.44 0.40 0.72   0   0   0   0   1   4   2   1   3
  1   2   1  -5   1   1 0.40 0.34 0.44 0.68   0   0   0   0   1   1   4   2   3
  0   2   4   3   1   1 0.00 0.00 0.00 0.00   0   0   0   0   1   3   4   1   2
  1   2   1  -2   1   1 0.40 0.34 0.44 0.68   0   0   0   0   1   2   3   1   4
  1   2   2  -2   1   2 0.40 0.44 0.40 0.72   0   0   0   0   1   2   4   3   1
  1   2   2   0   1   2 0.42 0.46 0.42 0.74   0   0   0   0   1   1   3   2   4
  1   2   3   2   1   1 0.42 0.36 0.46 0.70   0   0   0   0   1   2   3   4   1
  0   2   8  -3   1   1 0.00 0.00 0.00 0.00   0   0   0   0   1   1   3   4   2
  1   2   5  -4   1   1 0.42 0.36 0.46 0.70   0   0   0   0   1   2   4   3   1
  1   2   4  -4   1   2 0.42 0.46 0.42 0.74   0   0   0   0   1   4   1   3   2
  1   2   6   5   1   2 0.44 0.48 0.44 0.76   0   0   0   0   1   4   3   1   2
  1   2   6   4   1   2 0.44 0.48 0.44 0.76   0   0   0   0   2   2   1   3   4
  1   2   1  -6   1   1 0.44 0.38 0.48 0.72   0   0   0   0   2   3   2   1   4
  1   2   5  -5   1   1 0.44 0.38 0.48 0.72   0   0   0   0   2   3   1   4   2
  1   2   4  -6   1   2 0.46 0.50 0.46 0.78   0   0   0   0   2   2   1   4   3
  1   2   5  -3   1   1 0.46 0.40 0.50 0.74   0   0   0   0   2   3   4   1   2
