  1   1   2   4   0   1   1 0 1 0 1 0.90 0.50 0.90 0.50
  2   2   1   3   3   0   2 0 0 0 0 0.30 0.10 0.30 0.10
  3   1   2  13   0   1   2 0 1 0 1 0.40 0.10 0.40 0.10
  4   5   2   4   0   1   1 0 1 0 1 0.90 0.46 0.90 0.46
  5   3   1   4   0   1   1 0 1 0 1 0.70 0.40 0.70 0.40
  6   5   1  11   0   1   2 0 1 0 1 0.30 0.10 0.30 0.10
  7   3   2   3  -1   0   2 0 0 0 0 0.40 0.06 0.40 0.06
  8   1   1  11   6   0   2 0 0 0 0 0.32 0.06 0.32 0.06
  9   1   1   9   2   0   2 0 0 0 0 0.32 0.06 0.32 0.06
 10   2   2   3   0   1   2 0 1 0 1 0.42 0.06 0.42 0.06
 11   5   2   3   4   0   2 0 0 0 0 0.42 0.02 0.42 0.02
 12   2   1   8   0   1   1 1 1 1 1 0.70 0.36 0.70 0.36
 13   2   2  14   0   1   1 1 1 1 1 0.92 0.42 0.92 0.42
 14   5   2  14   0   1   1 0 1 0 1 0.88 0.38 0.88 0.38
 15   1   1  12   0   1   1 1 1 1 1 0.66 0.32 0.66 0.32
 16   4   1  12   0   1   1 1 1 1 1 0.62 0.28 0.62 0.28
 17   4   2  14   0   1   1 1 1 1 1 0.88 0.34 0.88 0.34
 18   5   1   7   0   1   2 1 1 1 1 0.34 0.08 0.34 0.08
 19   2   2   2   0   1   1 0 1 0 1 0.84 0.30 0.84 0.30
 20   3   1   6   0   1   1 1 1 1 1 0.58 0.24 0.58 0.24
 21   1   2  10   0   1   1 1 1 1 1 0.84 0.26 0.84 0.26
 22   3   1  14   0   1   1 0 1 0 1 0.54 0.20 0.54 0.20
 23   4   2  15   0   1   2 0 1 0 1 0.44 0.02 0.44 0.02
 24   1   1   4   5   0   1 0 0 0 0 0.54 0.16 0.54 0.16
 25   5   1  16   4   0   1 0 0 0 0 0.56 0.16 0.56 0.16
 26   5   2  16   5   0   1 0 0 0 0 0.80 0.22 0.80 0.22
 27   2   1   2   0   1   1 0 1 0 1 0.56 0.18 0.56 0.18
 28   2   1  13  -1   0   2 0 0 0 0 0.30 0.04 0.30 0.04
 29   5   2   2  -8   0   1 0 0 0 0 0.80 0.22 0.80 0.22
 30   4   2   3  -2   0   2 0 0 0 0 0.44 0.02 0.44 0.02
 31   2   1   5  -4   0   2 0 0 0 0 0.30 0.04 0.30 0.04
 32   4   1  16   3   0   1 0 0 0 0 0.58 0.14 0.58 0.14
 33   4   2   6  -3   0   1 0 0 0 0 0.82 0.24 0.82 0.24
 34   5   1   3   3   0   2 0 0 0 0 0.32 0.06 0.32 0.06
 35   5   1   5  -4   0   2 0 0 0 0 0.32 0.06 0.32 0.06
 36   5   2   1  -2   0   2 0 0 0 0 0.46 0.02 0.46 0.02
 37   5   2  15  -1   0   2 0 0 0 0 0.46 0.04 0.46 0.04
 38   1   2   2  -5   0   1 0 0 0 0 0.82 0.24 0.82 0.24
 39   4   2  12   7   0   1 0 0 0 0 0.84 0.26 0.84 0.26
 40   1   1   9   3   0   2 0 0 0 0 0.34 0.08 0.34 0.08
 41   4   1  13   2   0   2 0 0 0 0 0.34 0.08 0.34 0.08
 42   5   2   2  -6   0   1 0 0 0 0 0.84 0.26 0.84 0.26
 43   5   1   2  -8   0   1 0 0 0 0 0.58 0.14 0.58 0.14
 44   5   1  15   2   0   2 0 0 0 0 0.36 0.10 0.36 0.10
 45   1   2  10   1   0   1 0 0 0 0 0.86 0.28 0.86 0.28
 46   3   1  16   5   0   1 0 0 0 0 0.60 0.16 0.60 0.16
 47   1   2  12   6   0   1 0 0 0 0 0.86 0.28 0.86 0.28
 48   4   2  10   0   1   1 0 1 0 1 0.88 0.30 0.88 0.30
 49   5   1   8   6   0   1 0 0 0 0 0.60 0.16 0.60 0.16
 50   2   1   1   0   0   2 0 0 0 0 0.36 0.10 0.36 0.10
 51   2   2  16   4   0   1 0 0 0 0 0.88 0.26 0.88 0.26
 52   2   2   5  -4   0   2 0 0 0 0 0.48 0.04 0.48 0.04
 53   1   1  10   0   1   1 0 1 0 1 0.62 0.18 0.62 0.18
 54   3   1  15   0   1   2 0 1 0 1 0.38 0.12 0.38 0.12
 55   3   2  14   0   1   1 0 1 0 1 0.90 0.26 0.90 0.26
 56   2   1  16   0   1   1 1 1 1 1 0.62 0.14 0.62 0.14
 57   2   1  14   0   1   1 1 1 1 1 0.58 0.10 0.58 0.10
 58   3   2  13  -1   0   2 0 0 0 0 0.48 0.06 0.48 0.06
 59   3   2  15   0   1   2 0 1 0 1 0.50 0.06 0.50 0.06
 60   3   2  13   0   1   2 0 1 0 1 0.50 0.02 0.50 0.02
 61   5   1   3   0   1   2 0 1 0 1 0.38 0.08 0.38 0.08
 62   1   2  11   0   1   2 0 1 0 1 0.52 0.02 0.52 0.02
 63   2   2  11   2   0   2 0 0 0 0 0.52 0.02 0.52 0.02
 64   4   1   4   0   1   1 1 1 1 1 0.54 0.06 0.54 0.06
 65   2   2   7   4   0   2 0 0 0 0 0.54 0.02 0.54 0.02
 66   5   1   9   0   1   2 0 1 0 1 0.40 0.04 0.40 0.04
 67   1   1  14   0   1   1 0 1 0 1 0.50 0.02 0.50 0.02
 68   1   2   7   0   1   2 0 1 0 1 0.54 0.04 0.54 0.04
 69   1   2  15   0   1   2 0 1 0 1 0.56 0.02 0.56 0.02
 70   3   1  13  -1   0   2 0 0 0 0 0.40 0.02 0.40 0.02
 71   2   1  15   0   1   2 0 1 0 1 0.42 0.02 0.42 0.02
 72   2   1  16   0   1   1 0 1 0 1 0.50 0.02 0.50 0.02
 73   1   2   9   0   0   2 0 0 0 0 0.56 0.02 0.56 0.02
 74   1   1   7   0   1   2 0 1 0 1 0.42 0.02 0.42 0.02
 75   3   1   5  -3   0   2 0 0 0 0 0.44 0.02 0.44 0.02
 76   5   1   5  -3   0   2 0 0 0 0 0.44 0.02 0.44 0.02
 77   5   1  14  -1   0   1 0 0 0 0 0.52 0.02 0.52 0.02
 78   5   1  15  -1   0   2 0 0 0 0 0.46 0.04 0.46 0.04
 79   1   2  11   3   0   2 0 0 0 0 0.58 0.02 0.58 0.02
 80   2   1   2   0   1   1 1 0 1 0 0.52 0.02 0.52 0.02
 81   4   2   8   0   1   1 0 1 0 1 0.90 0.22 0.90 0.22
 82   3   2  10   0   1   1 0 1 0 1 0.92 0.18 0.92 0.18
 83   3   1   9  -1   0   2 0 0 0 0 0.46 0.04 0.46 0.04
 84   5   2  14  -1   0   1 0 0 0 0 0.92 0.14 0.92 0.14
 85   4   2  13  -2   0   2 0 0 0 0 0.58 0.04 0.58 0.04
 86   4   1   1  -2   0   2 0 0 0 0 0.48 0.06 0.48 0.06
 87   3   2   5  -3   0   2 0 0 0 0 0.60 0.04 0.60 0.04
 88   1   1  15   2   0   2 0 0 0 0 0.48 0.06 0.48 0.06
 89   4   1   6  -5   0   1 0 0 0 0 0.48 0.04 0.48 0.04
 90   2   2   4   6   0   1 0 0 0 0 0.94 0.14 0.94 0.14
 91   2   1   8   5   0   1 0 0 0 0 0.48 0.04 0.48 0.04
 92   1   2  14  -2   0   1 0 0 0 0 0.94 0.16 0.94 0.16
 93   5   1  15   2   0   2 0 0 0 0 0.50 0.08 0.50 0.08
 94   4   2   6  -5   0   1 0 0 0 0 0.96 0.16 0.96 0.16
 95   5   2   7   3   0   2 0 0 0 0 0.60 0.06 0.60 0.06
 96   2   2  11   3   0   2 0 0 0 0 0.62 0.06 0.62 0.06
 97   5   2   3   4   0   2 0 0 0 0 0.62 0.08 0.62 0.08
 98   5   1  10  -1   0   1 0 0 0 0 0.50 0.06 0.50 0.06
 99   1   1   1  -4   0   2 0 0 0 0 0.50 0.08 0.50 0.08
100   5   2   6  -6   0   1 0 0 0 0 0.96 0.18 0.96 0.18
101   2   2   1  -1   0   2 0 0 0 0 0.64 0.08 0.64 0.08
102   4   1   3   2   0   2 0 0 0 0 0.52 0.10 0.52 0.10
103   2   2   9   2   0   2 0 0 0 0 0.64 0.10 0.64 0.10
104   1   1   9   3   0   2 0 0 0 0 0.52 0.10 0.52 0.10
105   1   2   5  -4   0   2 0 0 0 0 0.66 0.10 0.66 0.10
106   2   1  11   3   0   2 0 0 0 0 0.54 0.12 0.54 0.12
107   1   1   6   0   1   1 1 0 1 0 0.50 0.06 0.50 0.06
108   3   1  13  -1   0   2 0 0 0 0 0.54 0.12 0.54 0.12
109   2   1  14  -1   0   1 0 0 0 0 0.46 0.08 0.46 0.08
110   5   1   2   0   1   1 1 0 1 0 0.46 0.08 0.46 0.08
111   2   2  10   3   0   1 0 0 0 0 0.98 0.18 0.98 0.18
112   2   1   4   0   1   1 1 0 1 0 0.42 0.10 0.42 0.10
113   1   1   1  -1   0   2 0 0 0 0 0.56 0.14 0.56 0.14
114   4   2   5  -2   0   2 0 0 0 0 0.66 0.12 0.66 0.12
115   3   2   7   3   0   2 0 0 0 0 0.68 0.12 0.68 0.12
116   1   1   8   3   0   1 0 0 0 0 0.38 0.10 0.38 0.10
117   4   2   6  -4   0   1 0 0 0 0 0.98 0.20 0.98 0.20
118   2   1   8   3   0   1 0 0 0 0 0.38 0.12 0.38 0.12
119   4   1  10  -1   0   1 0 0 0 0 0.40 0.12 0.40 0.12
120   1   1  11   5   0   2 0 0 0 0 0.56 0.14 0.56 0.14
121   3   1  14   0   1   1 0 0 1 0 0.40 0.14 0.40 0.14
122   5   2   9   0   0   2 0 0 0 0 0.68 0.14 0.68 0.14
123   4   1  15   0   1   2 1 0 1 0 0.58 0.16 0.58 0.16
124   3   1  10   1   0   1 0 0 0 0 0.42 0.14 0.36 0.14
125   4   1   3   3   0   2 0 0 0 0 0.54 0.16 0.54 0.16
126   1   2  12   7   0   1 0 0 0 0 1.00 0.20 1.00 0.20
127   5   1   4   4   0   1 0 0 0 0 0.42 0.16 0.36 0.16
128   2   1   6   0   1   1 1 0 1 0 0.44 0.16 0.38 0.16
129   2   2   6  -4   0   1 0 0 0 0 1.00 0.22 1.00 0.22
130   3   2   5  -4   0   2 0 0 0 0 0.70 0.14 0.70 0.14
131   2   2  15   1   0   2 0 0 0 0 0.70 0.16 0.70 0.16
132   4   1   1   0   0   2 0 0 0 0 0.54 0.18 0.54 0.18
133   1   1   7   4   0   2 0 0 0 0 0.56 0.18 0.56 0.18
134   5   2  11   6   0   2 0 0 0 0 0.72 0.16 0.72 0.16
135   3   1   2  -4   0   1 0 0 0 0 0.40 0.18 0.34 0.18
136   5   2   1  -4   0   2 0 0 0 0 0.72 0.18 0.72 0.18
137   5   1   5  -5   0   2 0 0 0 0 0.56 0.20 0.56 0.20
138   4   1   2  -7   0   1 0 0 0 0 0.40 0.18 0.34 0.18
139   2   1   4   0   1   1 1 1 0 0 0.42 0.20 0.36 0.20
140   3   1   2   0   1   1 0 1 0 1 0.38 0.16 0.36 0.20
141   1   2   1   0   1   2 0 1 0 1 0.74 0.18 0.74 0.18
142   2   1   4   0   1   1 0 1 0 1 0.38 0.12 0.38 0.16
143   3   2   2   0   1   1 1 1 1 1 1.00 0.22 1.00 0.22
144   2   2  12   0   1   1 0 1 0 1 0.96 0.18 0.96 0.18
145   1   1  16   0   1   1 0 1 0 1 0.40 0.08 0.38 0.12
146   5   2   5   0   1   2 0 1 0 1 0.74 0.14 0.74 0.14
147   3   2   2   0   1   1 1 1 1 1 0.96 0.14 0.96 0.14
148   4   1  11   0   1   2 0 1 0 1 0.58 0.20 0.58 0.20
149   5   2  12   0   1   1 1 1 1 1 0.92 0.10 0.92 0.10
150   3   2   9   0   1   2 1 1 1 1 0.76 0.10 0.76 0.10
151   5   2  16   0   1   1 1 1 1 1 0.88 0.06 0.88 0.06
152   5   2  10   0   1   1 0 1 0 1 0.84 0.02 0.84 0.02
153   5   1   7   0   1   2 1 1 1 1 0.58 0.16 0.58 0.16
154   5   1  10   0   1   1 1 0 1 1 0.40 0.04 0.40 0.08
155   4   2   9   0   1   2 1 0 1 0 0.72 0.06 0.72 0.06
156   1   2   8   7   0   1 0 0 0 0 0.84 0.02 0.84 0.02
157   2   2  13  -1   0   2 0 0 0 0 0.68 0.06 0.68 0.06
158   2   2   9   1   0   2 0 0 0 0 0.68 0.08 0.68 0.08
159   5   1  12   6   0   1 0 0 0 0 0.36 0.04 0.36 0.04
160   4   2  13   0   0   2 0 0 0 0 0.70 0.08 0.70 0.08
161   3   1   7   3   0   2 0 0 0 0 0.54 0.12 0.54 0.12
162   4   2  13  -1   0   2 0 0 0 0 0.70 0.10 0.70 0.10
163   3   1  13  -1   0   2 0 0 0 0 0.54 0.12 0.54 0.12
164   1   1   5   1   1   2 0 1 0 1 0.56 0.14 0.56 0.14
165   5   1   3   0   1   2 0 1 0 1 0.56 0.10 0.56 0.10
166   3   1   4   0   1   1 0 1 0 0 0.36 0.06 0.36 0.04
167   3   2  12   9   0   1 0 0 0 0 0.86 0.02 0.86 0.02
168   2   2  11   6   0   2 0 0 0 0 0.72 0.10 0.72 0.10
169   3   1  15   0   1   2 1 0 1 0 0.58 0.06 0.58 0.06
170   3   2  15   4   0   2 0 0 0 0 0.72 0.12 0.72 0.12
171   4   1  10   0   0   1 0 0 0 0 0.38 0.02 0.38 0.06
172   2   1  14  -1   0   1 0 0 0 0 0.38 0.02 0.38 0.06
173   1   1   7   2   0   2 0 0 0 0 0.54 0.06 0.54 0.06
174   1   2   3   2   0   2 0 0 0 0 0.74 0.12 0.74 0.12
175   1   2   1   0   0   2 0 0 0 0 0.74 0.14 0.74 0.14
176   1   1  13   0   0   2 0 0 0 0 0.54 0.08 0.54 0.08
177   2   1   6  -2   0   1 0 0 0 0 0.40 0.04 0.40 0.08
178   4   2   3   5   0   2 0 0 0 0 0.76 0.14 0.76 0.14
179   3   2  15   4   0   2 0 0 0 0 0.76 0.16 0.76 0.16
180   5   2  12   9   0   1 0 0 0 0 0.86 0.04 0.86 0.04
181   2   1   5   0   1   2 1 0 1 0 0.56 0.08 0.56 0.08
182   1   1   6  -3   0   1 0 0 0 0 0.40 0.04 0.40 0.08
183   1   2   8   5   0   1 0 0 0 0 0.88 0.04 0.88 0.04
184   5   2   7   0   1   2 1 0 1 0 0.78 0.16 0.78 0.16
185   1   2   4   3   0   1 0 0 0 0 0.88 0.06 0.88 0.06
186   5   1  10   5   0   1 0 0 0 0 0.42 0.06 0.42 0.10
187   2   2  14   0   0   1 0 0 0 0 0.90 0.06 0.90 0.06
188   5   2   8   0   1   1 1 0 1 0 0.90 0.08 0.90 0.08
189   1   1  12   5   0   1 0 0 0 0 0.42 0.06 0.42 0.10
190   3   1   8   4   0   1 0 0 0 0 0.44 0.08 0.44 0.12
191   4   2   5  -4   0   2 0 0 0 0 0.74 0.18 0.74 0.18
192   3   2   8   5   0   1 0 0 0 0 0.86 0.08 0.86 0.08
193   1   2  14  -1   0   1 0 0 0 0 0.86 0.10 0.86 0.10
194   3   1   3   2   0   2 0 0 0 0 0.52 0.10 0.52 0.10
195   5   2  16   0   1   1 1 0 1 0 0.88 0.10 0.88 0.10
196   3   2  10   1   0   1 0 0 0 0 0.84 0.12 0.84 0.12
197   2   2   9   0   0   2 0 0 0 0 0.74 0.18 0.74 0.18
198   1   2   2  -3   0   1 0 0 0 0 0.84 0.12 0.84 0.12
199   3   2  14   0   0   1 0 0 0 0 0.86 0.14 0.86 0.14
200   1   1   2   0   1   1 1 0 1 0 0.44 0.08 0.44 0.12
201   1   1   3   0   1   2 0 1 0 1 0.52 0.10 0.52 0.10
202   2   1  13  -1   0   2 0 0 0 0 0.54 0.06 0.54 0.06
203   3   2  11   2   0   2 0 0 0 0 0.76 0.20 0.76 0.20
204   4   1  13  -2   0   2 0 0 0 0 0.54 0.06 0.54 0.06
205   3   1  12   4   0   1 0 0 0 0 0.40 0.10 0.40 0.14
206   1   2   3   2   0   2 0 0 0 0 0.76 0.20 0.76 0.20
207   4   2   7   2   0   2 0 0 0 0 0.78 0.22 0.78 0.22
208   1   1   8   4   0   1 0 0 0 0 0.40 0.10 0.40 0.14
209   1   1   3   3   0   2 0 0 0 0 0.56 0.08 0.56 0.08
210   4   1   8   0   1   1 0 0 1 1 0.42 0.12 0.42 0.16
211   2   2   5  -1   0   2 0 0 0 0 0.78 0.22 0.78 0.22
212   4   2  10  -1   0   1 0 0 0 0 0.86 0.14 0.86 0.14
213   3   2   4   3   0   1 0 0 0 0 0.88 0.16 0.88 0.16
214   2   2   1   0   0   2 0 0 0 0 0.80 0.24 0.80 0.24
215   3   2   8   3   0   1 0 0 0 0 0.88 0.16 0.88 0.16
216   2   2   2  -7   0   1 0 0 0 0 0.90 0.18 0.90 0.18
217   1   2  15  -3   0   2 0 0 0 0 0.80 0.24 0.80 0.24
218   2   1   3   2   0   2 0 0 0 0 0.56 0.08 0.56 0.08
219   5   2   6  -3   0   1 0 0 0 0 0.90 0.18 0.90 0.18
220   5   1  13   0   1   2 0 0 1 0 0.58 0.10 0.58 0.10
221   3   2  11   0   1   2 0 1 0 1 0.82 0.26 0.82 0.26
222   3   2   7   0   1   2 0 1 0 1 0.82 0.22 0.82 0.22
223   4   1   2   0   1   1 1 0 1 0 0.42 0.12 0.38 0.12
224   1   2  14   0   1   1 0 1 0 1 0.92 0.20 0.92 0.20
225   1   1  12   4   0   1 0 0 0 0 0.38 0.14 0.34 0.12
226   2   2   3   2   0   2 0 0 0 0 0.84 0.18 0.84 0.18
227   2   2   8   5   0   1 0 0 0 0 0.92 0.16 0.92 0.16
228   3   1  16   0   1   1 0 1 0 1 0.38 0.14 0.34 0.14
229   3   1  11   0   1   2 1 1 1 1 0.58 0.10 0.54 0.10
230   3   2  14   0   0   1 0 0 0 0 0.94 0.16 0.94 0.16
231   2   2   6   0   1   1 0 1 0 1 0.94 0.18 0.94 0.18
232   4   2  11   4   0   2 0 0 0 0 0.84 0.18 0.84 0.18
233   2   1  15   3   0   2 0 0 0 0 0.54 0.06 0.50 0.06
234   4   1   1   0   1   2 1 0 1 0 0.54 0.06 0.50 0.06
235   2   2  15   0   0   2 0 0 0 0 0.86 0.20 0.86 0.20
236   4   2  15   2   0   2 0 0 0 0 0.86 0.20 0.86 0.20
237   4   2   2  -6   0   1 0 0 0 0 0.96 0.14 0.96 0.14
238   4   2  12   6   0   1 0 0 0 0 0.96 0.14 0.96 0.14
239   3   2   6  -1   0   1 0 0 0 0 0.98 0.16 0.98 0.16
240   5   2   2  -8   0   1 0 0 0 0 0.98 0.16 0.98 0.16
241   3   2  10   0   0   1 0 0 0 0 1.00 0.18 1.00 0.18
242   5   2   6  -2   0   1 0 0 0 0 1.00 0.18 1.00 0.18
243   5   1   4   3   0   1 0 0 0 0 0.40 0.10 0.36 0.10
244   5   2  14  -1   0   1 0 0 0 0 1.00 0.20 1.00 0.20
245   1   2   9  -1   0   2 0 0 0 0 0.88 0.22 0.88 0.22
246   4   1  11   3   0   2 0 0 0 0 0.50 0.08 0.46 0.08
247   4   1   8   3   0   1 0 0 0 0 0.40 0.10 0.36 0.10
248   1   1   8   1   1   1 0 1 0 1 0.42 0.12 0.38 0.12
249   2   1   3   0   1   2 0 1 0 1 0.50 0.08 0.46 0.08
250   1   2   9   2   0   2 0 0 0 0 0.88 0.22 0.88 0.22
251   5   1   6  -3   0   1 0 0 0 0 0.42 0.08 0.38 0.08
252   4   2   9   2   0   2 0 0 0 0 0.90 0.24 0.90 0.24
253   1   2  16   5   0   1 0 0 0 0 1.00 0.20 1.00 0.20
254   4   1   2  -8   0   1 0 0 0 0 0.44 0.08 0.40 0.08
255   3   1  10   2   0   1 0 0 0 0 0.44 0.10 0.40 0.10
256   1   1   1   0   1   2 1 0 1 0 0.52 0.04 0.48 0.04
257   1   1  10   1   0   1 0 0 0 0 0.46 0.10 0.42 0.10
258   5   2  15   1   0   2 0 0 0 0 0.90 0.24 0.90 0.24
259   2   1  15   0   1   2 1 0 0 0 0.48 0.04 0.44 0.04
260   5   2   4   6   0   1 0 0 0 0 1.00 0.22 1.00 0.22
261   3   1  11   4   0   2 0 0 0 0 0.44 0.06 0.44 0.06
262   1   2  16   0   1   1 1 1 1 0 1.00 0.22 1.00 0.22
263   4   2   4   6   0   1 0 0 0 0 0.96 0.18 0.96 0.24
264   1   2  11   4   0   2 0 0 0 0 0.92 0.26 0.92 0.26
265   3   1   3   2   0   2 0 0 0 0 0.44 0.06 0.46 0.06
266   4   1   3   2   0   2 0 0 0 0 0.46 0.08 0.46 0.08
267   5   1   7   4   0   2 0 0 0 0 0.46 0.08 0.48 0.08
268   2   1  11   0   1   2 0 0 1 0 0.48 0.10 0.48 0.10
269   1   1  10   0   1   1 0 1 0 1 0.46 0.12 0.42 0.12
270   3   1   8   5   0   1 0 0 0 0 0.48 0.08 0.44 0.08
271   3   1   2   0   1   1 1 0 1 0 0.48 0.08 0.44 0.08
272   1   2   8   4   0   1 0 0 0 0 0.96 0.18 0.96 0.24
273   2   1   9   0   1   2 0 1 0 1 0.48 0.10 0.44 0.10
274   1   2   6  -3   0   1 0 0 0 0 0.98 0.20 0.98 0.26
275   5   1   9  -1   0   2 0 0 0 0 0.50 0.06 0.44 0.06
276   3   2   3   3   0   2 0 0 0 0 0.92 0.26 0.92 0.26
277   1   2  13   0   0   2 0 0 0 0 0.94 0.28 0.94 0.28
278   4   1   8   0   1   1 1 0 1 0 0.44 0.10 0.40 0.10
279   4   2   1  -1   0   2 0 0 0 0 0.94 0.28 0.94 0.28
280   1   1  14  -2   0   1 0 0 0 0 0.40 0.10 0.36 0.10
281   4   1  16   4   0   1 0 0 0 0 0.40 0.12 0.36 0.12
282   2   2   2  -3   0   1 0 0 0 0 0.98 0.20 0.98 0.26
283   2   2   8   5   0   1 0 0 0 0 1.00 0.22 1.00 0.28
284   2   1  10   0   0   1 0 0 0 0 0.42 0.12 0.38 0.12
285   3   1  15   0   0   2 0 0 0 0 0.50 0.06 0.46 0.06
286   4   1   7   4   0   2 0 0 0 0 0.52 0.08 0.46 0.08
287   4   2   3   4   0   2 0 0 0 0 0.96 0.30 0.96 0.30
288   3   1   9   2   0   2 0 0 0 0 0.52 0.08 0.48 0.08
289   3   1   6   0   1   1 1 1 1 1 0.42 0.14 0.38 0.14
290   2   2  13   0   0   2 0 0 0 0 0.96 0.30 0.96 0.30
291   5   1   6  -2   0   1 0 0 0 0 0.38 0.10 0.34 0.10
292   1   2   3   4   0   2 0 0 0 0 0.98 0.32 0.98 0.32
293   5   1  11   0   1   2 1 0 1 0 0.54 0.10 0.48 0.10
294   1   2   4   7   0   1 0 0 0 0 1.00 0.22 1.00 0.28
295   5   2   3   0   1   2 1 1 1 0 0.98 0.32 0.98 0.32
296   4   1   5  -2   0   2 0 0 0 0 0.50 0.10 0.44 0.10
297   5   2   8   4   0   1 0 0 0 0 1.00 0.24 1.00 0.30
298   5   2   9   2   0   2 0 0 0 0 0.94 0.28 0.94 0.34
299   3   1  10   2   0   1 0 0 0 0 0.38 0.10 0.34 0.10
300   1   1  11   0   1   2 1 1 1 0 0.50 0.12 0.44 0.12
301   2   1   2  -6   0   1 0 0 0 0 0.40 0.12 0.36 0.12
302   4   2   1  -6   0   2 0 0 0 0 0.94 0.28 0.94 0.34
303   4   1  14  -2   0   1 0 0 0 0 0.40 0.12 0.36 0.12
304   1   1  13  -1   0   2 0 0 0 0 0.46 0.08 0.40 0.12
305   4   2  16   4   0   1 0 0 0 0 1.00 0.24 1.00 0.30
306   5   1  11   5   0   2 0 0 0 0 0.46 0.08 0.40 0.14
307   2   2  13  -1   0   2 0 0 0 0 0.96 0.30 0.96 0.36
308   2   1   7   4   0   2 0 0 0 0 0.48 0.10 0.42 0.14
309   3   2   4   6   0   1 0 0 0 0 1.00 0.26 1.00 0.32
310   1   2   7   3   0   2 0 0 0 0 0.96 0.30 0.96 0.36
311   4   1  15   1   0   2 0 0 0 0 0.48 0.10 0.42 0.16
312   3   2  16   4   0   1 0 0 0 0 1.00 0.26 1.00 0.32
313   1   2  10  -1   0   1 0 0 0 0 1.00 0.28 1.00 0.34
314   4   1   9   0   0   2 0 0 0 0 0.50 0.12 0.44 0.16
315   2   2   8   6   0   1 0 0 0 0 1.00 0.28 1.00 0.34
316   3   1   1  -1   0   2 0 0 0 0 0.50 0.12 0.44 0.18
317   5   2   9  -1   0   2 0 0 0 0 0.98 0.32 0.98 0.38
318   1   1  14  -1   0   1 0 0 0 0 0.42 0.14 0.38 0.14
319   4   2   4   6   0   1 0 0 0 0 1.00 0.30 1.00 0.36
320   2   1  11   6   0   2 0 0 0 0 0.52 0.14 0.46 0.18
321   5   1   2  -9   0   1 0 0 0 0 0.42 0.14 0.38 0.14
322   2   1   1  -5   0   2 0 0 0 0 0.52 0.14 0.46 0.20
323   5   2  13  -1   0   2 0 0 0 0 0.98 0.32 0.98 0.38
324   4   1   5  -1   0   2 0 0 0 0 0.54 0.16 0.48 0.20
325   2   1  10   2   0   1 0 0 0 0 0.44 0.16 0.40 0.16
326   4   2  14   0   0   1 0 0 0 0 1.00 0.30 1.00 0.36
327   2   2   6  -4   0   1 0 0 0 0 1.00 0.32 1.00 0.38
328   1   2   5  -4   0   2 0 0 0 0 1.00 0.34 1.00 0.40
329   5   1  13  -2   0   2 0 0 0 0 0.54 0.16 0.48 0.22
330   4   1   4   6   0   1 0 0 0 0 0.44 0.16 0.40 0.16
331   4   1   6  -4   0   1 0 0 0 0 0.46 0.18 0.42 0.18
332   5   2   5   0   1   2 0 1 0 1 1.00 0.34 1.00 0.40
333   5   1   1   0   0   2 0 0 0 0 0.56 0.18 0.50 0.22
334   1   1  16   0   1   1 1 0 1 0 0.46 0.18 0.42 0.18
335   5   1  14  -1   0   1 0 0 0 0 0.42 0.20 0.38 0.20
336   5   1   8   5   0   1 0 0 0 0 0.42 0.20 0.38 0.20
337   4   1  11   0   1   2 1 0 1 0 0.56 0.18 0.50 0.24
338   1   1   5  -1   0   2 0 0 0 0 0.52 0.20 0.46 0.24
339   2   2  12   7   0   1 0 0 0 0 1.00 0.32 1.00 0.38
340   4   2  15   0   0   2 0 0 0 0 1.00 0.30 1.00 0.36
341   3   2   1  -1   0   2 0 0 0 0 1.00 0.30 1.00 0.36
342   4   1  15   2   0   2 0 0 0 0 0.52 0.20 0.46 0.26
343   5   1   6  -3   0   1 0 0 0 0 0.44 0.22 0.40 0.22
344   1   2   1  -4   0   2 0 0 0 0 1.00 0.32 1.00 0.38
345   5   1  14   0   0   1 0 0 0 0 0.44 0.22 0.40 0.22
346   4   1   6  -2   0   1 0 0 0 0 0.46 0.24 0.42 0.24
347   1   1   6  -2   0   1 0 0 0 0 0.46 0.24 0.42 0.24
348   2   1  12   5   0   1 0 0 0 0 0.48 0.26 0.44 0.26
349   2   1  13   0   0   2 0 0 0 0 0.54 0.22 0.48 0.26
350   2   2  15   2   0   2 0 0 0 0 1.00 0.32 1.00 0.38
351   3   1   9   1   1   2 0 0 1 0 0.54 0.22 0.48 0.28
352   5   2  12   4   0   1 0 0 0 0 1.00 0.34 1.00 0.40
353   2   2   3   2   0   2 0 0 0 0 1.00 0.34 1.00 0.40
354   4   1   9   0   1   2 1 0 1 0 0.56 0.24 0.44 0.28
355   3   2   1  -1   0   2 0 0 0 0 1.00 0.34 1.00 0.40
356   1   2  16   0   1   1 0 1 0 1 1.00 0.34 1.00 0.40
357   1   1   2  -6   0   1 0 0 0 0 0.48 0.26 0.44 0.26
358   3   2   1   0   0   2 0 0 0 0 1.00 0.36 1.00 0.42
359   1   1  15   3   0   2 0 0 0 0 0.52 0.24 0.40 0.30
360   3   2   6  -4   0   1 0 0 0 0 1.00 0.30 1.00 0.36
361   2   2  12   4   0   1 0 0 0 0 1.00 0.30 1.00 0.36
362   1   1   5   0   1   2 1 1 1 1 0.52 0.26 0.40 0.30
363   2   2   4   5   0   1 0 0 0 0 1.00 0.32 1.00 0.38
364   5   2  13  -3   0   2 0 0 0 0 1.00 0.36 1.00 0.42
365   2   2   7   5   0   2 0 0 0 0 1.00 0.38 1.00 0.44
366   1   2  13  -1   0   2 0 0 0 0 1.00 0.38 1.00 0.44
367   3   2  12   6   0   1 0 0 0 0 1.00 0.32 1.00 0.38
368   4   2   7   3   0   2 0 0 0 0 1.00 0.40 1.00 0.46
369   4   2  11   2   0   2 0 0 0 0 1.00 0.40 1.00 0.46
370   3   2   5  -1   0   2 0 0 0 0 1.00 0.42 1.00 0.48
371   3   2  16   4   0   1 0 0 0 0 1.00 0.34 1.00 0.40
372   3   1  16   4   0   1 0 0 0 0 0.50 0.28 0.46 0.28
373   1   2   6   0   1   1 0 1 0 1 1.00 0.34 1.00 0.40
374   5   2   5   0   1   2 0 1 0 1 1.00 0.42 1.00 0.48
375   4   1  12   0   1   1 0 1 0 1 0.50 0.28 0.46 0.28
376   2   2  10   0   1   1 0 1 0 1 1.00 0.30 1.00 0.36
377   1   2   5   0   1   2 0 1 0 1 1.00 0.38 1.00 0.44
378   2   2   5   0   1   2 0 1 0 1 1.00 0.34 1.00 0.40
379   2   1  12   0   1   1 0 1 0 1 0.52 0.24 0.48 0.24
380   3   2   3   0   1   2 0 1 0 1 1.00 0.30 1.00 0.36
381   2   1  12   0   1   1 1 1 1 1 0.52 0.20 0.48 0.20
382   5   2   4   0   1   1 0 1 0 1 1.00 0.26 1.00 0.32
383   5   2   8   0   1   1 0 1 0 1 1.00 0.22 1.00 0.28
384   3   1   4   0   1   1 1 1 1 1 0.48 0.16 0.44 0.16
385   4   1   7   0   1   2 1 1 1 1 0.48 0.22 0.36 0.26
386   3   1  12   0   1   1 0 1 0 1 0.44 0.12 0.40 0.12
387   5   1   8   0   1   1 0 1 0 1 0.44 0.08 0.40 0.08
388   1   2  15   0   1   2 0 1 0 1 1.00 0.26 1.00 0.32
389   4   2   5   0   1   2 0 1 0 1 1.00 0.22 1.00 0.28
390   2   1   9   0   0   2 0 0 0 0 0.44 0.18 0.32 0.22
391   4   1  14   0   0   1 0 0 0 0 0.46 0.04 0.42 0.04
392   4   1   9   0   1   2 1 1 1 1 0.44 0.18 0.32 0.22
393   5   2   1   0   1   2 0 1 0 1 1.00 0.18 1.00 0.24
394   3   2   9   0   0   2 0 0 0 0 1.00 0.14 1.00 0.20
395   2   2  10   3   0   1 0 0 0 0 1.00 0.18 1.00 0.24
396   5   1  16   3   0   1 0 0 0 0 0.46 0.04 0.42 0.04
397   5   2  10   1   0   1 0 0 0 0 1.00 0.18 1.00 0.24
398   4   2   9   1   0   2 0 0 0 0 1.00 0.14 1.00 0.20
399   4   2  10   2   0   1 0 0 0 0 1.00 0.20 1.00 0.26
400   4   1  12   0   1   1 1 0 1 0 0.48 0.06 0.44 0.06
401   4   1   4   5   0   1 0 0 0 0 0.44 0.06 0.40 0.06
402   5   1  12   7   0   1 0 0 0 0 0.44 0.08 0.40 0.08
403   3   2  12   7   0   1 0 0 0 0 1.00 0.20 1.00 0.26
404   5   2  15   3   0   2 0 0 0 0 1.00 0.16 1.00 0.22
405   4   2  16   3   0   1 0 0 0 0 1.00 0.22 1.00 0.28
406   3   1  12   0   1   1 1 0 1 0 0.46 0.08 0.42 0.08
407   4   2   7   2   0   2 0 0 0 0 1.00 0.16 1.00 0.22
408   2   1  16   5   0   1 0 0 0 0 0.42 0.10 0.38 0.10
409   3   2   9   1   0   2 0 0 0 0 1.00 0.18 1.00 0.24
410   5   1  12   4   0   1 0 0 0 0 0.42 0.10 0.38 0.10
411   2   1   1   0   1   2 0 1 0 1 0.40 0.14 0.28 0.18
412   1   1   4   0   1   1 0 1 0 1 0.44 0.12 0.40 0.12
413   4   2   8   0   1   1 0 1 0 1 1.00 0.22 1.00 0.28
414   2   1   6   0   1   1 0 1 0 1 0.44 0.08 0.40 0.08
415   1   1   4   5   0   1 0 0 0 0 0.46 0.04 0.42 0.04
416   1   1  16   0   1   1 1 0 0 0 0.46 0.04 0.42 0.04
417   4   2   8   4   0   1 0 0 0 0 1.00 0.18 1.00 0.24
418   2   1  10   0   1   1 0 1 0 1 0.42 0.06 0.44 0.06
419   3   2  11   0   1   2 0 1 0 1 1.00 0.18 1.00 0.24
420   3   2   4   4   0   1 0 0 0 0 1.00 0.18 1.00 0.24
421   5   1   4   4   0   1 0 0 0 0 0.42 0.02 0.44 0.02
422   3   1   5   0   1   2 1 0 1 0 0.40 0.10 0.28 0.14
423   5   1  16   4   0   1 0 0 0 0 0.44 0.02 0.46 0.02
424   4   2  12   6   0   1 0 0 0 0 1.00 0.20 1.00 0.26
425   5   2   7   5   0   2 0 0 0 0 1.00 0.14 1.00 0.20
426   5   2  13   0   0   2 0 0 0 0 1.00 0.14 1.00 0.20
427   3   1  11   2   0   2 0 0 0 0 0.36 0.10 0.24 0.14
428   3   1  14   0   1   1 1 0 1 0 0.44 0.04 0.46 0.04
429   2   2  16   5   0   1 0 0 0 0 1.00 0.20 1.00 0.26
430   2   2   4   3   0   1 0 0 0 0 1.00 0.22 1.00 0.28
431   2   2  14   0   0   1 0 0 0 0 1.00 0.22 1.00 0.28
432   2   2  16   3   0   1 0 0 0 0 1.00 0.24 1.00 0.30
433   4   2   2  -8   0   1 0 0 0 0 1.00 0.24 1.00 0.30
434   1   2   7   3   0   2 0 0 0 0 1.00 0.16 1.00 0.22
435   3   2   8   3   0   1 0 0 0 0 1.00 0.26 1.00 0.32
436   3   2  13   0   0   2 0 0 0 0 1.00 0.16 1.00 0.22
437   1   1   3   5   0   2 0 0 0 0 0.36 0.12 0.24 0.16
438   5   1   1   0   0   2 0 0 0 0 0.38 0.12 0.26 0.16
439   3   1   8   4   0   1 0 0 0 0 0.40 0.04 0.42 0.04
440   4   2  14  -1   0   1 0 0 0 0 1.00 0.26 1.00 0.32
441   3   2   7   3   0   2 0 0 0 0 1.00 0.18 1.00 0.24
442   3   1   3   2   0   2 0 0 0 0 0.38 0.14 0.26 0.18
443   2   1   5  -1   0   2 0 0 0 0 0.40 0.14 0.28 0.18
444   4   1   7   0   1   2 0 1 1 1 0.40 0.16 0.28 0.20
445   4   2  11   0   1   2 0 1 0 1 1.00 0.18 1.00 0.24
446   3   1   5   0   1   2 0 1 0 1 0.42 0.12 0.24 0.16
447   5   1   9   1   0   2 0 0 0 0 0.42 0.08 0.24 0.12
448   4   2   1   0   1   2 1 0 1 0 1.00 0.14 1.00 0.20
449   4   2   4   0   1   1 1 1 1 0 1.00 0.28 1.00 0.34
450   2   1   7   2   0   2 0 0 0 0 0.44 0.08 0.26 0.12
451   5   2  11   4   0   2 0 0 0 0 0.96 0.14 0.96 0.20
452   5   2  10   0   1   1 0 1 0 1 0.96 0.24 0.96 0.34
453   4   1   5   0   1   2 1 0 1 0 0.44 0.10 0.26 0.14
454   4   2   2  -2   0   1 0 0 0 0 0.96 0.20 0.96 0.30
455   1   2   6   0   1   1 1 1 1 1 0.98 0.20 0.98 0.30
456   4   1  14   0   1   1 1 0 1 0 0.40 0.06 0.42 0.06
457   5   1   1  -1   0   2 0 0 0 0 0.40 0.10 0.22 0.14
458   3   2   6  -2   0   1 0 0 0 0 0.94 0.16 0.94 0.26
459   1   1  15   0   0   2 0 0 0 0 0.40 0.12 0.22 0.16
460   3   2   2  -3   0   1 0 0 0 0 0.94 0.16 0.94 0.26
461   3   1   6  -4   0   1 0 0 0 0 0.36 0.06 0.38 0.06
462   3   1   1   0   1   2 0 0 0 0 0.42 0.12 0.24 0.16
463   3   1   1  -1   0   2 0 0 0 0 0.42 0.14 0.24 0.18
464   3   1   7   3   0   2 0 0 0 0 0.44 0.14 0.26 0.18
465   3   2  16   6   0   1 0 0 0 0 0.96 0.18 0.96 0.28
466   1   2  12   8   0   1 0 0 0 0 0.96 0.18 0.96 0.28
467   4   1  10  -1   0   1 0 0 0 0 0.36 0.08 0.38 0.08
468   2   1   9   0   1   2 1 0 0 0 0.44 0.16 0.26 0.20
469   1   2   2  -9   0   1 0 0 0 0 0.98 0.20 0.98 0.30
470   2   1   7   0   0   2 0 0 0 0 0.40 0.16 0.28 0.20
471   2   2   7   3   0   2 0 0 0 0 0.96 0.16 0.96 0.22
472   4   2  16   3   0   1 0 0 0 0 0.98 0.20 0.98 0.30
473   3   1   7   3   0   2 0 0 0 0 0.40 0.18 0.28 0.22
474   4   1  13   0   1   2 1 0 1 0 0.42 0.18 0.30 0.22
475   4   1  16   0   1   1 1 0 1 0 0.38 0.08 0.40 0.08
476   1   1  13   0   0   2 0 0 0 0 0.38 0.20 0.26 0.24
477   1   1   2   0   1   1 1 0 1 0 0.34 0.10 0.36 0.10
478   5   2  11   0   0   2 0 0 0 0 0.98 0.16 0.98 0.22
479   2   2   1  -1   0   2 0 0 0 0 0.98 0.18 0.98 0.24
480   5   1  13   0   0   2 0 0 0 0 0.38 0.20 0.26 0.24
