  1   5   2   9   0   1   2 1 1 0 1 0.40 0.40 0.40 0.40
  2   2   2  10   0   1   1 1 1 1 0 0.80 0.80 0.80 0.80
  3   2   2  11   6   0   2 0 0 0 0 0.30 0.30 0.40 0.30
  4   3   2   8   8   0   1 0 0 0 0 0.70 0.70 0.70 0.80
  5   5   2  13  -2   0   2 0 0 0 0 0.30 0.30 0.50 0.30
  6   2   2  16   6   0   1 0 0 0 0 0.70 0.70 0.70 0.90
  7   2   1  14   0   1   1 1 1 1 1 0.80 0.80 0.80 0.80
  8   2   1   9   0   1   2 1 1 1 1 0.40 0.40 0.40 0.40
  9   2   2   9   0   1   2 1 1 1 1 0.40 0.40 0.50 0.40
 10   4   2   9  -4   0   2 0 0 0 0 0.30 0.30 0.40 0.30
 11   4   1   3   3   0   2 0 0 0 0 0.30 0.30 0.30 0.30
 12   1   2  16   7   0   1 0 0 0 0 0.80 0.80 0.80 0.90
 13   3   2  11   0   1   2 0 1 0 1 0.30 0.30 0.40 0.30
 14   5   2   5  -5   0   2 0 0 0 0 0.40 0.20 0.50 0.20
 15   4   2   4   8   0   1 0 0 0 0 0.80 0.80 0.80 1.00
 16   4   2  14   0   1   1 1 1 0 1 0.90 0.90 0.90 1.00
 17   3   1  10   0   1   1 0 1 0 0 0.70 0.70 0.70 0.70
 18   5   2   6   0   1   1 0 1 0 1 0.80 0.80 0.90 0.90
 19   5   1  12   0   1   1 1 1 1 1 0.70 0.60 0.70 0.70
 20   1   1  14   0   1   1 1 1 0 1 0.60 0.50 0.60 0.60
 21   1   2   6   0   1   1 1 1 1 0 0.80 0.70 1.00 0.80
 22   2   1   8   0   1   1 1 1 1 1 0.50 0.40 0.60 0.50
 23   2   2  12   0   1   1 0 0 0 0 0.70 0.60 0.90 0.80
 24   1   1  12   0   1   1 1 1 1 1 0.40 0.30 0.50 0.40
 25   5   1  13  -1   0   2 0 0 0 0 0.30 0.30 0.30 0.30
 26   3   1   1   0   1   2 1 1 1 1 0.40 0.40 0.40 0.40
 27   4   2   5  -6   0   2 0 0 0 0 0.40 0.20 0.50 0.20
 28   5   2   3   5   0   2 0 0 0 0 0.50 0.30 0.60 0.30
 29   3   1  13   0   1   2 1 1 1 1 0.30 0.30 0.30 0.30
 30   1   2  10   0   1   1 1 1 1 0 0.70 0.60 0.90 0.90
 31   1   1  14   0   1   1 1 1 1 1 0.30 0.20 0.40 0.30
 32   5   1   5  -4   0   2 0 0 0 0 0.20 0.20 0.20 0.20
 33   1   1  15   4   0   2 0 0 0 0 0.20 0.20 0.20 0.20
 34   3   2  15   3   0   2 0 0 0 0 0.50 0.30 0.60 0.30
 35   1   2  15   4   0   2 0 0 0 0 0.60 0.40 0.70 0.40
 36   5   2  15   6   0   2 0 0 0 0 0.60 0.40 0.70 0.40
 37   4   2   7   0   1   2 1 1 1 0 0.70 0.50 0.80 0.50
 38   5   2  11   7   0   2 0 0 0 0 0.60 0.40 0.70 0.50
 39   5   1   7   6   0   2 0 0 0 0 0.30 0.30 0.30 0.30
 40   5   2   4  10   0   1 0 0 0 0 0.60 0.50 0.80 0.90
 41   1   1   5  -6   0   2 0 0 0 0 0.30 0.30 0.30 0.30
 42   4   1   7   0   1   2 1 1 1 1 0.40 0.40 0.40 0.40
 43   2   1   7   4   0   2 0 0 0 0 0.30 0.30 0.30 0.30
 44   5   1   3   3   0   2 0 0 0 0 0.30 0.30 0.30 0.30
 45   2   2   3   4   0   2 0 0 0 0 0.60 0.40 0.70 0.60
 46   3   2   1  -3   0   2 0 0 0 0 0.70 0.50 0.80 0.60
 47   1   2  10  -6   0   1 0 0 0 0 0.60 0.50 0.80 1.00
 48   1   2   1  -5   0   2 0 0 0 0 0.70 0.50 0.80 0.70
 49   5   1   5  -7   0   2 0 0 0 0 0.40 0.40 0.40 0.40
 50   1   2  14  -4   0   1 0 0 0 0 0.70 0.60 0.90 1.00
 51   5   2  10  -6   0   1 0 0 0 0 0.70 0.60 0.90 1.00
 52   3   1  12   9   0   1 0 0 0 0 0.20 0.10 0.30 0.20
 53   5   1   4   9   0   1 0 0 0 0 0.20 0.10 0.30 0.20
 54   4   1  16   7   0   1 0 0 0 0 0.30 0.20 0.40 0.30
 55   4   1   9   0   1   2 1 1 1 1 0.40 0.40 0.40 0.40
 56   3   1   3   5   0   2 0 0 0 0 0.30 0.30 0.30 0.30
 57   4   1   5  -5   0   2 0 0 0 0 0.30 0.30 0.30 0.30
 58   2   1  15   0   1   2 0 1 1 1 0.40 0.40 0.40 0.40
 59   1   1  11   4   0   2 0 0 0 0 0.40 0.30 0.30 0.30
 60   2   2   6  -8   0   1 0 0 0 0 0.80 0.70 1.00 1.00
 61   1   1  10  -7   0   1 0 0 0 0 0.30 0.20 0.40 0.30
 62   4   2  15   3   0   2 0 0 0 0 0.80 0.60 0.90 0.70
 63   5   2   3   3   0   2 0 0 0 0 0.80 0.60 0.90 0.80
 64   4   1   2  -9   0   1 0 0 0 0 0.40 0.30 0.50 0.40
 65   3   2   4   0   1   1 0 1 0 1 0.80 0.70 1.00 1.00
 66   3   1   2   0   1   1 0 1 0 1 0.40 0.30 0.50 0.40
 67   1   2   8   0   1   1 1 1 1 0 0.90 0.60 1.00 0.90
 68   5   1   4   9   0   1 0 0 0 0 0.50 0.20 0.60 0.30
 69   3   1   8   0   1   1 0 0 1 0 0.50 0.20 0.60 0.30
 70   4   2   4   6   0   1 0 0 0 0 0.80 0.50 0.90 0.90
 71   2   1   6  -8   0   1 0 0 0 0 0.60 0.30 0.50 0.40
 72   5   2   7   7   0   2 0 0 0 0 0.90 0.70 1.00 0.80
 73   3   1   9  -7   0   2 0 0 0 0 0.50 0.30 0.30 0.30
 74   3   2  11   0   1   2 1 1 1 1 0.90 0.70 1.00 0.90
 75   2   2  14   0   1   1 0 1 0 1 0.80 0.50 0.90 1.00
 76   2   1   5   0   1   2 1 1 1 1 0.50 0.40 0.40 0.40
 77   4   1   3   0   1   2 1 1 1 1 0.40 0.30 0.30 0.30
 78   3   2  16   0   1   1 1 0 1 1 0.90 0.40 1.00 0.90
 79   4   2   8   8   0   1 0 0 0 0 0.80 0.40 0.90 0.80
 80   3   1   5  -4   0   2 0 0 0 0 0.30 0.20 0.20 0.20
 81   2   1  14  -4   0   1 0 0 0 0 0.60 0.30 0.50 0.40
 82   1   1   3   4   0   2 0 0 0 0 0.30 0.20 0.20 0.20
 83   4   2  10   0   1   1 0 0 0 1 0.80 0.50 0.90 0.80
 84   5   2   4   0   1   1 1 1 0 0 0.90 0.50 1.00 0.70
 85   2   2   7   0   1   2 1 1 0 1 0.80 0.60 0.90 0.80
 86   3   1  14   0   1   1 0 1 1 1 0.70 0.40 0.60 0.50
 87   5   1   2   0   1   1 1 1 0 1 0.70 0.30 0.50 0.40
 88   5   2  16   9   0   1 0 0 0 0 0.80 0.40 1.00 0.70
 89   4   1   5  -5   0   2 0 0 0 0 0.40 0.30 0.30 0.30
 90   1   1  16  10   0   1 0 0 0 0 0.60 0.20 0.50 0.30
 91   2   1   5  -5   0   2 0 0 0 0 0.40 0.30 0.30 0.30
 92   4   2  13  -3   0   2 0 0 0 0 0.70 0.50 0.90 0.70
 93   4   2   6   0   1   1 1 1 0 1 0.80 0.40 1.00 0.80
 94   4   2   3   3   0   2 0 0 0 0 0.70 0.50 1.00 0.70
 95   3   1   5   0   1   2 1 0 1 1 0.50 0.40 0.40 0.40
 96   1   1   8   0   1   1 1 1 1 0 0.60 0.20 0.60 0.30
 97   2   2  13   0   1   2 1 1 1 1 0.80 0.60 1.00 0.80
 98   3   2   4   9   0   1 0 0 0 0 0.70 0.30 1.00 0.70
 99   4   1  14  -5   0   1 0 0 0 0 0.50 0.10 0.50 0.40
100   5   2   5  -2   0   2 0 0 0 0 0.70 0.50 0.90 0.70
101   5   2  13  -2   0   2 0 0 0 0 0.70 0.50 0.90 0.70
102   3   1   8   0   1   1 1 1 1 1 0.50 0.10 0.50 0.40
103   2   2  14  -3   0   1 0 0 0 0 0.70 0.30 1.00 0.70
104   1   2   4   0   1   1 0 0 1 1 0.80 0.40 1.00 0.80
105   2   1  13  -3   0   2 0 0 0 0 0.40 0.40 0.30 0.30
106   4   1   4   8   0   1 0 0 0 0 0.40 0.02 0.40 0.30
107   1   2  13   0   0   2 0 0 0 0 0.80 0.60 1.00 0.80
108   1   1   6  -8   0   1 0 0 0 0 0.40 0.02 0.40 0.30
109   1   2  12   0   1   1 1 1 1 1 0.80 0.40 0.90 0.70
110   5   2   1   0   1   2 1 1 1 0 0.80 0.60 1.00 0.80
111   2   1  13   0   1   2 0 0 1 1 0.40 0.50 0.30 0.30
112   2   2   4   9   0   1 0 0 0 0 0.70 0.30 0.80 0.60
113   4   2   2  -9   0   1 0 0 0 0 0.70 0.30 0.80 0.60
114   2   2   6   0   1   1 1 0 1 1 0.80 0.40 0.90 0.70
115   5   2  14  -6   0   1 0 0 0 0 0.70 0.40 0.80 0.60
116   1   1  10   0   1   1 1 0 1 1 0.50 0.12 0.50 0.40
117   2   2  16   0   1   1 0 1 0 1 0.70 0.50 0.80 0.60
118   5   2  12  10   0   1 0 0 0 0 0.80 0.40 0.90 0.50
119   2   1   6   0   1   1 1 0 1 0 0.40 0.12 0.40 0.30
120   2   1   4   0   1   1 0 1 0 1 0.30 0.22 0.30 0.30
121   2   1  12   0   1   1 1 1 1 0 0.30 0.12 0.30 0.20
122   1   2   1   0   1   2 1 1 1 1 0.70 0.50 0.90 0.90
123   1   1   7   0   1   2 1 1 0 1 0.50 0.50 0.20 0.20
124   5   1  12   9   0   1 0 0 0 0 0.20 0.02 0.20 0.20
125   3   1   4   8   0   1 0 0 0 0 0.20 0.02 0.20 0.30
126   5   2   9  -4   0   2 0 0 0 0 0.60 0.40 0.80 0.80
127   3   2  11   0   1   2 0 0 1 1 0.60 0.40 0.80 0.80
128   3   2   2   0   1   1 1 1 1 0 0.80 0.40 0.90 0.50
129   2   1  10  -5   0   1 0 0 0 0 0.30 0.12 0.30 0.30
130   5   2  16   7   0   1 0 0 0 0 0.70 0.30 0.80 0.60
131   1   1   9  -4   0   2 0 0 0 0 0.40 0.40 0.20 0.10
132   2   2   9  -2   0   2 0 0 0 0 0.70 0.50 0.70 0.70
133   4   1  11   5   0   2 0 0 0 0 0.40 0.40 0.30 0.10
134   5   1   2  -8   0   1 0 0 0 0 0.30 0.12 0.30 0.40
135   3   2  14  -5   0   1 0 0 0 0 0.70 0.30 0.80 0.60
136   3   2   6  -7   0   1 0 0 0 0 0.80 0.40 0.90 0.70
137   2   1   7   5   0   2 0 0 0 0 0.50 0.50 0.30 0.20
138   3   2   3   4   0   2 0 0 0 0 0.70 0.50 0.70 0.70
139   4   1  15   0   1   2 1 1 1 0 0.50 0.50 0.40 0.20
140   3   1  11   0   1   2 0 1 0 0 0.40 0.40 0.30 0.30
141   3   1   4   0   1   1 1 0 1 0 0.40 0.22 0.40 0.40
142   1   1  16   0   1   1 0 1 1 1 0.30 0.22 0.30 0.50
143   5   1  10  -6   0   1 0 0 0 0 0.30 0.12 0.20 0.40
144   5   1  12   8   0   1 0 0 0 0 0.40 0.12 0.20 0.40
145   5   2  14  -3   0   1 0 0 0 0 0.80 0.40 0.90 0.70
146   1   2   4   0   1   1 1 1 1 1 0.90 0.50 1.00 0.80
147   1   2   2  -8   0   1 0 0 0 0 0.80 0.40 0.90 0.70
148   2   2   3   5   0   2 0 0 0 0 0.80 0.60 0.80 0.80
149   2   2  10  -4   0   1 0 0 0 0 0.80 0.40 0.90 0.70
150   5   1   7   0   1   2 0 1 0 1 0.40 0.30 0.30 0.30
151   3   1  14  -2   0   1 0 0 0 0 0.40 0.22 0.30 0.50
152   4   2  16   7   0   1 0 0 0 0 0.90 0.50 1.00 0.80
153   4   1  12   8   0   1 0 0 0 0 0.50 0.22 0.30 0.50
154   4   1  12   0   1   1 0 1 0 1 0.50 0.32 0.40 0.60
155   1   2   3   0   1   2 1 1 1 1 0.80 0.60 0.80 0.80
156   2   2   1  -6   0   2 0 0 0 0 0.70 0.50 0.70 0.70
157   2   2  14  -5   0   1 0 0 0 0 0.90 0.50 1.00 0.80
158   5   2   6  -9   0   1 0 0 0 0 1.00 0.60 1.00 0.90
159   2   1   4   7   0   1 0 0 0 0 0.60 0.22 0.40 0.50
160   1   1   9  -1   0   2 0 0 0 0 0.50 0.20 0.40 0.20
161   2   1  16   0   1   1 0 1 1 1 0.60 0.22 0.50 0.50
162   3   1   5  -2   0   2 0 0 0 0 0.50 0.20 0.40 0.20
163   1   1   1  -4   0   2 0 0 0 0 0.60 0.30 0.50 0.30
164   4   1  13  -1   0   2 0 0 0 0 0.60 0.30 0.50 0.30
165   2   1   3   0   1   2 1 1 1 0 0.70 0.40 0.60 0.40
166   5   1   2  -7   0   1 0 0 0 0 0.70 0.12 0.40 0.40
167   3   1  12   0   1   1 0 0 1 1 0.70 0.12 0.40 0.40
168   4   2   1   0   1   2 0 1 0 0 0.70 0.50 0.70 0.70
169   4   1   1  -3   0   2 0 0 0 0 0.60 0.30 0.50 0.40
170   4   1  10  -6   0   1 0 0 0 0 0.80 0.22 0.30 0.30
171   5   1  11   0   1   2 0 1 1 1 0.60 0.30 0.50 0.50
172   4   1  14   0   1   1 1 1 0 1 0.80 0.22 0.30 0.30
173   5   1  14  -3   0   1 0 0 0 0 0.70 0.12 0.40 0.20
174   3   2   9  -3   0   2 0 0 0 0 0.80 0.40 0.80 0.80
175   3   1   2  -8   0   1 0 0 0 0 0.70 0.12 0.40 0.20
176   3   2  13   0   0   2 0 0 0 0 0.80 0.40 0.80 0.80
177   2   2  11   4   0   2 0 0 0 0 0.90 0.50 0.90 0.90
178   5   2  14  -4   0   1 0 0 0 0 1.00 0.60 1.00 0.90
179   4   1  15   3   0   2 0 0 0 0 0.70 0.20 0.40 0.40
180   5   1   5  -7   0   2 0 0 0 0 0.70 0.20 0.40 0.40
181   4   2   8   0   1   1 1 1 0 1 1.00 0.70 1.00 1.00
182   5   2  10   0   1   1 0 1 0 1 0.90 0.60 1.00 0.90
183   1   2  10   0   1   1 1 1 1 1 0.90 0.50 1.00 0.80
184   5   1   8   9   0   1 0 0 0 0 0.80 0.22 0.50 0.30
185   2   1   2   0   1   1 1 1 1 0 0.80 0.22 0.50 0.30
186   1   1   6   0   1   1 1 0 1 1 0.70 0.12 0.40 0.40
187   3   2   3   4   0   2 0 0 0 0 0.90 0.50 0.90 0.90
188   3   2  10   0   1   1 1 0 1 0 0.80 0.40 0.90 0.70
189   2   2   3   0   1   2 1 1 1 0 1.00 0.60 1.00 1.00
190   3   1   3   0   1   2 1 0 1 1 0.80 0.30 0.50 0.50
191   3   1   3   5   0   2 0 0 0 0 0.70 0.30 0.40 0.40
192   4   1  15   0   1   2 0 1 1 1 0.70 0.40 0.40 0.40
193   4   2   4   6   0   1 0 0 0 0 0.70 0.40 0.80 0.70
194   5   1   9  -3   0   2 0 0 0 0 0.80 0.30 0.30 0.30
195   4   1   8   7   0   1 0 0 0 0 0.60 0.12 0.30 0.30
196   1   2  14  -3   0   1 0 0 0 0 0.70 0.50 0.80 0.80
197   3   1  12   9   0   1 0 0 0 0 0.60 0.22 0.30 0.30
198   3   1   7   0   1   2 1 1 1 0 0.80 0.30 0.30 0.30
199   1   2   2   0   1   1 1 1 0 0 0.80 0.50 0.90 0.80
200   1   1  14   0   1   1 1 0 1 1 0.70 0.22 0.40 0.40
201   2   2   8   0   1   1 1 1 1 0 0.70 0.40 0.90 0.90
202   2   1  15   4   0   2 0 0 0 0 0.70 0.20 0.20 0.40
203   4   2   7   5   0   2 0 0 0 0 0.90 0.50 0.90 1.00
204   2   2  16   8   0   1 0 0 0 0 0.60 0.30 0.80 0.90
205   1   2   9  -5   0   2 0 0 0 0 0.90 0.50 0.90 1.00
206   5   2   2   0   1   1 1 1 0 0 0.60 0.30 0.80 1.00
207   1   1   8   0   1   1 1 1 1 0 0.60 0.32 0.30 0.30
208   3   2  16   7   0   1 0 0 0 0 0.50 0.20 0.90 1.00
209   2   2   2   0   1   1 0 0 0 1 0.50 0.20 0.90 1.00
210   3   1  14  -5   0   1 0 0 0 0 0.50 0.22 0.20 0.30
211   1   1   3   5   0   2 0 0 0 0 0.70 0.20 0.20 0.40
212   5   2  11   0   1   2 1 1 0 1 1.00 0.60 1.00 1.00
213   2   2  10   0   1   1 0 1 0 1 0.60 0.30 1.00 0.90
214   1   2  15   0   1   2 0 0 0 1 0.90 0.50 1.00 0.90
215   5   2   4   7   0   1 0 0 0 0 0.60 0.20 1.00 0.80
216   5   2   6  -8   0   1 0 0 0 0 0.70 0.20 1.00 0.80
217   2   2  12   0   1   1 1 0 1 1 0.70 0.30 1.00 0.90
218   2   1  16   6   0   1 0 0 0 0 0.50 0.22 0.20 0.40
219   1   1   7   0   1   2 1 0 0 1 0.80 0.30 0.30 0.50
220   5   1   6  -9   0   1 0 0 0 0 0.60 0.32 0.30 0.40
221   4   1  10  -5   0   1 0 0 0 0 0.60 0.32 0.30 0.50
222   5   1  10  -6   0   1 0 0 0 0 0.70 0.42 0.40 0.50
223   2   2  13   0   1   2 1 0 1 1 0.90 0.50 1.00 0.80
224   2   1   1  -4   0   2 0 0 0 0 0.70 0.30 0.30 0.40
225   2   1   8   0   1   1 1 1 1 0 0.70 0.42 0.40 0.60
226   1   2   7   7   0   2 0 0 0 0 0.80 0.60 0.90 0.70
227   1   1  12  10   0   1 0 0 0 0 0.60 0.32 0.30 0.60
228   4   2   5  -3   0   2 0 0 0 0 0.80 0.60 0.90 0.70
229   4   2  16   5   0   1 0 0 0 0 0.60 0.30 0.90 0.80
230   4   1   7   6   0   2 0 0 0 0 0.70 0.40 0.40 0.40
231   3   1   4   7   0   1 0 0 0 0 0.60 0.32 0.30 0.70
232   5   2  10  -8   0   1 0 0 0 0 0.60 0.40 0.90 0.80
233   3   1  15   0   1   2 1 1 0 1 0.80 0.40 0.40 0.50
234   4   2  10  -8   0   1 0 0 0 0 0.70 0.40 1.00 0.90
235   2   1   9   0   1   2 1 1 0 1 0.70 0.30 0.50 0.40
236   4   1   5  -7   0   2 0 0 0 0 0.60 0.20 0.50 0.30
237   3   1  15   3   0   2 0 0 0 0 0.60 0.20 0.60 0.30
238   3   1  16   6   0   1 0 0 0 0 0.70 0.42 0.40 0.70
239   3   2  16   6   0   1 0 0 0 0 0.70 0.50 1.00 0.90
240   5   1   3   3   0   2 0 0 0 0 0.70 0.30 0.60 0.40
241   4   2   5  -6   0   2 0 0 0 0 0.90 0.70 1.00 0.80
242   2   1   3   0   1   2 1 1 1 0 0.70 0.30 0.70 0.40
243   5   2   2  -8   0   1 0 0 0 0 0.80 0.50 1.00 1.00
244   2   2   8   0   1   1 0 1 0 0 0.80 0.60 1.00 1.00
245   1   2   5   0   1   2 1 1 1 1 0.90 0.70 1.00 0.80
246   5   2  15   4   0   2 0 0 0 0 0.80 0.60 0.90 0.70
247   1   2   7   7   0   2 0 0 0 0 0.80 0.60 0.90 0.70
248   1   2   4   9   0   1 0 0 0 0 0.90 0.50 1.00 1.00
249   3   1   2   0   1   1 1 1 1 1 0.70 0.42 0.40 0.80
250   3   2   2  -8   0   1 0 0 0 0 0.90 0.50 1.00 1.00
251   2   2  12  10   0   1 0 0 0 0 1.00 0.60 1.00 1.00
252   4   2  11   5   0   2 0 0 0 0 0.90 0.70 1.00 0.80
253   5   1   4   0   1   1 1 1 1 0 0.60 0.32 0.30 0.70
254   3   2   7   4   0   2 0 0 0 0 0.90 0.70 1.00 0.80
255   5   2  12   7   0   1 0 0 0 0 1.00 0.60 1.00 1.00
256   1   1  10   0   1   1 0 0 1 1 0.50 0.22 0.20 0.70
257   2   1   8   8   0   1 0 0 0 0 0.50 0.22 0.10 0.60
258   1   2  11   0   1   2 1 1 1 0 1.00 0.80 1.00 0.90
259   4   1  10  -6   0   1 0 0 0 0 0.60 0.32 0.10 0.60
260   2   1  12   0   1   1 1 1 1 0 0.60 0.32 0.20 0.70
261   5   2   2   0   1   1 1 1 0 0 1.00 0.70 1.00 1.00
262   3   1  16   5   0   1 0 0 0 0 0.50 0.22 0.10 0.70
263   2   2   9  -3   0   2 0 0 0 0 0.90 0.70 0.90 0.90
264   3   1   9   0   1   2 1 1 1 0 0.60 0.20 0.60 0.50
265   3   2  15   3   0   2 0 0 0 0 0.90 0.70 0.90 1.00
266   5   2   7   0   1   2 0 1 0 1 1.00 0.80 1.00 1.00
267   2   2   6   0   1   1 1 1 1 1 0.90 0.60 1.00 1.00
268   3   1  10  -7   0   1 0 0 0 0 0.50 0.22 0.10 0.80
269   4   1  14   0   1   1 1 1 1 0 0.60 0.32 0.20 0.80
270   3   1  11   0   1   2 0 0 0 1 0.50 0.10 0.50 0.50
271   2   1   2   0   1   1 1 1 1 1 0.50 0.22 0.10 0.90
272   2   1   9  -3   0   2 0 0 0 0 0.50 0.10 0.50 0.40
273   1   2   1  -3   0   2 0 0 0 0 1.00 0.70 1.00 0.90
274   2   1   1   0   1   2 1 1 1 1 0.60 0.20 0.60 0.40
275   1   1  15   0   1   2 1 0 1 1 0.50 0.10 0.50 0.30
276   2   1  16   7   0   1 0 0 0 0 0.40 0.12 0.02 0.80
277   1   1   2  -8   0   1 0 0 0 0 0.40 0.12 0.02 0.80
278   4   1  11   7   0   2 0 0 0 0 0.40 0.10 0.40 0.20
279   2   2   5  -5   0   2 0 0 0 0 1.00 0.70 1.00 0.90
280   4   2   9  -6   0   2 0 0 0 0 1.00 0.80 1.00 1.00
281   4   1   3   4   0   2 0 0 0 0 0.40 0.20 0.40 0.20
282   2   2   5   0   1   2 1 0 1 1 1.00 0.80 1.00 1.00
283   2   2  15   0   1   2 0 1 0 1 0.90 0.90 0.90 0.90
284   2   2  15   0   1   2 1 0 1 0 0.90 0.80 0.90 0.80
285   1   2  12   9   0   1 0 0 0 0 0.80 0.50 0.90 0.90
286   2   1   1   0   1   2 1 1 1 0 0.50 0.20 0.50 0.30
287   1   1   2   0   1   1 1 0 0 1 0.50 0.22 0.12 0.90
288   4   1  13   0   1   2 0 0 0 1 0.40 0.10 0.40 0.30
289   2   2   4   7   0   1 0 0 0 0 0.80 0.50 0.90 0.90
290   1   1  16   8   0   1 0 0 0 0 0.40 0.22 0.12 0.80
291   4   2   7   0   1   2 0 1 1 1 0.80 0.80 0.80 0.80
292   4   1   6  -8   0   1 0 0 0 0 0.40 0.32 0.22 0.80
293   3   2  12   9   0   1 0 0 0 0 0.90 0.60 1.00 1.00
294   3   1  16   5   0   1 0 0 0 0 0.50 0.32 0.22 0.90
295   5   1  16   3   0   1 0 0 0 0 0.50 0.42 0.32 0.90
296   3   1  15   3   0   2 0 0 0 0 0.40 0.10 0.40 0.20
297   1   1   5   0   1   2 1 1 1 0 0.50 0.20 0.50 0.20
298   2   2  15   0   1   2 1 1 1 1 0.80 0.70 0.70 0.70
299   3   1   7   0   1   2 1 0 1 1 0.40 0.10 0.40 0.30
300   4   2   6   0   1   1 1 1 1 0 0.90 0.60 1.00 1.00
301   1   1   4   0   1   1 1 1 1 0 0.60 0.42 0.32 1.00
302   4   2  12   0   1   1 1 0 1 0 0.80 0.50 0.90 1.00
303   1   1   4   7   0   1 0 0 0 0 0.50 0.32 0.22 1.00
304   1   2   5   0   1   2 1 1 1 0 0.70 0.60 0.60 0.60
305   3   1   7   8   0   2 0 0 0 0 0.30 0.10 0.30 0.20
306   1   2  13  -1   0   2 0 0 0 0 0.60 0.50 0.50 0.60
307   1   2  11   8   0   2 0 0 0 0 0.60 0.50 0.50 0.70
308   2   2  13   0   1   2 1 1 1 1 0.70 0.60 0.60 0.70
309   3   2   8   0   1   1 1 1 0 1 0.70 0.50 0.80 1.00
310   2   2   5  -3   0   2 0 0 0 0 0.60 0.50 0.50 0.60
311   1   2   8   7   0   1 0 0 0 0 0.60 0.40 0.80 0.90
312   5   1  15   2   0   2 0 0 0 0 0.30 0.20 0.30 0.20
313   2   1  14   0   1   1 0 1 1 1 0.50 0.32 0.22 1.00
314   1   1   4   0   1   1 1 1 1 1 0.60 0.22 0.12 0.90
315   3   2   9  -3   0   2 0 0 0 0 0.60 0.50 0.50 0.60
316   1   1  13  -3   0   2 0 0 0 0 0.40 0.20 0.40 0.30
317   5   1  11   5   0   2 0 0 0 0 0.40 0.30 0.40 0.30
318   1   1   8   8   0   1 0 0 0 0 0.50 0.12 0.02 0.80
319   3   1  11   5   0   2 0 0 0 0 0.50 0.30 0.50 0.40
320   3   2  14  -3   0   1 0 0 0 0 0.60 0.40 0.90 0.90
321   4   2  14  -6   0   1 0 0 0 0 0.70 0.50 0.90 1.00
322   4   2   1  -8   0   2 0 0 0 0 0.70 0.60 0.60 0.70
323   3   2   1  -4   0   2 0 0 0 0 0.70 0.60 0.60 0.70
324   3   1   8   0   1   1 1 1 1 1 0.50 0.12 0.02 0.80
325   3   1   9   0   1   2 1 0 1 1 0.50 0.40 0.50 0.40
326   2   2  11   5   0   2 0 0 0 0 0.80 0.70 0.70 0.80
327   4   2   1  -4   0   2 0 0 0 0 0.80 0.70 0.70 0.80
328   1   2   3   7   0   2 0 0 0 0 0.90 0.80 0.80 0.90
329   1   2   9   0   1   2 1 1 1 1 0.90 0.80 0.80 0.90
330   4   2   6   0   1   1 0 1 0 1 0.70 0.50 1.00 1.00
331   5   2   1  -5   0   2 0 0 0 0 0.80 0.70 0.70 0.80
332   3   2   6   0   1   1 1 0 1 1 0.80 0.40 1.00 0.90
333   5   1  15   0   1   2 0 0 0 1 0.40 0.40 0.40 0.30
334   3   2   4   7   0   1 0 0 0 0 0.70 0.40 0.90 0.80
335   5   1   3   3   0   2 0 0 0 0 0.40 0.50 0.40 0.20
336   1   2   7   4   0   2 0 0 0 0 0.80 0.70 0.70 0.80
337   5   1   8   0   0   1 0 0 0 0 0.40 0.02 0.02 0.70
338   5   1   7   4   0   2 0 0 0 0 0.50 0.50 0.50 0.20
339   2   1  13  -4   0   2 0 0 0 0 0.50 0.60 0.50 0.30
340   4   2   3   5   0   2 0 0 0 0 0.90 0.80 0.80 0.90
341   2   1  11   8   0   2 0 0 0 0 0.60 0.60 0.60 0.30
342   3   2   5  -7   0   2 0 0 0 0 0.90 0.80 0.80 0.90
343   1   1   2  -9   0   1 0 0 0 0 0.40 0.02 0.02 0.70
344   5   2  16   5   0   1 0 0 0 0 0.70 0.50 0.90 0.80
345   2   1   3   6   0   2 0 0 0 0 0.60 0.70 0.60 0.40
346   1   1   1   0   1   2 1 1 0 0 0.70 0.70 0.70 0.40
347   2   1  12  10   0   1 0 0 0 0 0.50 0.12 0.12 0.80
348   4   1   6  -8   0   1 0 0 0 0 0.50 0.12 0.12 0.80
349   1   1   7   0   1   2 1 1 0 0 0.60 0.60 0.70 0.50
350   5   1  13   0   1   2 1 1 0 0 0.50 0.50 0.80 0.50
351   4   1   8   9   0   1 0 0 0 0 0.60 0.22 0.22 0.90
352   4   1   4   7   0   1 0 0 0 0 0.60 0.22 0.22 0.90
353   3   2  13  -3   0   2 0 0 0 0 1.00 0.90 0.90 1.00
354   4   1   1   0   1   2 1 1 0 0 0.40 0.40 0.80 0.60
355   5   2  11   5   0   2 0 0 0 0 1.00 0.90 0.90 1.00
356   5   1  16   4   0   1 0 0 0 0 0.70 0.32 0.32 1.00
357   2   1  10  -6   0   1 0 0 0 0 0.70 0.32 0.32 1.00
358   1   1  11   4   0   2 0 0 0 0 0.30 0.30 0.90 0.60
359   1   2   2   0   1   1 1 1 0 1 0.80 0.50 1.00 0.90
360   1   1  11   6   0   2 0 0 0 0 0.30 0.30 0.90 0.70
361   3   2  10   0   1   1 1 1 1 1 0.70 0.40 1.00 0.80
362   1   2   6   0   1   1 1 1 1 1 0.60 0.30 0.90 0.70
363   3   1   1   0   1   2 0 0 1 1 0.40 0.40 1.00 0.70
364   3   1  13   0   1   2 1 1 1 1 0.40 0.40 0.90 0.60
365   5   1   1  -3   0   2 0 0 0 0 0.30 0.30 0.80 0.50
366   4   2  13  -2   0   2 0 0 0 0 1.00 1.00 1.00 1.00
367   2   2   2  -7   0   1 0 0 0 0 0.50 0.20 0.80 0.60
368   3   1  10  -6   0   1 0 0 0 0 0.80 0.42 0.42 1.00
369   4   1   6  -9   0   1 0 0 0 0 0.80 0.42 0.42 1.00
370   2   1  15   0   1   2 1 1 0 0 0.30 0.30 0.80 0.50
371   5   1  16   0   1   1 0 1 1 1 0.90 0.52 0.52 1.00
372   1   1  13   0   1   2 1 1 1 1 0.20 0.20 0.90 0.60
373   4   1   2  -8   0   1 0 0 0 0 0.90 0.42 0.42 0.90
374   3   2  12   9   0   1 0 0 0 0 0.50 0.20 0.80 0.60
375   3   2   3   6   0   2 0 0 0 0 1.00 1.00 1.00 1.00
376   3   2  15   0   1   2 1 0 1 0 1.00 1.00 1.00 1.00
377   5   1   1  -4   0   2 0 0 0 0 0.10 0.10 0.80 0.50
378   1   1   1   0   1   2 1 0 1 1 0.10 0.10 0.80 0.50
379   5   1  14   0   1   1 1 0 1 1 1.00 0.42 0.42 0.90
380   1   2   6   0   1   1 1 0 1 1 0.60 0.30 0.90 0.70
381   5   2  12   0   1   1 0 0 1 1 0.50 0.30 0.80 0.60
382   4   2   8   7   0   1 0 0 0 0 0.50 0.40 0.70 0.50
383   4   2   2  -7   0   1 0 0 0 0 0.60 0.40 0.70 0.50
384   4   2  12   0   1   1 1 1 1 1 0.60 0.50 0.80 0.60
385   2   1   7   5   0   2 0 0 0 0 0.02 0.20 0.70 0.40
386   2   1  11   4   0   2 0 0 0 0 0.02 0.20 0.70 0.40
387   2   2   1   0   1   2 1 1 1 0 0.90 1.00 0.90 1.00
388   2   2   8   0   1   1 1 1 1 1 0.50 0.40 0.70 0.50
389   5   2   1  -4   0   2 0 0 0 0 0.80 0.90 0.80 1.00
390   4   2  15  -3   0   2 0 0 0 0 0.80 0.90 0.80 1.00
391   4   1   4   0   1   1 0 0 1 1 0.90 0.52 0.32 0.80
392   1   2  15   7   0   2 0 0 0 0 0.90 1.00 0.90 1.00
393   4   2   9   0   1   2 0 0 0 1 0.90 1.00 0.90 1.00
394   2   1   5   0   1   2 1 0 1 1 0.12 0.30 0.80 0.50
395   1   2   3   0   1   2 0 1 1 0 1.00 1.00 1.00 0.90
396   5   2   8   8   0   1 0 0 0 0 0.40 0.30 0.60 0.40
397   5   2   3   5   0   2 0 0 0 0 1.00 0.90 0.90 0.90
398   3   1   6  -8   0   1 0 0 0 0 0.90 0.52 0.22 0.70
399   4   1   9  -5   0   2 0 0 0 0 0.02 0.30 0.70 0.40
400   5   2   5  -4   0   2 0 0 0 0 1.00 0.90 0.90 1.00
401   1   2  14  -3   0   1 0 0 0 0 0.40 0.30 0.60 0.40
402   1   2  16   0   1   1 1 1 1 1 0.50 0.40 0.70 0.50
403   5   2   8   7   0   1 0 0 0 0 0.40 0.30 0.60 0.40
404   5   1  15   5   0   2 0 0 0 0 0.02 0.40 0.70 0.40
405   3   2   1  -4   0   2 0 0 0 0 1.00 1.00 1.00 1.00
406   3   2   6  -7   0   1 0 0 0 0 0.40 0.30 0.60 0.40
407   3   1  13  -3   0   2 0 0 0 0 0.12 0.40 0.80 0.50
408   5   1  14  -3   0   1 0 0 0 0 1.00 0.62 0.22 0.70
409   1   2   8   7   0   1 0 0 0 0 0.50 0.40 0.70 0.50
410   5   1   6  -8   0   1 0 0 0 0 1.00 0.62 0.32 0.80
411   4   2  13   0   1   2 1 1 1 0 1.00 1.00 1.00 1.00
412   3   2   9  -4   0   2 0 0 0 0 0.90 0.90 0.90 1.00
413   2   2   7   5   0   2 0 0 0 0 0.90 0.90 0.90 1.00
414   3   2  14  -6   0   1 0 0 0 0 0.50 0.40 0.70 0.50
415   1   1   3   4   0   2 0 0 0 0 0.12 0.50 0.80 0.50
416   4   1   8   7   0   1 0 0 0 0 1.00 0.72 0.32 0.80
417   3   2  13  -3   0   2 0 0 0 0 1.00 1.00 1.00 1.00
418   5   2   8   7   0   1 0 0 0 0 0.60 0.50 0.80 0.60
419   4   1   1   0   1   2 0 0 1 1 0.22 0.50 0.90 0.60
420   2   1   6   0   1   1 1 1 0 1 1.00 0.72 0.42 0.90
421   4   2  11   0   1   2 1 1 1 1 1.00 1.00 1.00 1.00
422   5   1   9   0   1   2 1 1 1 0 0.22 0.60 0.80 0.50
423   3   2   7   0   1   2 1 0 1 0 0.90 0.90 0.90 0.90
424   4   1  12   0   1   1 0 1 1 1 0.90 0.62 0.42 0.80
425   3   1   6   0   1   1 1 1 1 1 0.90 0.52 0.32 0.70
426   1   1   9   0   1   2 1 1 1 1 0.12 0.50 0.70 0.50
427   5   1   6  -8   0   1 0 0 0 0 0.80 0.42 0.22 0.60
428   2   2   4   7   0   1 0 0 0 0 0.60 0.50 0.80 0.60
429   4   2  16   0   1   1 1 1 0 1 0.70 0.60 0.90 0.70
430   2   2   7   0   1   2 1 1 1 0 0.80 0.90 0.80 0.90
431   4   2   3   6   0   2 0 0 0 0 0.70 0.80 0.70 1.00
432   4   2  15   3   0   2 0 0 0 0 0.70 0.80 0.70 1.00
433   5   1  10  -7   0   1 0 0 0 0 0.80 0.42 0.22 0.60
434   5   1   1   0   1   2 0 1 0 1 0.02 0.40 0.60 0.40
435   1   2  16   7   0   1 0 0 0 0 0.60 0.50 0.90 0.60
436   1   1  12   0   1   1 1 1 0 0 0.90 0.52 0.32 0.70
437   5   1   8   0   1   1 1 1 0 1 0.80 0.42 0.32 0.70
438   3   2   8   6   0   1 0 0 0 0 0.60 0.50 1.00 0.60
439   1   2   9  -6   0   2 0 0 0 0 0.80 0.90 0.80 1.00
440   4   2   2  -8   0   1 0 0 0 0 0.70 0.60 1.00 0.70
441   4   1  13   0   1   2 0 1 1 1 0.02 0.30 0.60 0.30
442   4   1  16   6   0   1 0 0 0 0 0.70 0.32 0.42 0.60
443   1   1  15   0   1   2 1 1 1 0 0.12 0.20 0.50 0.20
444   3   1   1  -3   0   2 0 0 0 0 0.02 0.10 0.40 0.20
445   1   1   5   0   1   2 0 0 1 1 0.02 0.10 0.40 0.30
446   2   2   2  -8   0   1 0 0 0 0 0.70 0.60 1.00 0.70
447   4   1   2  -8   0   1 0 0 0 0 0.70 0.32 0.42 0.60
448   4   2  14  -3   0   1 0 0 0 0 0.80 0.70 1.00 0.80
449   3   2   7   6   0   2 0 0 0 0 0.80 0.90 0.80 1.00
450   2   1   2  -5   0   1 0 0 0 0 0.80 0.42 0.52 0.70
451   5   2   7   0   1   2 1 1 0 0 0.90 1.00 0.90 1.00
452   2   1  10   0   1   1 1 1 1 1 0.80 0.42 0.52 0.70
453   5   1  13   0   1   2 0 1 1 1 0.12 0.20 0.30 0.20
454   3   2  12   0   1   1 0 1 0 0 0.80 0.70 1.00 0.80
455   3   1   6  -8   0   1 0 0 0 0 0.70 0.32 0.42 0.60
456   4   1  11   5   0   2 0 0 0 0 0.12 0.10 0.20 0.10
457   5   1  11   4   0   2 0 0 0 0 0.22 0.10 0.20 0.10
458   5   2   9   0   1   2 0 1 1 1 0.80 0.90 0.90 1.00
459   4   2  10   0   1   1 1 1 1 0 0.90 0.60 1.00 0.90
460   5   2  13  -3   0   2 0 0 0 0 0.80 0.80 0.80 0.90
461   1   2  13   0   1   2 1 1 1 0 0.90 0.80 0.80 0.90
462   4   2  11   5   0   2 0 0 0 0 0.80 0.70 0.70 1.00
463   3   2  10  -6   0   1 0 0 0 0 0.80 0.50 0.90 0.90
464   3   2   5  -3   0   2 0 0 0 0 0.80 0.70 0.70 1.00
465   1   2   5   0   1   2 1 1 1 1 0.90 0.80 0.80 1.00
466   2   2   1   0   1   2 1 1 1 1 0.80 0.70 0.70 0.90
467   5   2  15   0   1   2 1 1 1 1 0.70 0.60 0.60 0.80
468   4   1   9  -4   0   2 0 0 0 0 0.22 0.20 0.30 0.20
469   1   2  11   5   0   2 0 0 0 0 0.60 0.50 0.50 0.70
470   1   1   6   0   1   1 1 1 1 1 0.70 0.32 0.42 0.60
471   4   1   7   4   0   2 0 0 0 0 0.32 0.20 0.30 0.20
472   1   2  12   9   0   1 0 0 0 0 0.80 0.50 0.90 1.00
473   2   1   4   6   0   1 0 0 0 0 0.60 0.22 0.32 0.50
474   4   2  12   9   0   1 0 0 0 0 0.90 0.60 1.00 1.00
475   3   2   5   0   1   2 1 1 0 0 0.60 0.50 0.50 0.70
476   1   1  13   0   1   2 1 1 1 0 0.32 0.30 0.40 0.30
477   5   1   9  -4   0   2 0 0 0 0 0.22 0.20 0.30 0.30
478   3   2   2   0   1   1 0 0 1 1 0.90 0.60 1.00 1.00
479   2   1  11   5   0   2 0 0 0 0 0.22 0.20 0.30 0.40
480   4   1  16   6   0   1 0 0 0 0 0.60 0.22 0.32 0.50
