  1   1   2   1   0   1   2 1 1 1 1 0.20 0.20 0.60 0.60
  2   3   1  11   0   1   2 1 1 0 0 0.10 0.10 0.40 0.40
  3   4   2  16   0   1   1 1 1 0 1 0.70 0.70 1.00 1.00
  4   1   1   3   0   1   2 0 0 1 1 0.06 0.06 0.40 0.40
  5   4   1   8   7   0   1 0 0 0 0 0.60 0.60 0.80 0.80
  6   3   1   4   0   1   1 1 1 0 0 0.60 0.60 0.80 0.80
  7   3   2  13   0   1   2 1 1 1 1 0.16 0.16 0.56 0.56
  8   4   1  15   8   0   2 0 0 0 0 0.06 0.06 0.36 0.36
  9   5   1  11   8   0   2 0 0 0 0 0.08 0.08 0.36 0.36
 10   1   1  14   0   1   1 1 1 0 1 0.56 0.56 0.82 0.82
 11   1   1   8   0   1   1 1 1 0 1 0.52 0.52 0.82 0.78
 12   5   2  10   2   0   1 0 0 0 0 0.66 0.66 1.00 0.96
 13   3   2   3   0   1   2 1 1 0 0 0.12 0.12 0.52 0.52
 14   2   1   7   0   1   2 1 1 1 1 0.08 0.08 0.38 0.38
 15   4   1  11   0   1   2 1 1 1 1 0.04 0.04 0.34 0.34
 16   5   1   8   0   1   1 1 1 1 1 0.48 0.48 0.84 0.74
 17   1   1  12   0   1   1 1 1 1 1 0.44 0.44 0.80 0.70
 18   4   2   5   0   1   2 1 1 1 1 0.08 0.08 0.52 0.52
 19   3   1   2  -2   0   1 0 0 0 0 0.40 0.40 0.76 0.66
 20   2   1   1  -2   0   2 0 0 0 0 0.02 0.02 0.30 0.30
 21   1   2   9  -3   0   2 0 0 0 0 0.04 0.04 0.48 0.48
 22   5   2  14   0   1   1 1 1 0 0 0.66 0.66 1.00 0.96
 23   3   1  13   0   1   2 1 1 1 1 0.02 0.02 0.30 0.30
 24   1   2   9   0   1   2 1 1 1 1 0.04 0.04 0.48 0.48
 25   1   1  13   0   1   2 1 1 1 1 0.02 0.02 0.26 0.26
 26   1   1   5   2   0   2 0 0 0 0 0.02 0.02 0.22 0.22
 27   2   2   9   0   0   2 0 0 0 0 0.02 0.02 0.44 0.44
 28   1   1   4   0   1   1 0 1 0 0 0.40 0.40 0.76 0.66
 29   1   2  16   7   0   1 0 0 0 0 0.62 0.62 1.00 0.98
 30   1   1   6   1   0   1 0 0 0 0 0.42 0.36 0.78 0.68
 31   2   2   1   1   0   2 0 0 0 0 0.02 0.02 0.44 0.44
 32   3   2   3   4   0   2 0 0 0 0 0.04 0.04 0.46 0.46
 33   3   2  10   0   1   1 1 1 0 0 0.62 0.62 1.00 0.98
 34   3   1   8   0   1   1 1 1 0 1 0.42 0.36 0.78 0.68
 35   1   1   7   0   1   2 1 1 1 1 0.02 0.02 0.22 0.22
 36   1   2  11   0   1   2 1 1 1 1 0.04 0.04 0.46 0.46
 37   4   2  10   3   0   1 0 0 0 0 0.58 0.58 1.00 1.00
 38   5   2   7   0   1   2 0 0 1 1 0.02 0.02 0.42 0.42
 39   4   2  12   0   1   1 1 1 1 1 0.58 0.58 1.00 1.00
 40   1   1   3   5   0   2 0 0 0 0 0.02 0.02 0.18 0.18
 41   2   2  15   0   1   2 0 0 1 1 0.02 0.02 0.38 0.38
 42   2   2  14   0   1   1 1 1 1 1 0.54 0.54 0.96 0.96
 43   3   2  13   0   1   2 0 0 1 1 0.04 0.04 0.34 0.34
 44   2   1   4   0   1   1 1 1 1 1 0.38 0.32 0.80 0.64
 45   3   2   5   0   1   2 0 0 0 1 0.04 0.04 0.30 0.30
 46   3   1   6   0   1   1 1 1 1 1 0.34 0.28 0.76 0.60
 47   3   2  12   0   1   1 0 1 0 1 0.50 0.50 0.92 0.92
 48   3   2  14   0   1   1 1 1 1 1 0.50 0.46 0.92 0.88
 49   2   1   1   0   1   2 0 0 1 1 0.02 0.02 0.18 0.18
 50   2   2   5  -2   0   2 0 0 0 0 0.06 0.06 0.30 0.26
 51   5   1   6   0   1   1 0 0 1 1 0.30 0.24 0.72 0.56
 52   5   1  11   0   1   2 0 0 1 1 0.04 0.04 0.14 0.14
 53   4   1   1   0   1   2 0 0 1 1 0.04 0.04 0.10 0.10
 54   5   2   3   0   1   2 0 0 1 1 0.06 0.06 0.32 0.26
 55   1   1   2   0   1   1 1 1 1 1 0.30 0.24 0.68 0.52
 56   2   2   6   0   1   1 1 1 1 1 0.46 0.42 0.88 0.84
 57   5   1  10   0   1   1 0 0 1 1 0.26 0.20 0.64 0.48
 58   5   1   3   6   0   2 0 0 0 0 0.06 0.06 0.06 0.06
 59   1   1  13   2   0   2 0 0 0 0 0.06 0.06 0.06 0.06
 60   4   1  16   0   1   1 1 0 1 1 0.26 0.20 0.60 0.44
 61   3   1  12   0   1   1 0 0 1 1 0.22 0.22 0.56 0.40
 62   2   2   3   0   1   2 0 0 1 1 0.08 0.08 0.28 0.22
 63   4   2   1   0   1   2 0 0 1 1 0.08 0.08 0.24 0.18
 64   5   2  10   0   1   1 0 0 1 1 0.42 0.38 0.84 0.80
 65   5   2  13   1   0   2 0 0 0 0 0.10 0.10 0.20 0.14
 66   5   2  13   1   0   2 0 0 0 0 0.10 0.10 0.20 0.14
 67   4   1   3   5   0   2 0 0 0 0 0.08 0.08 0.08 0.08
 68   3   2   2   0   1   1 0 0 1 1 0.42 0.38 0.80 0.76
 69   1   2   5   2   0   2 0 0 0 0 0.12 0.12 0.22 0.16
 70   3   2   2   0   1   1 1 1 1 1 0.44 0.40 0.76 0.72
 71   2   2  12   0   1   1 0 0 1 1 0.40 0.36 0.72 0.68
 72   1   1  15   6   0   2 0 0 0 0 0.08 0.08 0.08 0.08
 73   3   1   9   5   0   2 0 0 0 0 0.10 0.10 0.10 0.10
 74   3   2   7   7   0   2 0 0 0 0 0.12 0.12 0.22 0.16
 75   1   2  11   4   0   2 0 0 0 0 0.14 0.14 0.24 0.18
 76   5   1  13   3   0   2 0 0 0 0 0.10 0.10 0.10 0.10
 77   2   1  14   0   1   1 1 1 1 1 0.22 0.22 0.52 0.36
 78   2   1  11   0   1   2 1 1 1 1 0.12 0.12 0.12 0.12
 79   3   2   8   0   1   1 1 1 1 1 0.40 0.36 0.68 0.64
 80   2   1  10   0   1   1 1 1 1 1 0.18 0.18 0.48 0.32
 81   3   1   3   7   0   2 0 0 0 0 0.08 0.08 0.08 0.08
 82   3   1  14   0   1   1 0 0 1 1 0.14 0.14 0.44 0.28
 83   3   2   3   0   1   2 0 0 1 1 0.14 0.14 0.24 0.18
 84   4   2  16   0   1   1 1 1 1 1 0.36 0.32 0.64 0.60
 85   4   1   9   0   1   2 0 0 1 1 0.08 0.08 0.08 0.08
 86   2   1   4   0   1   1 0 0 1 1 0.14 0.14 0.40 0.24
 87   4   2  15   6   0   2 0 0 0 0 0.16 0.16 0.20 0.14
 88   1   2  15   0   1   2 0 0 1 0 0.16 0.16 0.20 0.14
 89   1   1   5   0   1   2 1 1 0 0 0.10 0.10 0.04 0.04
 90   5   2  11   6   0   2 0 0 0 0 0.18 0.18 0.16 0.16
 91   5   2  15   5   0   2 0 0 0 0 0.18 0.18 0.16 0.16
 92   4   2  14   0   1   1 0 0 1 1 0.32 0.28 0.60 0.56
 93   3   2  12   0   1   1 0 0 1 1 0.32 0.28 0.56 0.52
 94   1   2  10   0   1   1 0 0 1 1 0.34 0.30 0.52 0.48
 95   5   2   4   0   1   1 1 1 1 1 0.34 0.30 0.48 0.44
 96   1   2   4   0   1   1 0 0 1 1 0.30 0.26 0.44 0.40
 97   1   2   7   0   1   2 1 1 1 1 0.20 0.20 0.18 0.18
 98   4   1   9   2   0   2 0 0 0 0 0.06 0.06 0.04 0.04
 99   3   1   4   0   1   1 0 0 1 1 0.16 0.16 0.36 0.20
100   4   2   6   0   1   1 0 0 1 1 0.30 0.26 0.40 0.36
101   4   1  11   7   0   2 0 0 0 0 0.06 0.06 0.06 0.06
102   2   1  10   0   1   1 0 0 1 0 0.16 0.16 0.32 0.16
103   5   1  11   6   0   2 0 0 0 0 0.08 0.08 0.06 0.06
104   2   2  12   6   0   1 0 0 0 0 0.32 0.28 0.36 0.32
105   2   1  16   0   1   1 1 1 1 1 0.18 0.18 0.28 0.16
106   4   2  12   0   1   1 1 1 1 1 0.32 0.28 0.36 0.32
107   3   2  14   0   1   1 1 1 1 1 0.28 0.24 0.32 0.28
108   1   1   8   0   1   1 0 0 1 0 0.14 0.14 0.24 0.12
109   5   1   1   4   0   2 0 0 0 0 0.08 0.08 0.08 0.08
110   1   1   9   0   1   2 1 1 1 1 0.10 0.10 0.08 0.08
111   3   1   1   3   0   2 0 0 0 0 0.06 0.06 0.04 0.04
112   4   2   9   0   1   2 1 1 1 1 0.16 0.16 0.14 0.14
113   3   1  11   5   0   2 0 0 0 0 0.06 0.06 0.04 0.04
114   5   1   5   3   0   2 0 0 0 0 0.08 0.08 0.06 0.06
115   5   2  14   0   1   1 1 1 1 1 0.24 0.20 0.28 0.24
116   3   2  13   5   0   2 0 0 0 0 0.12 0.12 0.10 0.10
117   5   1   4   0   1   1 1 1 1 1 0.14 0.14 0.20 0.12
118   1   1   7   2   0   2 0 0 0 0 0.08 0.08 0.06 0.06
119   1   1  14   0   1   1 0 0 1 0 0.10 0.10 0.16 0.08
120   4   1  13   4   0   2 0 0 0 0 0.10 0.10 0.08 0.08
121   1   2   6   0   1   1 0 0 1 1 0.20 0.16 0.24 0.20
122   2   1   5   3   0   2 0 0 0 0 0.10 0.10 0.08 0.08
123   3   2  15   0   1   2 0 0 1 1 0.12 0.12 0.10 0.10
124   2   2  14   0   1   1 1 1 1 1 0.20 0.16 0.20 0.16
125   4   2  15   0   1   2 1 1 0 0 0.14 0.14 0.06 0.06
126   5   2   4   6   0   1 0 0 0 0 0.16 0.12 0.16 0.12
127   2   2   4   0   1   1 1 0 1 0 0.16 0.12 0.16 0.12
128   5   1   2   0   1   1 0 0 1 0 0.10 0.10 0.12 0.08
129   4   1  10   4   0   1 0 0 0 0 0.12 0.12 0.08 0.10
130   1   1  14   5   0   1 0 0 0 0 0.12 0.12 0.08 0.10
131   5   2   1   3   0   2 0 0 0 0 0.10 0.10 0.06 0.06
132   5   1  12   0   1   1 1 1 1 1 0.14 0.14 0.10 0.12
133   3   1  14   5   0   1 0 0 0 0 0.10 0.10 0.06 0.08
134   2   1   8   6   0   1 0 0 0 0 0.10 0.10 0.06 0.08
135   3   1   9   0   1   2 1 1 1 1 0.12 0.12 0.10 0.10
136   2   1  12   0   1   1 0 0 0 1 0.12 0.12 0.08 0.10
137   2   1   8   7   0   1 0 0 0 0 0.12 0.12 0.08 0.06
138   5   2  15   0   1   2 0 0 1 1 0.10 0.10 0.08 0.08
139   4   1  14   0   1   1 1 1 1 0 0.14 0.14 0.10 0.06
140   4   2  11   7   0   2 0 0 0 0 0.12 0.12 0.04 0.04
141   3   2   5   3   0   2 0 0 0 0 0.12 0.12 0.04 0.04
142   4   2   8   5   0   1 0 0 0 0 0.12 0.14 0.12 0.14
143   3   2   1   0   1   2 1 1 0 0 0.14 0.14 0.06 0.06
144   1   1   4   6   0   1 0 0 0 0 0.10 0.10 0.06 0.08
145   4   2  12   4   0   1 0 0 0 0 0.12 0.14 0.12 0.14
146   2   2   3   0   1   2 1 1 0 0 0.10 0.10 0.06 0.06
147   1   2   3   5   0   2 0 0 0 0 0.06 0.06 0.08 0.08
148   1   2   2   0   1   1 1 1 1 1 0.14 0.16 0.14 0.16
149   5   2  11   6   0   2 0 0 0 0 0.06 0.06 0.08 0.08
150   5   1   2   0   1   1 1 1 1 1 0.10 0.10 0.06 0.08
151   1   1   1   5   0   2 0 0 0 0 0.08 0.08 0.06 0.06
152   2   2   4   0   1   1 1 1 1 1 0.10 0.12 0.10 0.12
153   2   2  10   3   0   1 0 0 0 0 0.06 0.08 0.06 0.08
154   2   1   8   7   0   1 0 0 0 0 0.06 0.06 0.02 0.04
155   4   1   6   6   0   1 0 0 0 0 0.06 0.06 0.02 0.04
156   5   2   9   0   1   2 0 0 1 1 0.08 0.08 0.10 0.10
157   1   2   5   3   0   2 0 0 0 0 0.08 0.08 0.06 0.06
158   5   2   8   7   0   1 0 0 0 0 0.06 0.08 0.06 0.08
159   4   1  10   5   0   1 0 0 0 0 0.08 0.08 0.04 0.06
160   3   1  14   0   1   1 1 1 0 1 0.08 0.08 0.04 0.06
161   3   1  16   0   1   1 0 0 1 0 0.04 0.04 0.06 0.02
162   5   1   8   8   0   1 0 0 0 0 0.04 0.04 0.02 0.02
163   5   1  12   7   0   1 0 0 0 0 0.06 0.06 0.02 0.04
164   5   1   6   3   0   1 0 0 0 0 0.06 0.06 0.04 0.04
165   2   1  10   6   0   1 0 0 0 0 0.08 0.08 0.04 0.06
166   3   2   7   0   1   2 1 0 0 0 0.10 0.10 0.06 0.06
167   1   2  12   7   0   1 0 0 0 0 0.08 0.10 0.08 0.10
168   2   2   6   7   0   1 0 0 0 0 0.08 0.10 0.08 0.10
169   3   1  13   0   1   2 1 1 1 1 0.08 0.08 0.06 0.06
170   2   2   1   5   0   2 0 0 0 0 0.06 0.10 0.08 0.08
171   3   2   8   0   1   1 1 1 1 1 0.10 0.12 0.10 0.12
172   3   1   5   3   0   2 0 0 0 0 0.04 0.04 0.02 0.02
173   5   1   5   3   0   2 0 0 0 0 0.04 0.04 0.02 0.02
174   2   1   2   0   1   1 1 1 1 1 0.08 0.08 0.06 0.06
175   4   2   7   2   0   2 0 0 0 0 0.06 0.12 0.08 0.08
176   4   2   5   3   0   2 0 0 0 0 0.08 0.12 0.10 0.10
177   4   2   9   0   1   2 0 1 1 1 0.08 0.14 0.10 0.10
178   4   2   4   7   0   1 0 0 0 0 0.06 0.08 0.06 0.08
179   5   2   6   3   0   1 0 0 0 0 0.06 0.08 0.06 0.08
180   1   2   2   1   0   1 0 0 0 0 0.08 0.10 0.08 0.10
181   1   2  15   5   0   2 0 0 0 0 0.10 0.10 0.06 0.06
182   1   1   3   5   0   2 0 0 0 0 0.06 0.06 0.04 0.04
183   5   2   9   0   1   2 1 1 0 0 0.10 0.10 0.06 0.06
184   2   2   8   6   0   1 0 0 0 0 0.08 0.10 0.08 0.10
185   3   2  11   5   0   2 0 0 0 0 0.06 0.06 0.08 0.08
186   1   2   7   6   0   2 0 0 0 0 0.06 0.06 0.08 0.08
187   5   1   6   3   0   1 0 0 0 0 0.04 0.04 0.02 0.02
188   2   2  12   0   1   1 0 0 0 1 0.10 0.12 0.10 0.12
189   2   2   8   0   1   1 1 1 1 1 0.10 0.12 0.10 0.08
190   4   1   2   2   0   1 0 0 0 0 0.04 0.04 0.02 0.02
191   3   2  14   4   0   1 0 0 0 0 0.06 0.08 0.06 0.04
192   5   1  14   3   0   1 0 0 0 0 0.06 0.06 0.04 0.04
193   4   1   3   6   0   2 0 0 0 0 0.06 0.06 0.04 0.04
194   1   1  11   0   1   2 1 1 1 1 0.08 0.08 0.06 0.06
195   1   1   7   6   0   2 0 0 0 0 0.04 0.04 0.02 0.02
196   4   2  11   0   1   2 1 1 0 0 0.08 0.08 0.10 0.10
197   3   2   9   0   0   2 0 0 0 0 0.04 0.04 0.10 0.10
198   1   2  14   2   0   1 0 0 0 0 0.06 0.08 0.06 0.04
199   5   2   2   2   0   1 0 0 0 0 0.08 0.10 0.08 0.06
200   5   1  10   3   0   1 0 0 0 0 0.06 0.06 0.04 0.04
201   3   1   2   0   1   1 1 0 0 0 0.08 0.08 0.06 0.06
202   2   1  14   0   1   1 0 1 1 1 0.04 0.08 0.06 0.06
203   1   2   4   7   0   1 0 0 0 0 0.08 0.10 0.08 0.06
204   3   1   5   4   0   2 0 0 0 0 0.04 0.04 0.02 0.02
205   4   1   7   7   0   2 0 0 0 0 0.06 0.06 0.04 0.04
206   3   1   8   6   0   1 0 0 0 0 0.04 0.04 0.02 0.02
207   5   2  10   0   1   1 1 1 1 1 0.10 0.12 0.10 0.08
208   5   2  15   0   1   2 0 0 1 1 0.04 0.04 0.12 0.12
209   5   1  10   4   0   1 0 0 0 0 0.06 0.04 0.02 0.02
210   4   1  12   5   0   1 0 0 0 0 0.06 0.06 0.04 0.04
211   5   1   3   7   0   2 0 0 0 0 0.06 0.06 0.04 0.04
212   2   2  10   4   0   1 0 0 0 0 0.06 0.08 0.06 0.04
213   2   1  15   0   1   2 1 1 1 1 0.08 0.08 0.06 0.06
214   1   2  10   4   0   1 0 0 0 0 0.06 0.08 0.06 0.04
215   3   1  10   0   1   1 1 1 0 0 0.08 0.06 0.04 0.04
216   5   2   5   3   0   2 0 0 0 0 0.06 0.06 0.08 0.08
217   2   1   7   4   0   2 0 0 0 0 0.04 0.04 0.02 0.02
218   1   2  14   3   0   1 0 0 0 0 0.08 0.10 0.08 0.06
219   1   2   8   6   0   1 0 0 0 0 0.08 0.10 0.08 0.06
220   2   1   6   0   1   1 0 0 1 1 0.04 0.02 0.06 0.06
221   4   2  14   0   1   1 1 1 1 1 0.10 0.12 0.10 0.08
222   1   2   8   6   0   1 0 0 0 0 0.06 0.08 0.06 0.04
223   3   1   4   5   0   1 0 0 0 0 0.04 0.02 0.02 0.02
224   1   2   3   4   0   2 0 0 0 0 0.06 0.06 0.08 0.08
225   3   1  15   4   0   2 0 0 0 0 0.04 0.04 0.02 0.02
226   1   1  11   0   1   2 1 1 1 1 0.06 0.06 0.04 0.04
227   4   1   4   0   1   1 1 0 0 0 0.06 0.04 0.02 0.02
228   4   1   8   6   0   1 0 0 0 0 0.02 0.04 0.04 0.04
229   5   1   7   6   0   2 0 0 0 0 0.02 0.02 0.02 0.02
230   3   2  16   4   0   1 0 0 0 0 0.06 0.08 0.06 0.04
231   3   1   5   4   0   2 0 0 0 0 0.02 0.02 0.02 0.02
232   2   2   2   0   1   1 0 1 1 0 0.08 0.10 0.08 0.06
233   5   1  15   5   0   2 0 0 0 0 0.04 0.04 0.04 0.04
234   3   2  10   4   0   1 0 0 0 0 0.08 0.06 0.04 0.06
235   4   1   4   0   1   1 0 1 1 1 0.02 0.06 0.04 0.04
236   3   1   1   2   0   2 0 0 0 0 0.04 0.04 0.04 0.04
237   2   1  13   0   1   2 0 0 1 1 0.06 0.06 0.06 0.06
238   1   1  16   5   0   1 0 0 0 0 0.04 0.02 0.02 0.02
239   3   1  15   0   1   2 1 1 0 0 0.06 0.06 0.02 0.02
240   4   2   2   0   1   1 1 0 0 1 0.10 0.06 0.04 0.08
241   4   2   2   0   1   1 0 1 0 0 0.06 0.08 0.06 0.04
242   1   2   2   2   0   1 0 0 0 0 0.06 0.04 0.06 0.04
243   2   2  16   4   0   1 0 0 0 0 0.08 0.04 0.08 0.06
244   3   1  13   2   0   2 0 0 0 0 0.02 0.02 0.02 0.02
245   2   1   9   0   1   2 0 0 1 1 0.02 0.02 0.04 0.04
246   4   2   7   0   1   2 0 0 1 1 0.08 0.08 0.10 0.10
247   5   2  12   0   1   1 1 0 1 1 0.08 0.06 0.08 0.06
248   4   1   7   6   0   2 0 0 0 0 0.04 0.04 0.02 0.02
249   3   1   2   3   0   1 0 0 0 0 0.04 0.02 0.02 0.02
250   3   2   5   2   0   2 0 0 0 0 0.08 0.08 0.06 0.06
251   1   1  16   6   0   1 0 0 0 0 0.06 0.04 0.04 0.04
252   4   1  16   0   1   1 1 1 0 0 0.06 0.04 0.04 0.04
253   3   1   6   0   1   1 0 0 1 1 0.02 0.02 0.06 0.06
254   3   2   4   7   0   1 0 0 0 0 0.04 0.06 0.04 0.02
255   3   2   6   2   0   1 0 0 0 0 0.04 0.08 0.04 0.02
256   2   1   5   2   0   2 0 0 0 0 0.04 0.04 0.02 0.02
257   5   1   7   7   0   2 0 0 0 0 0.06 0.06 0.04 0.04
258   1   2   9   0   1   2 1 1 0 0 0.10 0.10 0.06 0.06
259   3   1  15   5   0   2 0 0 0 0 0.06 0.06 0.04 0.04
260   4   1   5   0   1   2 1 1 1 1 0.08 0.08 0.06 0.06
261   5   2   5   0   1   2 0 0 1 1 0.06 0.06 0.08 0.08
262   4   2  16   7   0   1 0 0 0 0 0.06 0.08 0.06 0.04
263   2   1   5   0   1   2 0 0 1 0 0.04 0.04 0.02 0.02
264   4   2   1   2   0   2 0 0 0 0 0.06 0.06 0.04 0.04
265   4   2   3   6   0   2 0 0 0 0 0.08 0.08 0.04 0.04
266   4   1   6   2   0   1 0 0 0 0 0.02 0.02 0.02 0.02
267   5   2   7   8   0   2 0 0 0 0 0.08 0.08 0.06 0.06
268   5   1  12   7   0   1 0 0 0 0 0.04 0.04 0.02 0.02
269   4   1   5   0   0   2 0 0 0 0 0.04 0.04 0.02 0.02
270   1   2  16   6   0   1 0 0 0 0 0.06 0.10 0.06 0.04
271   2   2  15   0   1   2 1 1 0 0 0.10 0.10 0.06 0.06
272   5   1   3   6   0   2 0 0 0 0 0.06 0.06 0.02 0.04
273   5   1  16   6   0   1 0 0 0 0 0.04 0.04 0.04 0.04
274   5   1   4   0   1   1 1 1 1 1 0.06 0.06 0.04 0.04
275   2   1   6   2   1   1 0 0 0 0 0.02 0.02 0.02 0.02
276   3   2  15   0   1   2 0 0 1 1 0.06 0.06 0.08 0.08
277   3   2   2  -2   0   1 0 0 0 0 0.08 0.10 0.08 0.06
278   4   1   6  -1   0   1 0 0 0 0 0.02 0.02 0.02 0.02
279   3   1  10   2   0   1 0 0 0 0 0.04 0.04 0.04 0.04
280   5   1  15   0   1   2 1 1 1 1 0.06 0.06 0.04 0.04
281   2   2   5   0   0   2 0 0 0 0 0.06 0.06 0.04 0.04
282   2   1  11   2   0   2 0 0 0 0 0.02 0.02 0.02 0.02
283   5   2   3   6   0   2 0 0 0 0 0.08 0.08 0.04 0.04
284   2   2   1  -2   0   2 0 0 0 0 0.08 0.08 0.06 0.06
285   1   2   1   0   1   2 1 1 0 0 0.10 0.10 0.06 0.06
286   2   2   9   4   0   2 0 0 0 0 0.06 0.06 0.08 0.08
287   4   1  12   7   0   1 0 0 0 0 0.04 0.04 0.04 0.04
288   1   1   1  -1   0   2 0 0 0 0 0.02 0.02 0.02 0.02
289   3   1   7   6   0   2 0 0 0 0 0.04 0.04 0.04 0.04
290   5   2  16   0   1   1 1 1 1 0 0.08 0.12 0.08 0.06
291   2   1  16   7   0   1 0 0 0 0 0.06 0.06 0.06 0.06
292   5   2   1  -2   0   2 0 0 0 0 0.06 0.06 0.08 0.08
293   5   2  11   0   1   2 0 0 1 1 0.08 0.08 0.10 0.10
294   2   2  13   3   0   2 0 0 0 0 0.08 0.08 0.06 0.06
295   5   2   8   7   0   1 0 0 0 0 0.04 0.08 0.04 0.08
296   2   1   9   3   0   2 0 0 0 0 0.04 0.04 0.04 0.04
297   3   2   8   3   0   1 0 0 0 0 0.04 0.08 0.04 0.08
298   4   2   4   0   1   1 0 1 0 1 0.06 0.10 0.06 0.10
299   5   1  15   3   0   2 0 0 0 0 0.06 0.06 0.06 0.06
300   1   1  10   1   0   1 0 0 0 0 0.06 0.06 0.06 0.06
301   2   1  14   0   1   1 1 1 1 1 0.08 0.08 0.08 0.08
302   4   2  14   3   0   1 0 0 0 0 0.06 0.06 0.06 0.06
303   2   1  12   6   0   1 0 0 0 0 0.04 0.04 0.04 0.04
304   4   2   7   3   0   2 0 0 0 0 0.10 0.10 0.06 0.06
305   3   1   6  -2   0   1 0 0 0 0 0.04 0.04 0.04 0.04
306   3   1   7   0   1   2 1 0 1 0 0.06 0.06 0.06 0.06
307   2   2   2  -3   0   1 0 0 0 0 0.08 0.06 0.08 0.06
308   3   1  16   5   0   1 0 0 0 0 0.06 0.06 0.06 0.06
309   5   1  13   0   1   2 0 1 0 1 0.02 0.08 0.02 0.08
310   4   1   7   5   0   2 0 0 0 0 0.02 0.04 0.02 0.04
311   2   2  13   0   1   2 1 1 1 1 0.10 0.10 0.08 0.08
312   2   2  10   4   0   1 0 0 0 0 0.08 0.08 0.08 0.08
313   1   1  12   0   1   1 1 1 1 1 0.06 0.06 0.06 0.06
314   5   2   6   0   1   1 1 1 1 1 0.10 0.08 0.10 0.08
315   4   2   8   6   0   1 0 0 0 0 0.06 0.04 0.06 0.04
316   4   1   8   3   0   1 0 0 0 0 0.02 0.02 0.02 0.02
317   3   1  12   7   0   1 0 0 0 0 0.02 0.02 0.02 0.02
318   4   1   1  -4   0   2 0 0 0 0 0.04 0.04 0.04 0.04
319   3   1  10   2   0   1 0 0 0 0 0.04 0.04 0.04 0.04
320   2   2   6  -4   0   1 0 0 0 0 0.06 0.04 0.06 0.04
321   3   1   9   0   1   2 0 1 0 1 0.04 0.06 0.04 0.06
322   1   2  10   2   0   1 0 0 0 0 0.08 0.06 0.08 0.06
323   5   2  13   0   0   2 0 0 0 0 0.06 0.06 0.04 0.04
324   2   1  11   0   1   2 1 0 1 0 0.06 0.02 0.06 0.02
325   4   2   1  -4   0   2 0 0 0 0 0.06 0.06 0.04 0.04
326   1   1   2  -7   0   1 0 0 0 0 0.04 0.04 0.04 0.04
327   4   1   3   6   0   2 0 0 0 0 0.02 0.02 0.02 0.02
328   3   2  12   0   1   1 0 0 1 1 0.08 0.06 0.08 0.06
329   3   2  16   0   1   1 1 1 0 0 0.10 0.08 0.04 0.02
330   3   1   8   0   1   1 1 1 1 1 0.06 0.06 0.06 0.06
331   4   2   9   5   0   2 0 0 0 0 0.08 0.08 0.06 0.06
332   5   2  16   7   0   1 0 0 0 0 0.06 0.04 0.04 0.02
333   3   2   4   7   0   1 0 0 0 0 0.06 0.04 0.06 0.04
334   4   2   4   7   0   1 0 0 0 0 0.08 0.06 0.06 0.04
335   1   1   6  -4   0   1 0 0 0 0 0.02 0.02 0.02 0.02
336   1   1   9   3   0   2 0 0 0 0 0.02 0.04 0.02 0.04
337   3   2  10   2   0   1 0 0 0 0 0.08 0.06 0.08 0.06
338   5   1   9   2   0   2 0 0 0 0 0.04 0.04 0.04 0.04
339   2   1   3   0   1   2 0 1 0 1 0.04 0.06 0.04 0.06
340   2   1   7   0   1   2 1 0 1 0 0.06 0.02 0.06 0.02
341   2   2   3   7   0   2 0 0 0 0 0.08 0.08 0.06 0.06
342   3   2   7   0   1   2 1 1 1 1 0.10 0.10 0.08 0.08
343   2   1  15   6   0   2 0 0 0 0 0.02 0.02 0.02 0.02
344   2   1  12   7   0   1 0 0 0 0 0.02 0.02 0.02 0.02
345   2   2   9   2   0   2 0 0 0 0 0.06 0.06 0.04 0.04
346   4   1  13   2   0   2 0 0 0 0 0.02 0.04 0.02 0.04
347   4   1   9   6   0   2 0 0 0 0 0.04 0.04 0.04 0.04
348   5   2   1  -3   0   2 0 0 0 0 0.06 0.06 0.04 0.04
349   4   2   3   6   0   2 0 0 0 0 0.08 0.08 0.06 0.06
350   2   1   3   0   1   2 0 1 0 1 0.04 0.06 0.04 0.06
351   5   1   1  -7   0   2 0 0 0 0 0.06 0.02 0.06 0.02
352   2   2  11   6   0   2 0 0 0 0 0.08 0.08 0.06 0.06
353   4   2  13   0   1   2 1 1 1 1 0.10 0.10 0.08 0.08
354   3   2   9   2   0   2 0 0 0 0 0.06 0.06 0.04 0.04
355   1   2   6  -2   0   1 0 0 0 0 0.10 0.08 0.08 0.06
356   2   2  13  -1   0   2 0 0 0 0 0.06 0.06 0.04 0.04
357   1   1   6  -3   0   1 0 0 0 0 0.04 0.04 0.04 0.04
358   4   1   2  -7   0   1 0 0 0 0 0.04 0.04 0.04 0.04
359   2   1   2  -8   0   1 0 0 0 0 0.06 0.06 0.06 0.06
360   2   2  11   5   0   2 0 0 0 0 0.08 0.08 0.06 0.06
361   5   2   5  -1   0   2 0 0 0 0 0.08 0.08 0.06 0.06
362   1   1  10   0   1   1 1 1 1 1 0.06 0.06 0.06 0.06
363   2   2   7   6   0   2 0 0 0 0 0.10 0.10 0.08 0.08
364   4   2   3   0   1   2 1 1 1 1 0.10 0.10 0.08 0.08
365   1   2   5   2   0   2 0 0 0 0 0.06 0.06 0.04 0.04
366   4   1  11   0   1   2 1 0 1 0 0.06 0.02 0.06 0.02
367   4   2   8   0   1   1 1 1 1 1 0.10 0.08 0.10 0.08
368   5   1   8   7   0   1 0 0 0 0 0.02 0.02 0.02 0.02
369   3   2  11   5   0   2 0 0 0 0 0.06 0.06 0.04 0.04
370   1   1  11   5   0   2 0 0 0 0 0.02 0.04 0.02 0.04
371   2   2   4   7   0   1 0 0 0 0 0.06 0.04 0.06 0.04
372   2   2   7   7   0   2 0 0 0 0 0.08 0.08 0.06 0.06
373   4   2   2  -2   0   1 0 0 0 0 0.06 0.04 0.06 0.04
374   2   1  13   2   0   2 0 0 0 0 0.02 0.04 0.02 0.04
375   4   2   6   0   1   1 1 0 1 0 0.08 0.06 0.08 0.06
376   5   2   3   8   0   2 0 0 0 0 0.08 0.08 0.06 0.06
377   3   2   1   0   1   2 1 1 1 1 0.10 0.10 0.08 0.08
378   2   1  16   6   0   1 0 0 0 0 0.02 0.02 0.02 0.02
379   4   1  14   1   0   1 0 0 0 0 0.04 0.04 0.04 0.04
380   1   2  11   7   0   2 0 0 0 0 0.06 0.06 0.04 0.04
381   5   1   4   8   0   1 0 0 0 0 0.04 0.04 0.04 0.04
382   1   2  13   2   0   2 0 0 0 0 0.06 0.06 0.04 0.04
383   1   1   4   0   1   1 1 1 1 1 0.06 0.06 0.06 0.06
384   3   2  15   7   0   2 0 0 0 0 0.08 0.08 0.06 0.06
385   5   1  13   0   1   2 0 1 0 1 0.04 0.06 0.04 0.06
386   3   2   4   7   0   1 0 0 0 0 0.04 0.06 0.04 0.06
387   4   2  10   2   0   1 0 0 0 0 0.04 0.08 0.04 0.08
388   3   1  11   7   0   2 0 0 0 0 0.04 0.02 0.04 0.02
389   4   1  10   3   0   1 0 0 0 0 0.02 0.02 0.02 0.02
390   3   2   1  -4   0   2 0 0 0 0 0.08 0.08 0.06 0.06
391   4   1  14  -1   0   1 0 0 0 0 0.02 0.02 0.02 0.02
392   4   1   2  -8   0   1 0 0 0 0 0.04 0.04 0.04 0.04
393   2   2   7   0   1   2 1 1 1 1 0.10 0.10 0.08 0.08
394   3   1   7   0   1   2 1 0 1 0 0.06 0.02 0.06 0.02
395   2   2   8   6   0   1 0 0 0 0 0.06 0.08 0.06 0.08
396   5   1   5   1   0   2 0 0 0 0 0.02 0.04 0.02 0.04
397   1   1   1  -3   0   2 0 0 0 0 0.02 0.04 0.02 0.04
398   1   1  13  -2   0   2 0 0 0 0 0.04 0.06 0.04 0.06
399   3   2   6   0   1   1 0 1 0 1 0.06 0.10 0.06 0.10
400   5   2   4   8   0   1 0 0 0 0 0.08 0.06 0.08 0.06
401   1   2   3   7   0   2 0 0 0 0 0.06 0.06 0.04 0.04
402   1   2  15   4   0   2 0 0 0 0 0.06 0.06 0.04 0.04
403   2   2   2   0   1   1 1 0 1 0 0.08 0.06 0.08 0.06
404   1   2   7   4   0   2 0 0 0 0 0.08 0.08 0.06 0.06
405   5   1   9   0   1   2 0 1 0 1 0.04 0.06 0.04 0.06
406   4   2  15   0   1   2 1 1 1 1 0.08 0.08 0.06 0.06
407   4   2  10   0   1   1 0 1 0 1 0.04 0.08 0.04 0.08
408   2   2  16   5   0   1 0 0 0 0 0.04 0.04 0.04 0.04
409   1   2   8   7   0   1 0 0 0 0 0.06 0.04 0.06 0.04
410   2   2  15   5   0   2 0 0 0 0 0.04 0.04 0.02 0.02
411   2   1   2   1   1   1 0 0 1 1 0.04 0.04 0.04 0.04
412   2   2  16   6   0   1 0 0 0 0 0.06 0.06 0.06 0.06
413   5   1  16   0   1   1 1 1 0 0 0.06 0.06 0.02 0.02
414   4   1  15   0   1   2 1 0 1 0 0.06 0.02 0.06 0.02
415   4   1   4   8   0   1 0 0 0 0 0.02 0.02 0.02 0.02
416   1   2  14  -2   0   1 0 0 0 0 0.08 0.06 0.08 0.06
417   5   2  14   0   1   1 1 1 1 1 0.08 0.08 0.08 0.08
418   1   1   8   0   1   1 0 0 1 1 0.02 0.02 0.04 0.04
419   2   1   4   7   0   1 0 0 0 0 0.04 0.04 0.02 0.02
420   5   2  12   7   0   1 0 0 0 0 0.04 0.04 0.04 0.04
421   1   2  12   5   0   1 0 0 0 0 0.04 0.04 0.04 0.04
422   4   2  13  -2   0   2 0 0 0 0 0.04 0.04 0.02 0.02
423   3   1  16   7   0   1 0 0 0 0 0.04 0.04 0.02 0.02
424   5   2   7   7   0   2 0 0 0 0 0.06 0.06 0.04 0.04
425   5   2   8   7   0   1 0 0 0 0 0.06 0.06 0.06 0.06
426   1   2   4   9   0   1 0 0 0 0 0.06 0.06 0.06 0.06
427   4   2   5   1   0   2 0 0 0 0 0.06 0.06 0.04 0.04
428   1   1  15   3   0   2 0 0 0 0 0.02 0.02 0.02 0.02
429   5   2   2   0   1   1 1 1 1 1 0.08 0.08 0.08 0.08
430   1   1  15   5   0   2 0 0 0 0 0.02 0.04 0.02 0.04
431   2   1   1  -2   0   2 0 0 0 0 0.04 0.04 0.04 0.04
432   5   2  16   7   0   1 0 0 0 0 0.04 0.04 0.04 0.04
433   2   1  13   0   1   2 0 0 0 0 0.04 0.06 0.04 0.06
434   3   2  16   6   0   1 0 0 0 0 0.04 0.04 0.04 0.04
435   1   1   2   0   1   1 1 1 0 0 0.06 0.06 0.04 0.04
436   1   2  12   8   0   1 0 0 0 0 0.06 0.06 0.06 0.06
437   3   2   9   0   1   2 1 1 1 1 0.08 0.08 0.06 0.06
438   3   1   3   8   0   2 0 0 0 0 0.06 0.06 0.06 0.06
439   5   2  12   6   0   1 0 0 0 0 0.06 0.06 0.06 0.06
440   2   1   3   0   1   2 1 1 1 1 0.06 0.08 0.06 0.08
441   5   1   1  -3   0   2 0 0 0 0 0.02 0.04 0.02 0.04
442   5   2   6   0   1   1 1 1 1 1 0.08 0.08 0.08 0.08
443   3   2   6  -2   0   1 0 0 0 0 0.04 0.04 0.04 0.04
444   4   1  16   0   1   1 0 0 1 1 0.02 0.02 0.04 0.04
445   4   1   5   1   0   2 0 0 0 0 0.02 0.04 0.02 0.04
446   3   1  12   8   0   1 0 0 0 0 0.02 0.02 0.02 0.02
447   5   1  14   1   0   1 0 0 0 0 0.04 0.04 0.02 0.02
448   2   2   5   2   0   2 0 0 0 0 0.04 0.04 0.02 0.02
449   5   1  16   7   0   1 0 0 0 0 0.04 0.04 0.04 0.04
450   3   1   1  -3   0   2 0 0 0 0 0.04 0.06 0.04 0.06
451   1   1   5   0   1   2 0 1 0 1 0.04 0.06 0.04 0.06
452   1   2  13   1   0   2 0 0 0 0 0.04 0.04 0.02 0.02
453   5   1   9   0   1   2 1 0 1 0 0.06 0.02 0.06 0.02
454   4   1  12   6   0   1 0 0 0 0 0.06 0.06 0.04 0.04
455   1   2   6   1   0   1 0 0 0 0 0.04 0.04 0.04 0.04
456   4   1   1  -5   0   2 0 0 0 0 0.02 0.02 0.02 0.02
457   1   2  16   7   0   1 0 0 0 0 0.06 0.06 0.06 0.06
458   1   1  12   0   1   1 1 1 1 1 0.06 0.06 0.06 0.06
459   3   1   3   7   0   2 0 0 0 0 0.02 0.04 0.02 0.04
460   5   1   2  -8   0   1 0 0 0 0 0.02 0.02 0.02 0.02
461   2   2  11   5   0   2 0 0 0 0 0.06 0.06 0.04 0.04
462   2   1  15   3   0   2 0 0 0 0 0.04 0.04 0.04 0.04
463   1   1  16   7   0   1 0 0 0 0 0.02 0.02 0.02 0.02
464   5   1   7   0   1   2 0 1 0 1 0.04 0.06 0.04 0.06
465   1   1   9   0   1   2 1 0 1 0 0.06 0.02 0.06 0.02
466   1   1  10   2   0   1 0 0 0 0 0.04 0.04 0.04 0.04
467   2   1   9   3   0   2 0 0 0 0 0.02 0.02 0.02 0.02
468   4   2  11   8   0   2 0 0 0 0 0.06 0.06 0.04 0.04
469   4   2  13  -2   0   2 0 0 0 0 0.08 0.08 0.06 0.06
470   5   2   2  -8   0   1 0 0 0 0 0.06 0.06 0.06 0.06
471   4   2   6  -3   0   1 0 0 0 0 0.08 0.08 0.08 0.08
472   4   1  15   5   0   2 0 0 0 0 0.02 0.04 0.02 0.04
473   1   2  13   2   0   2 0 0 0 0 0.08 0.08 0.06 0.06
474   1   2   1   0   1   2 1 1 1 1 0.10 0.10 0.08 0.08
475   5   1  14   2   0   1 0 0 0 0 0.04 0.04 0.04 0.04
476   2   1   6   0   1   1 1 1 1 1 0.06 0.06 0.06 0.06
477   2   2  14   0   1   1 0 0 1 1 0.08 0.08 0.08 0.08
478   4   1  13   2   0   2 0 0 0 0 0.04 0.04 0.04 0.04
479   3   2  11   7   0   2 0 0 0 0 0.06 0.06 0.04 0.04
480   5   2   9   2   0   2 0 0 0 0 0.06 0.06 0.04 0.04
