  1   3   2  16   0   1   1 0 0 1 0 0.90 0.90 0.90 1.00
  2   2   1   6   0   1   1 1 1 1 1 0.70 0.70 0.70 0.90
  3   2   2  16   6   0   1 0 0 0 0 0.90 0.90 0.86 1.00
  4   2   1  11   0   1   2 1 0 1 1 0.40 0.40 0.40 0.50
  5   1   1   9   0   1   2 1 1 1 1 0.36 0.40 0.36 0.46
  6   2   1  12   0   1   1 1 1 1 1 0.66 0.66 0.66 0.86
  7   2   2  13   0   1   2 1 1 1 1 0.50 0.50 0.50 0.50
  8   2   1  15   0   1   2 1 0 1 0 0.32 0.36 0.32 0.42
  9   2   2   1  -3   0   2 0 0 0 0 0.46 0.46 0.46 0.46
 10   3   2   4   6   0   1 0 0 0 0 0.92 0.92 0.86 1.00
 11   1   2   4   0   1   1 1 1 1 1 0.92 0.92 0.88 1.00
 12   3   1   4   0   1   1 1 1 1 1 0.62 0.62 0.62 0.82
 13   2   2  15   0   1   2 1 1 1 1 0.46 0.46 0.46 0.46
 14   1   1  11   0   1   2 1 1 1 1 0.28 0.36 0.28 0.42
 15   2   2   4   0   1   1 1 1 1 1 0.88 0.88 0.84 0.96
 16   5   2   6  -5   0   1 0 0 0 0 0.84 0.84 0.80 0.92
 17   1   2  16   0   1   1 1 1 0 0 0.84 0.84 0.80 0.92
 18   3   2  11   7   0   2 0 0 0 0 0.42 0.42 0.42 0.42
 19   1   1   6   0   1   1 1 1 1 0 0.58 0.58 0.58 0.78
 20   4   2  10   0   1   1 1 0 1 0 0.80 0.80 0.82 0.94
 21   1   1   3   0   1   2 1 1 0 0 0.24 0.32 0.24 0.38
 22   3   1   5  -4   0   2 0 0 0 0 0.20 0.28 0.24 0.38
 23   5   1   4   0   1   1 1 1 1 1 0.54 0.54 0.54 0.78
 24   1   1  16   0   1   1 1 1 1 1 0.50 0.50 0.50 0.74
 25   2   1  11   2   0   2 0 0 0 0 0.20 0.28 0.26 0.40
 26   4   2  16   1   0   1 0 0 0 0 0.76 0.80 0.78 0.94
 27   3   1  15   0   1   2 1 0 1 0 0.22 0.30 0.26 0.40
 28   2   1  11   0   1   2 0 0 0 1 0.18 0.30 0.22 0.42
 29   4   1   7   5   0   2 0 0 0 0 0.18 0.32 0.22 0.38
 30   2   1   4   0   1   1 1 0 1 1 0.46 0.46 0.46 0.70
 31   4   2  13  -7   0   2 0 0 0 0 0.42 0.42 0.42 0.42
 32   2   2   1  -2   0   2 0 0 0 0 0.44 0.44 0.44 0.44
 33   3   2   5  -1   0   2 0 0 0 0 0.44 0.44 0.44 0.44
 34   5   2   9   3   0   2 0 0 0 0 0.46 0.46 0.46 0.46
 35   2   2   3   1   0   2 0 0 0 0 0.46 0.46 0.46 0.46
 36   2   2   8   0   1   1 0 0 1 0 0.76 0.82 0.78 0.96
 37   1   2   9   0   1   2 0 0 1 0 0.48 0.48 0.48 0.48
 38   3   2   3   0   0   2 0 0 0 0 0.48 0.48 0.44 0.48
 39   1   2  16   0   1   1 1 1 0 0 0.78 0.82 0.74 0.96
 40   1   2  13   0   1   2 1 0 0 0 0.50 0.50 0.44 0.50
 41   3   2  13  -6   0   2 0 0 0 0 0.46 0.50 0.46 0.50
 42   4   1   3  -1   0   2 0 0 0 0 0.20 0.32 0.24 0.38
 43   2   1   2   0   1   1 1 0 1 0 0.42 0.46 0.42 0.66
 44   1   2   6   0   1   1 1 0 1 1 0.74 0.78 0.74 0.98
 45   2   1   9  -1   0   2 0 0 0 0 0.20 0.34 0.24 0.40
 46   1   1   5  -7   0   2 0 0 0 0 0.22 0.34 0.26 0.40
 47   5   2  16   7   0   1 0 0 0 0 0.70 0.78 0.70 0.94
 48   2   1   6   0   1   1 1 0 0 0 0.38 0.48 0.38 0.66
 49   2   1  13  -6   0   2 0 0 0 0 0.22 0.36 0.26 0.42
 50   3   1   8   0   1   1 1 0 0 0 0.34 0.48 0.38 0.68
 51   3   1  13   0   1   2 1 0 0 0 0.24 0.36 0.28 0.42
 52   5   1  15  -3   0   2 0 0 0 0 0.20 0.38 0.28 0.44
 53   4   2  12   0   1   1 1 0 0 0 0.70 0.80 0.70 0.94
 54   5   2  13  -5   0   2 0 0 0 0 0.46 0.52 0.46 0.52
 55   4   2   3  -1   0   2 0 0 0 0 0.48 0.52 0.48 0.52
 56   1   2  13  -7   0   2 0 0 0 0 0.48 0.54 0.48 0.54
 57   1   2   3  -1   0   2 0 0 0 0 0.50 0.54 0.50 0.54
 58   2   1  15  -3   0   2 0 0 0 0 0.20 0.38 0.30 0.44
 59   5   1   9  -2   0   2 0 0 0 0 0.22 0.40 0.30 0.46
 60   3   2  15  -1   0   2 0 0 0 0 0.50 0.56 0.50 0.56
 61   3   2  13   0   1   2 1 0 0 0 0.52 0.56 0.52 0.56
 62   4   2   3   0   1   2 1 0 0 0 0.48 0.58 0.52 0.58
 63   3   1  16   6   0   1 0 0 0 0 0.30 0.50 0.40 0.68
 64   5   2   4   5   0   1 0 0 0 0 0.66 0.80 0.72 0.96
 65   5   1  16   3   0   1 0 0 0 0 0.30 0.50 0.40 0.70
 66   4   1  11   1   0   2 0 0 0 0 0.22 0.40 0.32 0.46
 67   5   1  13  -3   0   2 0 0 0 0 0.24 0.42 0.32 0.48
 68   5   1   2  -5   0   1 0 0 0 0 0.32 0.52 0.42 0.70
 69   1   2  12   8   0   1 0 0 0 0 0.66 0.82 0.72 0.96
 70   1   1  12   0   1   1 1 1 1 1 0.32 0.52 0.42 0.72
 71   4   1  13  -3   0   2 0 0 0 0 0.24 0.42 0.34 0.48
 72   5   1  12   7   0   1 0 0 0 0 0.28 0.48 0.38 0.68
 73   1   1  15   0   1   2 1 1 0 0 0.26 0.44 0.34 0.50
 74   1   1   5  -5   0   2 0 0 0 0 0.22 0.40 0.36 0.50
 75   3   1   7   0   1   2 0 0 1 0 0.22 0.40 0.36 0.52
 76   2   2   5  -3   0   2 0 0 0 0 0.44 0.58 0.54 0.58
 77   5   2  10  -3   0   1 0 0 0 0 0.68 0.82 0.74 0.98
 78   3   2  10  -1   0   1 0 0 0 0 0.68 0.84 0.74 0.98
 79   5   2   3  -2   0   2 0 0 0 0 0.44 0.60 0.54 0.60
 80   5   2   2  -6   0   1 0 0 0 0 0.70 0.84 0.76 1.00
 81   3   2   3   0   1   2 0 0 1 0 0.46 0.60 0.56 0.60
 82   3   2  13  -6   0   2 0 0 0 0 0.46 0.62 0.52 0.62
 83   5   2   5  -5   0   2 0 0 0 0 0.48 0.62 0.52 0.62
 84   2   2  11   1   0   2 0 0 0 0 0.48 0.64 0.54 0.64
 85   1   1  15   0   0   2 0 0 0 0 0.24 0.42 0.32 0.52
 86   3   2   5   0   1   2 0 0 1 0 0.50 0.64 0.54 0.64
 87   4   2   1  -1   0   2 0 0 0 0 0.50 0.66 0.50 0.66
 88   1   1   1  -2   0   2 0 0 0 0 0.24 0.42 0.32 0.54
 89   2   2  15   0   1   2 1 0 0 1 0.52 0.66 0.50 0.66
 90   1   2   9   0   1   2 1 1 0 0 0.48 0.68 0.52 0.62
 91   4   1  11   5   0   2 0 0 0 0 0.26 0.44 0.34 0.54
 92   3   2   7   1   0   2 0 0 0 0 0.44 0.64 0.52 0.62
 93   3   2  12   7   0   1 0 0 0 0 0.70 0.86 0.76 1.00
 94   2   1   3   0   1   2 1 0 0 0 0.26 0.44 0.34 0.56
 95   4   1   3  -1   0   2 0 0 0 0 0.22 0.46 0.36 0.56
 96   2   2  14   0   1   1 1 1 1 1 0.72 0.86 0.78 1.00
 97   3   2   1  -3   0   2 0 0 0 0 0.44 0.64 0.54 0.64
 98   1   2   8   0   1   1 1 0 0 0 0.68 0.82 0.74 0.96
 99   2   1  13   0   1   2 0 1 0 0 0.22 0.46 0.36 0.58
100   2   2   2   0   1   1 1 1 1 1 0.64 0.82 0.74 0.96
101   1   2   7  -1   0   2 0 0 0 0 0.46 0.66 0.54 0.64
102   4   1  10  -6   0   1 0 0 0 0 0.28 0.48 0.38 0.68
103   2   2   8   0   1   1 1 0 0 0 0.60 0.78 0.70 0.92
104   1   1   1   0   1   2 0 0 1 0 0.24 0.42 0.38 0.58
105   2   2   9   0   1   2 1 0 1 0 0.46 0.66 0.56 0.66
106   4   1   2  -6   0   1 0 0 0 0 0.30 0.50 0.40 0.70
107   4   2   9  -3   0   2 0 0 0 0 0.42 0.68 0.52 0.66
108   1   1   9   0   1   2 1 1 1 1 0.24 0.42 0.34 0.60
109   5   1  11   3   0   2 0 0 0 0 0.20 0.38 0.30 0.56
110   5   2   2  -6   0   1 0 0 0 0 0.56 0.78 0.70 0.92
111   4   2   2   0   1   1 1 0 1 0 0.56 0.80 0.72 0.94
112   1   1   2   0   1   1 1 0 0 0 0.30 0.50 0.40 0.70
113   5   1   2  -6   0   1 0 0 0 0 0.26 0.52 0.42 0.72
114   2   2  14   0   1   1 1 0 0 0 0.52 0.80 0.68 0.94
115   2   1   7  -1   0   2 0 0 0 0 0.20 0.38 0.30 0.56
116   3   2   9  -4   0   2 0 0 0 0 0.42 0.68 0.52 0.68
117   2   1   2   0   1   1 1 1 0 0 0.26 0.52 0.42 0.72
118   3   2   1   0   1   2 0 0 1 0 0.44 0.70 0.54 0.68
119   2   2  13  -7   0   2 0 0 0 0 0.44 0.70 0.50 0.70
120   4   1   9  -3   0   2 0 0 0 0 0.22 0.40 0.32 0.58
121   4   2  15  -5   0   2 0 0 0 0 0.46 0.72 0.50 0.70
122   2   1   5  -3   0   2 0 0 0 0 0.22 0.40 0.32 0.58
123   4   1   4   3   0   1 0 0 0 0 0.22 0.48 0.44 0.74
124   1   2   2   0   1   1 1 1 1 0 0.48 0.82 0.68 0.96
125   2   1  12   5   0   1 0 0 0 0 0.22 0.48 0.44 0.74
126   4   2  15  -3   0   2 0 0 0 0 0.46 0.72 0.52 0.72
127   2   2   6   0   1   1 0 0 1 0 0.44 0.78 0.64 0.96
128   5   2   5  -5   0   2 0 0 0 0 0.48 0.74 0.52 0.72
129   1   1   8   0   1   1 1 0 0 0 0.24 0.50 0.46 0.76
130   2   2   2   0   1   1 1 0 1 0 0.44 0.78 0.60 0.98
131   4   2   8   5   0   1 0 0 0 0 0.40 0.80 0.56 0.98
132   4   1  14  -7   0   1 0 0 0 0 0.20 0.50 0.46 0.76
133   3   1  11   4   0   2 0 0 0 0 0.24 0.42 0.34 0.60
134   4   1  13   0   1   2 1 0 0 0 0.24 0.42 0.34 0.60
135   3   1  13  -6   0   2 0 0 0 0 0.20 0.44 0.36 0.62
136   5   1   5  -3   0   2 0 0 0 0 0.20 0.44 0.36 0.62
137   2   1  14  -5   0   1 0 0 0 0 0.20 0.52 0.48 0.78
138   1   2  10  -1   0   1 0 0 0 0 0.40 0.80 0.56 1.00
139   1   1  14   0   1   1 0 1 0 0 0.22 0.52 0.48 0.78
140   4   2   5  -3   0   2 0 0 0 0 0.48 0.74 0.54 0.74
141   4   1   2  -5   0   1 0 0 0 0 0.22 0.48 0.50 0.80
142   3   1   4   5   0   1 0 0 0 0 0.24 0.48 0.50 0.80
143   3   1   3  -1   0   2 0 0 0 0 0.22 0.46 0.38 0.64
144   3   1   9   0   1   2 0 0 1 0 0.22 0.46 0.38 0.64
145   1   1   4   5   0   1 0 0 0 0 0.24 0.50 0.52 0.82
146   5   1  14  -3   0   1 0 0 0 0 0.26 0.50 0.52 0.82
147   4   1   7   5   0   2 0 0 0 0 0.24 0.48 0.34 0.66
148   5   1   3  -1   0   2 0 0 0 0 0.24 0.48 0.34 0.66
149   3   1   6   0   1   1 1 1 1 0 0.26 0.52 0.54 0.84
150   2   1   1   0   1   2 1 1 1 1 0.26 0.50 0.36 0.68
151   2   1   3  -2   0   2 0 0 0 0 0.22 0.46 0.32 0.64
152   3   1  14   0   1   1 0 1 0 0 0.22 0.48 0.50 0.84
153   1   1  13  -5   0   2 0 0 0 0 0.22 0.46 0.32 0.64
154   1   1   7  -1   0   2 0 0 0 0 0.24 0.48 0.34 0.66
155   1   2  15   0   1   2 1 0 1 0 0.50 0.76 0.54 0.74
156   3   2   9  -6   0   2 0 0 0 0 0.46 0.76 0.50 0.76
157   3   2  11   0   1   2 1 1 1 0 0.46 0.78 0.50 0.76
158   1   2   2   0   1   1 1 1 1 0 0.42 0.82 0.58 1.00
159   4   2   8  -1   0   1 0 0 0 0 0.38 0.78 0.54 1.00
160   1   2   1   0   1   2 1 0 1 0 0.42 0.74 0.46 0.78
161   1   1   5   0   1   2 1 0 0 0 0.24 0.48 0.34 0.66
162   1   1  12   8   0   1 0 0 0 0 0.22 0.44 0.50 0.86
163   2   2   9   0   1   2 1 1 1 1 0.38 0.74 0.42 0.78
164   4   2   9  -4   0   2 0 0 0 0 0.34 0.70 0.38 0.74
165   5   2  10  -3   0   1 0 0 0 0 0.38 0.78 0.54 1.00
166   1   2   8   0   1   1 1 1 1 1 0.40 0.80 0.56 1.00
167   1   2   5   0   1   2 0 0 1 0 0.34 0.70 0.38 0.74
168   1   1   8   0   1   1 1 0 0 0 0.24 0.44 0.52 0.86
169   5   1   8  -1   0   1 0 0 0 0 0.20 0.46 0.52 0.88
170   3   1   8   3   0   1 0 0 0 0 0.20 0.46 0.54 0.88
171   5   1  14  -1   0   1 0 0 0 0 0.22 0.48 0.54 0.90
172   3   2   8   0   1   1 0 0 1 0 0.36 0.76 0.52 0.96
173   1   1  11  -1   0   2 0 0 0 0 0.20 0.50 0.36 0.68
174   4   2   1  -5   0   2 0 0 0 0 0.36 0.72 0.34 0.76
175   3   2   2   0   1   1 1 0 0 0 0.36 0.76 0.48 0.96
176   5   1   6  -6   0   1 0 0 0 0 0.22 0.48 0.56 0.90
177   2   2  13  -7   0   2 0 0 0 0 0.36 0.72 0.34 0.76
178   2   1  10   0   1   1 1 0 1 0 0.24 0.50 0.56 0.92
179   4   1  13   0   1   2 0 0 1 0 0.20 0.50 0.36 0.68
180   5   2   7  -1   0   2 0 0 0 0 0.38 0.74 0.36 0.78
181   1   2   3   0   1   2 0 0 1 1 0.38 0.74 0.36 0.78
182   2   1   8   0   1   1 1 0 0 0 0.20 0.50 0.52 0.92
183   5   2  10  -5   0   1 0 0 0 0 0.32 0.78 0.48 0.98
184   1   1  12  10   0   1 0 0 0 0 0.16 0.52 0.52 0.94
185   5   1   5  -5   0   2 0 0 0 0 0.22 0.52 0.32 0.70
186   1   2  11   1   0   2 0 0 0 0 0.40 0.76 0.32 0.74
187   4   2   2  -5   0   1 0 0 0 0 0.32 0.78 0.50 0.98
188   5   2  13   0   1   2 1 0 0 0 0.40 0.76 0.32 0.74
189   5   1  15  -3   0   2 0 0 0 0 0.22 0.52 0.32 0.70
190   4   2  14   0   1   1 1 0 0 0 0.34 0.80 0.50 1.00
191   3   2  10   0   1   1 1 0 0 0 0.30 0.80 0.52 1.00
192   1   2   4   0   1   1 0 0 1 0 0.26 0.82 0.52 1.00
193   1   1   1  -3   0   2 0 0 0 0 0.24 0.54 0.34 0.72
194   3   2   8   0   1   1 1 0 0 0 0.26 0.82 0.48 1.00
195   5   1   7  -4   0   2 0 0 0 0 0.24 0.54 0.34 0.72
196   3   1   9  -7   0   2 0 0 0 0 0.26 0.56 0.36 0.74
197   1   2  16   0   1   1 1 0 1 0 0.22 0.84 0.48 1.00
198   1   1   3  -4   0   2 0 0 0 0 0.26 0.56 0.36 0.74
199   5   1  12   5   0   1 0 0 0 0 0.16 0.52 0.54 0.94
200   3   1  14  -6   0   1 0 0 0 0 0.18 0.54 0.54 0.96
201   3   2   3  -3   0   2 0 0 0 0 0.36 0.78 0.34 0.76
202   3   1  12   7   0   1 0 0 0 0 0.18 0.54 0.56 0.96
203   2   2   6  -9   0   1 0 0 0 0 0.18 0.84 0.44 1.00
204   1   1  16   0   1   1 1 0 0 0 0.20 0.56 0.56 0.98
205   4   2   5  -3   0   2 0 0 0 0 0.36 0.78 0.34 0.76
206   1   1  13  -5   0   2 0 0 0 0 0.28 0.58 0.38 0.76
207   5   1  16   7   0   1 0 0 0 0 0.16 0.56 0.58 0.98
208   4   2  11  -1   0   2 0 0 0 0 0.38 0.80 0.36 0.78
209   1   1   4   7   0   1 0 0 0 0 0.16 0.58 0.58 1.00
210   3   2   6  -5   0   1 0 0 0 0 0.18 0.86 0.44 1.00
211   3   1   8   7   0   1 0 0 0 0 0.18 0.58 0.60 1.00
212   5   1   6  -9   0   1 0 0 0 0 0.18 0.60 0.60 1.00
213   2   2   7  -3   0   2 0 0 0 0 0.38 0.80 0.36 0.78
214   3   1  12   9   0   1 0 0 0 0 0.20 0.60 0.62 1.00
215   5   2  13  -5   0   2 0 0 0 0 0.40 0.82 0.38 0.80
216   4   2  11  -3   0   2 0 0 0 0 0.40 0.82 0.38 0.80
217   1   2   5   0   1   2 0 0 1 0 0.42 0.84 0.40 0.82
218   3   1  15  -4   0   2 0 0 0 0 0.28 0.58 0.38 0.76
219   5   2   9  -3   0   2 0 0 0 0 0.42 0.84 0.36 0.82
220   5   1  11  -1   0   2 0 0 0 0 0.30 0.60 0.40 0.78
221   1   1   2  -6   0   1 0 0 0 0 0.20 0.62 0.62 1.00
222   2   1  10   0   1   1 1 1 1 1 0.22 0.62 0.64 1.00
223   1   2  14   0   1   1 0 0 1 0 0.20 0.86 0.46 1.00
224   5   2  15  -3   0   2 0 0 0 0 0.44 0.86 0.36 0.84
225   3   1   6  -6   0   1 0 0 0 0 0.18 0.58 0.60 0.96
226   2   1   6  -7   0   1 0 0 0 0 0.18 0.58 0.60 0.96
227   2   2   6  -6   0   1 0 0 0 0 0.20 0.88 0.42 1.00
228   3   2   2   0   1   1 0 0 1 1 0.22 0.88 0.42 1.00
229   5   1  12   7   0   1 0 0 0 0 0.20 0.60 0.62 0.98
230   1   1  13   0   1   2 1 0 0 0 0.30 0.60 0.40 0.78
231   4   1   5   0   1   2 0 0 1 0 0.26 0.62 0.42 0.80
232   4   1   6  -2   0   1 0 0 0 0 0.20 0.60 0.62 0.98
233   4   1   8   6   0   1 0 0 0 0 0.22 0.62 0.64 1.00
234   1   2   7   0   1   2 1 1 0 0 0.44 0.86 0.38 0.84
235   1   2  12   0   1   1 0 1 1 0 0.22 0.90 0.38 0.96
236   1   1  10   0   1   1 1 0 0 0 0.22 0.62 0.64 1.00
237   2   1  14  -7   0   1 0 0 0 0 0.18 0.64 0.66 1.00
238   4   1   8   0   1   1 0 0 1 1 0.18 0.64 0.66 1.00
239   5   2   2  -3   0   1 0 0 0 0 0.24 0.86 0.34 0.96
240   4   2   6  -6   0   1 0 0 0 0 0.24 0.86 0.34 0.98
241   5   2  15   0   1   2 1 0 1 0 0.40 0.82 0.38 0.86
242   5   2  12   6   0   1 0 0 0 0 0.26 0.88 0.36 0.98
243   4   1  16   3   0   1 0 0 0 0 0.20 0.66 0.62 0.96
244   4   1   4   9   0   1 0 0 0 0 0.20 0.66 0.62 0.96
245   2   1   8  -1   0   1 0 0 0 0 0.22 0.68 0.64 0.98
246   2   2   5   0   1   2 1 0 0 0 0.36 0.82 0.34 0.86
247   2   1   4   0   1   1 0 0 1 1 0.22 0.68 0.64 0.98
248   1   2  10   0   1   1 1 0 1 1 0.26 0.88 0.36 1.00
249   2   2   7   0   1   2 1 1 1 0 0.32 0.84 0.34 0.88
250   1   1   7   0   1   2 1 0 0 0 0.26 0.62 0.38 0.80
251   2   1   8   0   1   1 0 1 0 0 0.24 0.70 0.60 0.94
252   3   1   5  -3   0   2 0 0 0 0 0.22 0.64 0.38 0.82
253   5   2  14  -6   0   1 0 0 0 0 0.22 0.90 0.32 0.96
254   5   2   8   3   0   1 0 0 0 0 0.22 0.90 0.32 0.96
255   2   2   3   0   1   2 1 0 1 0 0.28 0.80 0.30 0.88
256   3   2  14  -5   0   1 0 0 0 0 0.24 0.92 0.34 0.98
257   4   2   1  -2   0   2 0 0 0 0 0.24 0.80 0.26 0.90
258   3   1   2   0   1   1 1 0 0 0 0.24 0.66 0.60 0.94
259   4   2  10   0   1   1 0 0 1 0 0.24 0.92 0.34 0.98
260   4   2   9  -2   0   2 0 0 0 0 0.24 0.82 0.26 0.90
261   3   1   7   0   1   2 1 0 0 0 0.22 0.64 0.40 0.82
262   4   2  11   0   1   2 1 0 0 0 0.26 0.82 0.28 0.92
263   2   1   2  -5   0   1 0 0 0 0 0.20 0.66 0.62 0.96
264   2   2   7  -1   0   2 0 0 0 0 0.22 0.84 0.28 0.92
265   3   1   1  -3   0   2 0 0 0 0 0.18 0.66 0.40 0.84
266   2   1   3   0   1   2 1 0 0 0 0.18 0.66 0.42 0.84
267   3   2  12   7   0   1 0 0 0 0 0.26 0.94 0.30 1.00
268   5   1  14  -3   0   1 0 0 0 0 0.20 0.68 0.62 0.96
269   4   1   6   0   1   1 0 1 1 0 0.22 0.68 0.64 0.98
270   4   1   9  -1   0   2 0 0 0 0 0.14 0.68 0.42 0.86
271   4   1  16  -1   0   1 0 0 0 0 0.22 0.64 0.60 0.98
272   3   2   4   3   0   1 0 0 0 0 0.26 0.94 0.30 1.00
273   3   1  10   0   1   1 1 0 1 0 0.24 0.64 0.60 1.00
274   4   1  11  -1   0   2 0 0 0 0 0.14 0.68 0.44 0.86
275   4   2   5  -6   0   2 0 0 0 0 0.22 0.84 0.30 0.94
276   5   1   7  -1   0   2 0 0 0 0 0.16 0.70 0.44 0.88
277   5   2  14   0   0   1 0 0 0 0 0.28 0.96 0.32 1.00
278   1   1   4  -1   0   1 0 0 0 0 0.20 0.66 0.56 1.00
279   3   2   2  -3   0   1 0 0 0 0 0.28 0.96 0.32 1.00
280   1   2  13  -6   0   2 0 0 0 0 0.24 0.86 0.30 0.94
281   3   2  10   0   1   1 1 0 0 0 0.30 0.98 0.34 1.00
282   1   1   6   0   1   1 0 0 1 1 0.20 0.66 0.56 1.00
283   5   1  10  -1   0   1 0 0 0 0 0.22 0.68 0.52 0.96
284   2   1   5  -4   0   2 0 0 0 0 0.16 0.70 0.46 0.88
285   3   1   1   0   0   2 0 0 0 0 0.18 0.72 0.46 0.90
286   5   1   1  -1   0   2 0 0 0 0 0.18 0.72 0.48 0.90
287   5   2  11  -1   0   2 0 0 0 0 0.24 0.86 0.32 0.96
288   1   2   1   0   1   2 0 0 1 0 0.26 0.88 0.32 0.96
289   5   1  11   1   0   2 0 0 0 0 0.20 0.74 0.48 0.92
290   1   2  15   0   1   2 0 0 1 0 0.26 0.88 0.28 0.98
291   3   2   5   0   1   2 1 0 0 0 0.28 0.90 0.24 0.98
292   5   1   8   5   0   1 0 0 0 0 0.22 0.68 0.52 0.96
293   5   1   4   3   0   1 0 0 0 0 0.24 0.70 0.54 0.98
294   2   1   9  -3   0   2 0 0 0 0 0.20 0.74 0.50 0.92
295   2   2   4  -1   0   1 0 0 0 0 0.26 0.98 0.34 1.00
296   1   2   8   1   0   1 0 0 0 0 0.26 1.00 0.36 1.00
297   4   1  15  -3   0   2 0 0 0 0 0.22 0.76 0.50 0.94
298   4   2   8   5   0   1 0 0 0 0 0.28 1.00 0.36 1.00
299   4   1  10  -2   0   1 0 0 0 0 0.24 0.70 0.54 0.98
300   1   2  14  -3   0   1 0 0 0 0 0.28 1.00 0.38 1.00
301   1   2   5  -3   0   2 0 0 0 0 0.24 0.90 0.24 1.00
302   4   2   7  -1   0   2 0 0 0 0 0.24 0.92 0.26 1.00
303   4   2  15  -4   0   2 0 0 0 0 0.26 0.92 0.26 1.00
304   4   2   3  -1   0   2 0 0 0 0 0.26 0.94 0.28 1.00
305   5   1   8   3   0   1 0 0 0 0 0.26 0.72 0.56 1.00
306   4   1   9  -1   0   2 0 0 0 0 0.22 0.76 0.52 0.94
307   4   1   8   0   1   1 1 1 1 1 0.26 0.72 0.56 1.00
308   5   1  10  -3   0   1 0 0 0 0 0.22 0.68 0.52 0.96
309   3   2   6   0   1   1 1 0 1 0 0.30 1.00 0.38 1.00
310   1   1  15   0   1   2 1 1 1 1 0.24 0.78 0.52 0.96
311   5   1  16   0   1   1 1 0 1 1 0.22 0.68 0.52 0.96
312   3   2  16   0   1   1 1 1 1 0 0.26 1.00 0.34 1.00
313   4   2  13  -4   0   2 0 0 0 0 0.28 0.94 0.28 1.00
314   1   2   1   0   1   2 1 1 1 1 0.28 0.96 0.30 1.00
315   1   2   6   0   1   1 1 1 1 0 0.22 0.96 0.30 1.00
316   3   2  15   0   1   2 1 0 0 0 0.24 0.92 0.26 0.96
317   5   2  15  -6   0   2 0 0 0 0 0.20 0.92 0.26 0.96
318   3   1   7   0   1   2 1 0 0 0 0.20 0.74 0.48 0.92
319   2   2  10   0   1   1 1 0 1 0 0.18 0.92 0.26 1.00
320   2   2  12   0   1   1 1 0 1 0 0.14 0.92 0.22 1.00
321   3   2   7   0   1   2 1 0 1 0 0.20 0.94 0.28 0.98
322   5   2  11  -4   0   2 0 0 0 0 0.16 0.94 0.24 0.98
323   4   2  10  -6   0   1 0 0 0 0 0.10 0.94 0.18 1.00
324   4   1  12   0   1   1 0 0 1 0 0.18 0.70 0.48 0.92
325   3   1  13  -3   0   2 0 0 0 0 0.16 0.74 0.48 0.92
326   5   2   5  -5   0   2 0 0 0 0 0.16 0.96 0.24 1.00
327   2   2   1   0   1   2 0 1 0 0 0.18 0.96 0.26 1.00
328   2   2  11   0   1   2 0 1 1 1 0.18 0.92 0.26 1.00
329   3   1   6   0   1   1 0 0 1 1 0.18 0.70 0.44 0.92
330   1   1  10   0   1   1 1 1 1 1 0.20 0.72 0.40 0.88
331   3   1   3  -5   0   2 0 0 0 0 0.16 0.76 0.50 0.94
332   3   1   1   0   1   2 1 1 1 1 0.18 0.76 0.50 0.94
333   2   2  12   6   0   1 0 0 0 0 0.10 0.94 0.18 1.00
334   1   2   7   0   1   2 1 1 1 1 0.20 0.88 0.22 0.96
335   1   1  14  -5   0   1 0 0 0 0 0.16 0.68 0.36 0.84
336   5   2   1  -3   0   2 0 0 0 0 0.16 0.84 0.18 0.92
337   3   1   3  -1   0   2 0 0 0 0 0.14 0.72 0.46 0.90
338   4   2   7  -3   0   2 0 0 0 0 0.16 0.84 0.18 0.92
339   3   1  11   5   0   2 0 0 0 0 0.14 0.72 0.46 0.90
340   4   2   6  -6   0   1 0 0 0 0 0.12 0.96 0.20 1.00
341   3   2  14  -3   0   1 0 0 0 0 0.12 0.96 0.20 1.00
342   1   1   7   0   1   2 1 0 1 0 0.16 0.74 0.48 0.92
343   5   1  13  -3   0   2 0 0 0 0 0.12 0.74 0.44 0.92
344   5   2   8   5   0   1 0 0 0 0 0.14 0.98 0.22 1.00
345   3   2  14  -2   0   1 0 0 0 0 0.14 0.98 0.22 1.00
346   5   1   9  -6   0   2 0 0 0 0 0.12 0.76 0.44 0.94
347   2   1  15   0   1   2 0 0 1 0 0.14 0.76 0.46 0.94
348   4   2  16   7   0   1 0 0 0 0 0.16 1.00 0.24 1.00
349   2   1   9  -4   0   2 0 0 0 0 0.14 0.78 0.42 0.96
350   1   1   9  -2   0   2 0 0 0 0 0.16 0.78 0.42 0.96
351   5   1   5  -5   0   2 0 0 0 0 0.16 0.80 0.44 0.98
352   3   1  12   8   0   1 0 0 0 0 0.16 0.68 0.36 0.84
353   3   1  15  -3   0   2 0 0 0 0 0.18 0.80 0.44 0.98
354   3   2  16   5   0   1 0 0 0 0 0.16 1.00 0.24 1.00
355   5   2  16   3   0   1 0 0 0 0 0.18 1.00 0.26 1.00
356   2   1   5  -6   0   2 0 0 0 0 0.18 0.82 0.46 1.00
357   4   1  10  -1   0   1 0 0 0 0 0.18 0.70 0.38 0.86
358   2   2  12   8   0   1 0 0 0 0 0.18 1.00 0.26 1.00
359   2   1   7  -1   0   2 0 0 0 0 0.20 0.82 0.46 1.00
360   3   2   1  -6   0   2 0 0 0 0 0.18 0.86 0.20 0.94
361   4   1  15  -4   0   2 0 0 0 0 0.20 0.84 0.48 1.00
362   4   2  14  -3   0   1 0 0 0 0 0.20 1.00 0.28 1.00
363   4   2   4   5   0   1 0 0 0 0 0.20 1.00 0.28 1.00
364   5   1   1  -3   0   2 0 0 0 0 0.22 0.84 0.48 1.00
365   4   2  14  -1   0   1 0 0 0 0 0.22 1.00 0.30 1.00
366   3   2  15  -4   0   2 0 0 0 0 0.18 0.86 0.20 0.94
367   4   2   4   5   0   1 0 0 0 0 0.22 1.00 0.30 1.00
368   5   2   8   6   0   1 0 0 0 0 0.24 1.00 0.32 1.00
369   5   1   3   0   1   2 0 1 0 0 0.22 0.86 0.50 1.00
370   4   2  12   8   0   1 0 0 0 0 0.24 1.00 0.32 1.00
371   5   1   9  -3   0   2 0 0 0 0 0.24 0.82 0.50 1.00
372   4   2   2  -5   0   1 0 0 0 0 0.26 1.00 0.34 1.00
373   3   1   9  -1   1   2 0 0 1 0 0.24 0.82 0.52 1.00
374   2   1   1  -5   0   2 0 0 0 0 0.26 0.84 0.48 1.00
375   2   2  16   5   0   1 0 0 0 0 0.26 1.00 0.34 1.00
376   1   1  14   0   1   1 0 1 0 1 0.18 0.70 0.38 0.86
377   4   1   1   0   1   2 1 0 1 0 0.26 0.84 0.48 1.00
378   2   2   4   0   1   1 1 1 0 0 0.28 1.00 0.36 1.00
379   3   1   5   0   1   2 0 1 0 0 0.22 0.86 0.44 1.00
380   5   2   1  -5   0   2 0 0 0 0 0.20 0.88 0.22 0.96
381   3   1  16   6   0   1 0 0 0 0 0.20 0.66 0.40 0.82
382   2   2   5  -3   0   2 0 0 0 0 0.20 0.88 0.22 0.96
383   4   1   1   0   1   2 0 1 0 0 0.22 0.82 0.44 1.00
384   5   2   3  -4   0   2 0 0 0 0 0.22 0.90 0.24 0.98
385   5   1   7  -1   0   2 0 0 0 0 0.24 0.78 0.46 1.00
386   4   1   4   3   0   1 0 0 0 0 0.20 0.66 0.40 0.82
387   3   1   4   0   1   1 1 1 1 1 0.22 0.68 0.42 0.84
388   3   1  11   0   1   2 1 0 0 0 0.24 0.78 0.46 1.00
389   5   1   2  -4   0   1 0 0 0 0 0.18 0.64 0.38 0.80
390   4   1   1  -3   0   2 0 0 0 0 0.20 0.80 0.48 1.00
391   1   2   6  -1   0   1 0 0 0 0 0.24 0.96 0.36 1.00
392   4   1   5   0   1   2 0 1 0 0 0.20 0.80 0.48 1.00
393   4   1  14  -3   0   1 0 0 0 0 0.18 0.64 0.38 0.80
394   3   1  14   0   1   1 1 1 1 1 0.20 0.66 0.40 0.82
395   3   2   6   0   1   1 1 1 0 0 0.24 0.96 0.38 1.00
396   5   2  16   0   1   1 0 1 1 0 0.20 0.92 0.38 1.00
397   2   2  15   0   1   2 0 1 0 0 0.22 0.90 0.24 0.98
398   2   1  14  -6   0   1 0 0 0 0 0.16 0.62 0.36 0.78
399   3   2   8   0   1   1 1 0 1 0 0.20 0.88 0.34 1.00
400   4   1   2  -6   0   1 0 0 0 0 0.16 0.62 0.36 0.78
401   2   1  10   0   1   1 0 1 0 0 0.18 0.64 0.38 0.80
402   3   1  16   3   0   1 0 0 0 0 0.18 0.60 0.38 0.80
403   4   1  12   0   1   1 1 1 1 1 0.20 0.60 0.40 0.82
404   1   1  16   0   1   1 1 1 1 1 0.16 0.56 0.36 0.78
405   4   1   6   0   1   1 0 1 1 1 0.12 0.52 0.32 0.74
406   2   2  16   0   1   1 0 1 1 1 0.16 0.88 0.30 1.00
407   1   2  14   0   1   1 1 1 1 0 0.16 0.84 0.26 0.96
408   5   1  13   0   1   2 0 0 1 0 0.22 0.76 0.50 1.00
409   1   2  11   0   1   2 0 1 1 0 0.24 0.86 0.26 1.00
410   4   2   4  -1   0   1 0 0 0 0 0.12 0.80 0.22 0.96
411   3   2   9   0   1   2 1 1 0 0 0.24 0.82 0.22 1.00
412   4   2  16   3   0   1 0 0 0 0 0.12 0.80 0.22 0.98
413   5   2  12   5   0   1 0 0 0 0 0.14 0.82 0.24 0.98
414   4   1  16   0   1   1 0 0 1 1 0.12 0.48 0.28 0.70
415   5   1   1  -3   0   2 0 0 0 0 0.22 0.76 0.46 1.00
416   1   2  11   0   1   2 1 1 1 1 0.20 0.78 0.22 1.00
417   2   2  14   0   1   1 0 0 1 0 0.14 0.82 0.24 1.00
418   4   1   7   5   0   2 0 0 0 0 0.24 0.78 0.46 1.00
419   1   1   6   0   1   1 0 1 1 0 0.14 0.48 0.24 0.66
420   3   2   4   5   0   1 0 0 0 0 0.16 0.84 0.20 1.00
421   1   2   2   0   1   1 1 0 1 1 0.16 0.84 0.20 1.00
422   1   1   8   5   0   1 0 0 0 0 0.14 0.44 0.20 0.66
423   2   1  16   3   0   1 0 0 0 0 0.16 0.44 0.20 0.68
424   2   1   4   0   1   1 1 1 1 1 0.16 0.46 0.22 0.68
425   5   2   4  -1   0   1 0 0 0 0 0.12 0.86 0.16 0.96
426   5   2   7   3   0   2 0 0 0 0 0.16 0.74 0.18 0.96
427   1   1  10   0   1   1 0 1 0 1 0.12 0.42 0.18 0.64
428   5   1   3   0   1   2 1 1 1 1 0.24 0.78 0.48 1.00
429   3   1  10  -3   0   1 0 0 0 0 0.12 0.38 0.18 0.60
430   5   2  11  -1   0   2 0 0 0 0 0.16 0.74 0.18 0.96
431   5   1  10  -5   0   1 0 0 0 0 0.14 0.38 0.20 0.60
432   5   2   7  -1   0   2 0 0 0 0 0.18 0.76 0.20 0.98
433   2   2  11   0   1   2 1 1 1 0 0.18 0.76 0.20 0.98
434   4   1  15  -5   0   2 0 0 0 0 0.20 0.74 0.44 0.96
435   4   2  12   8   0   1 0 0 0 0 0.12 0.86 0.16 0.96
436   4   1   5   0   1   2 1 0 1 0 0.20 0.74 0.44 0.96
437   5   1   6  -6   0   1 0 0 0 0 0.14 0.40 0.20 0.62
438   4   2  13  -3   0   2 0 0 0 0 0.14 0.72 0.16 1.00
439   3   2  12   0   1   1 0 0 1 0 0.14 0.88 0.18 0.98
440   2   2   2  -1   0   1 0 0 0 0 0.14 0.88 0.14 0.98
441   1   2  12   0   1   1 0 1 0 0 0.16 0.90 0.14 1.00
442   3   2  11   1   0   2 0 0 0 0 0.14 0.72 0.16 1.00
443   5   2  14  -3   0   1 0 0 0 0 0.16 0.86 0.16 1.00
444   4   2   6  -5   0   1 0 0 0 0 0.18 0.86 0.16 1.00
445   1   1   3   1   0   2 0 0 0 0 0.16 0.76 0.40 0.98
446   5   2   3   0   0   2 0 0 0 0 0.16 0.74 0.18 1.00
447   1   2  15   0   1   2 1 0 1 0 0.16 0.74 0.18 1.00
448   2   2  10   0   1   1 0 1 0 0 0.18 0.88 0.18 1.00
449   4   1  12   5   0   1 0 0 0 0 0.16 0.40 0.22 0.62
450   1   2   3  -1   0   2 0 0 0 0 0.12 0.76 0.14 1.00
451   5   2   1  -6   0   2 0 0 0 0 0.12 0.76 0.14 1.00
452   4   1  14  -5   0   1 0 0 0 0 0.16 0.42 0.22 0.64
453   2   2   9   0   1   2 0 1 0 0 0.14 0.78 0.16 1.00
454   5   2   6  -5   0   1 0 0 0 0 0.20 0.84 0.18 1.00
455   5   2   9  -2   0   2 0 0 0 0 0.14 0.74 0.16 1.00
456   2   2   8   0   1   1 0 1 0 0 0.20 0.84 0.20 1.00
457   1   2  10   0   1   1 1 1 1 1 0.22 0.80 0.20 1.00
458   2   2   3   0   1   2 0 1 1 1 0.16 0.74 0.18 1.00
459   1   2   9   0   1   2 1 1 1 0 0.16 0.70 0.14 0.96
460   5   1  15  -5   0   2 0 0 0 0 0.16 0.76 0.40 0.98
461   1   1   2   0   1   1 0 1 0 0 0.18 0.42 0.24 0.64
462   2   1  13   0   1   2 1 1 1 1 0.18 0.78 0.42 1.00
463   5   2  12   7   0   1 0 0 0 0 0.18 0.76 0.16 0.96
464   1   2   4   0   1   1 1 1 1 1 0.18 0.76 0.16 0.96
465   2   1  16   0   1   1 1 1 1 1 0.18 0.38 0.24 0.66
466   1   1  11   0   1   2 1 1 1 1 0.14 0.74 0.38 0.96
467   3   1   2   0   1   1 1 1 1 0 0.14 0.34 0.20 0.62
468   3   1   2   0   1   1 0 1 0 0 0.10 0.30 0.16 0.62
469   2   1  16   0   1   1 0 1 1 1 0.10 0.26 0.16 0.64
470   2   2  10   0   1   1 0 1 0 1 0.14 0.72 0.12 0.92
471   4   2   7  -1   0   2 0 0 0 0 0.12 0.66 0.10 0.96
472   3   1  10   0   1   1 0 1 0 0 0.12 0.22 0.12 0.60
473   3   2   7   0   1   2 0 1 0 1 0.12 0.66 0.10 0.98
474   5   2   6   0   1   1 0 1 0 1 0.14 0.68 0.12 0.88
475   4   1   3   0   1   2 0 1 1 1 0.10 0.70 0.34 0.92
476   2   1   1  -4   0   2 0 0 0 0 0.10 0.66 0.30 0.88
477   5   2   4   0   1   1 0 1 0 0 0.16 0.64 0.14 0.84
478   5   1   4  -1   0   1 0 0 0 0 0.12 0.18 0.12 0.60
479   2   1   7   0   1   2 0 1 1 1 0.12 0.66 0.30 0.88
480   2   1  12   0   1   1 1 1 0 0 0.14 0.18 0.14 0.62
