  1   5   2   4   0   1   1 0 0 1 0 0.40 0.80 0.40 0.80
  2   4   1   4   0   1   1 1 1 1 1 0.40 0.70 0.40 0.70
  3   3   1   7  -5   0   2 0 0 0 0 0.06 0.20 0.06 0.20
  4   5   2   3  -4   0   2 0 0 0 0 0.10 0.40 0.10 0.40
  5   1   1   4   0   1   1 1 0 1 0 0.36 0.66 0.36 0.66
  6   5   2   9  -7   0   2 0 0 0 0 0.10 0.40 0.10 0.40
  7   1   1   3  -4   0   2 0 0 0 0 0.06 0.20 0.06 0.20
  8   3   1  16   0   1   1 1 0 1 0 0.32 0.66 0.32 0.66
  9   3   1   9  -3   0   2 0 0 0 0 0.08 0.22 0.08 0.22
 10   4   2   5  -6   0   2 0 0 0 0 0.12 0.42 0.12 0.42
 11   5   2   5  -3   0   2 0 0 0 0 0.12 0.42 0.12 0.42
 12   2   1  10   0   1   1 1 0 1 0 0.28 0.68 0.28 0.68
 13   5   1   1   0   1   2 1 0 1 0 0.08 0.22 0.08 0.22
 14   3   1   5  -3   0   2 0 0 0 0 0.04 0.24 0.04 0.24
 15   1   2   4   0   1   1 1 0 1 0 0.40 0.80 0.36 0.80
 16   2   1   5  -5   0   2 0 0 0 0 0.04 0.24 0.04 0.24
 17   2   2  15   2   0   2 0 0 0 0 0.14 0.44 0.14 0.44
 18   2   2  14  -3   0   1 0 0 0 0 0.36 0.82 0.32 0.82
 19   5   1  14   0   1   1 1 0 1 0 0.24 0.68 0.24 0.68
 20   4   2   6  -4   0   1 0 0 0 0 0.36 0.82 0.32 0.82
 21   4   1  12   7   0   1 0 0 0 0 0.20 0.70 0.20 0.70
 22   4   1  10   0   1   1 1 0 1 0 0.20 0.70 0.20 0.70
 23   1   1   6   0   1   1 1 0 1 0 0.16 0.72 0.16 0.72
 24   4   2   4   0   1   1 1 0 1 0 0.38 0.84 0.34 0.84
 25   4   2  15   0   1   2 1 0 1 0 0.14 0.44 0.14 0.44
 26   5   2   1   0   1   2 1 0 1 0 0.10 0.46 0.10 0.46
 27   1   1   3  -4   0   2 0 0 0 0 0.06 0.26 0.06 0.26
 28   3   1   5   0   1   2 1 0 1 0 0.06 0.26 0.06 0.26
 29   4   1  14   0   1   1 1 0 1 0 0.12 0.72 0.12 0.72
 30   4   1   1   0   1   2 1 0 1 0 0.02 0.28 0.02 0.28
 31   2   2   8   0   1   1 1 0 1 0 0.34 0.84 0.30 0.84
 32   2   1  12   7   0   1 0 0 0 0 0.08 0.74 0.08 0.74
 33   1   2   6   0   1   1 1 0 1 0 0.30 0.86 0.26 0.86
 34   1   1   7  -2   0   2 0 0 0 0 0.02 0.28 0.02 0.28
 35   1   1   8   0   1   1 1 0 0 0 0.08 0.74 0.08 0.74
 36   2   1   9  -4   0   2 0 0 0 0 0.02 0.30 0.02 0.30
 37   3   2   8   0   1   1 1 0 1 0 0.26 0.86 0.22 0.86
 38   1   2   8   0   1   1 1 1 1 1 0.22 0.88 0.18 0.88
 39   1   2   8   4   0   1 0 0 0 0 0.18 0.84 0.14 0.84
 40   5   2   1  -6   0   2 0 0 0 0 0.06 0.46 0.06 0.46
 41   1   1   8   0   1   1 1 0 1 0 0.04 0.76 0.10 0.76
 42   4   1   8   0   1   1 1 0 1 0 0.02 0.76 0.06 0.76
 43   5   2  11   3   0   2 0 0 0 0 0.06 0.48 0.06 0.48
 44   1   1  14   0   1   1 1 0 1 0 0.02 0.78 0.02 0.78
 45   5   2   2   0   1   1 1 0 1 0 0.18 0.84 0.14 0.84
 46   3   2  14   0   1   1 0 1 0 1 0.14 0.86 0.10 0.86
 47   3   1   4   4   0   1 0 0 0 0 0.02 0.78 0.02 0.78
 48   1   1  16   4   0   1 0 0 0 0 0.02 0.80 0.02 0.80
 49   5   1  11   6   0   2 0 0 0 0 0.04 0.30 0.04 0.30
 50   5   2   6   0   0   1 0 0 0 0 0.14 0.82 0.10 0.82
 51   3   1  16   0   1   1 1 0 1 0 0.04 0.80 0.04 0.80
 52   4   2   5  -7   0   2 0 0 0 0 0.08 0.48 0.08 0.48
 53   4   1  12   7   0   1 0 0 0 0 0.02 0.82 0.02 0.82
 54   2   2  14   0   1   1 1 0 1 0 0.16 0.82 0.12 0.82
 55   3   2  11   0   1   2 0 1 0 1 0.08 0.50 0.08 0.50
 56   5   2  16   4   0   1 0 0 0 0 0.12 0.84 0.08 0.84
 57   4   2   6   2   0   1 0 0 0 0 0.12 0.84 0.08 0.84
 58   2   2  11   0   1   2 1 0 1 0 0.10 0.46 0.10 0.46
 59   4   1   6  -7   0   1 0 0 0 0 0.02 0.82 0.02 0.82
 60   2   2  15  -6   0   2 0 0 0 0 0.06 0.46 0.06 0.46
 61   1   2   4   0   1   1 1 1 1 1 0.14 0.86 0.10 0.86
 62   2   2   2  -7   0   1 0 0 0 0 0.10 0.82 0.06 0.82
 63   2   2  15  -4   0   2 0 0 0 0 0.06 0.48 0.06 0.48
 64   5   2   5   0   1   2 1 0 1 0 0.08 0.48 0.08 0.48
 65   4   1   7   0   1   2 1 0 1 0 0.04 0.32 0.04 0.32
 66   2   1   1  -6   0   2 0 0 0 0 0.02 0.32 0.02 0.32
 67   4   2   2   0   1   1 1 0 1 0 0.10 0.82 0.06 0.82
 68   3   1   3   0   1   2 1 0 1 0 0.02 0.34 0.02 0.34
 69   1   1   4   3   0   1 0 0 0 0 0.04 0.84 0.04 0.84
 70   1   2   7   1   0   2 0 0 0 0 0.04 0.50 0.04 0.50
 71   3   1   9  -5   0   2 0 0 0 0 0.02 0.34 0.02 0.34
 72   1   1   7   0   1   2 1 0 1 0 0.02 0.36 0.02 0.36
 73   1   1  11   0   0   2 0 0 0 0 0.02 0.36 0.02 0.36
 74   1   1   2  -8   0   1 0 0 0 0 0.04 0.84 0.04 0.84
 75   5   2  13   0   1   2 1 0 1 0 0.04 0.50 0.04 0.50
 76   1   1  12   9   0   1 0 0 0 0 0.06 0.86 0.06 0.86
 77   3   2  11   3   0   2 0 0 0 0 0.02 0.52 0.02 0.52
 78   2   1  10   8   0   1 0 0 0 0 0.06 0.86 0.06 0.86
 79   1   1  11   2   0   2 0 0 0 0 0.02 0.38 0.02 0.38
 80   1   1  13  -5   0   2 0 0 0 0 0.04 0.38 0.04 0.38
 81   4   2   1  -6   0   2 0 0 0 0 0.02 0.52 0.02 0.52
 82   2   1  13  -3   0   2 0 0 0 0 0.04 0.40 0.04 0.40
 83   4   1  11   3   0   2 0 0 0 0 0.06 0.40 0.06 0.40
 84   4   1  16   5   0   1 0 0 0 0 0.08 0.88 0.08 0.88
 85   5   1   7   2   0   2 0 0 0 0 0.06 0.42 0.06 0.42
 86   3   1   1   0   1   2 1 0 1 0 0.08 0.42 0.08 0.42
 87   1   2  13  -7   0   2 0 0 0 0 0.04 0.54 0.04 0.54
 88   4   2  14  -3   0   1 0 0 0 0 0.06 0.84 0.02 0.84
 89   2   2   8   2   0   1 0 0 0 0 0.06 0.84 0.02 0.84
 90   1   2   9   6   0   2 0 0 0 0 0.04 0.54 0.04 0.54
 91   4   1   4   0   1   1 1 0 1 0 0.08 0.88 0.08 0.88
 92   1   2  13  -4   0   2 0 0 0 0 0.06 0.56 0.06 0.56
 93   3   1  11   0   1   2 1 0 1 0 0.04 0.44 0.04 0.44
 94   5   2  13  -3   0   2 0 0 0 0 0.06 0.56 0.06 0.56
 95   5   2   4   0   1   1 1 0 1 0 0.08 0.86 0.04 0.86
 96   1   1   6   0   1   1 1 0 1 0 0.04 0.90 0.04 0.90
 97   1   1   5  -3   0   2 0 0 0 0 0.02 0.44 0.02 0.44
 98   5   1   4   0   1   1 1 0 1 0 0.02 0.90 0.02 0.90
 99   3   1   8   3   0   1 0 0 0 0 0.02 0.92 0.02 0.92
100   4   1  11   4   0   2 0 0 0 0 0.02 0.46 0.02 0.46
101   4   2   9  -5   0   2 0 0 0 0 0.08 0.58 0.08 0.58
102   4   2   3   1   0   2 0 0 0 0 0.08 0.58 0.08 0.58
103   5   1  12   8   0   1 0 0 0 0 0.02 0.92 0.02 0.92
104   5   2  11   4   0   2 0 0 0 0 0.10 0.60 0.10 0.60
105   5   1   6  -8   0   1 0 0 0 0 0.04 0.94 0.04 0.94
106   5   2   6  -6   0   1 0 0 0 0 0.04 0.86 0.02 0.86
107   5   1  11   0   1   2 1 0 1 0 0.04 0.46 0.04 0.46
108   2   1   3  -2   0   2 0 0 0 0 0.02 0.48 0.02 0.48
109   4   2  13  -4   0   2 0 0 0 0 0.10 0.60 0.10 0.60
110   1   2   1  -4   0   2 0 0 0 0 0.12 0.62 0.12 0.62
111   4   1   6  -6   0   1 0 0 0 0 0.04 0.94 0.04 0.94
112   3   1  15  -2   0   2 0 0 0 0 0.02 0.48 0.02 0.48
113   5   1  15  -6   0   2 0 0 0 0 0.04 0.50 0.04 0.50
114   1   2  14  -2   0   1 0 0 0 0 0.04 0.88 0.02 0.88
115   2   2   5  -8   0   2 0 0 0 0 0.12 0.62 0.12 0.62
116   3   2  15  -5   0   2 0 0 0 0 0.14 0.64 0.14 0.64
117   2   1   8   0   1   1 1 0 1 0 0.06 0.96 0.06 0.96
118   1   2   2  -5   0   1 0 0 0 0 0.06 0.88 0.04 0.88
119   4   2  15  -1   0   2 0 0 0 0 0.14 0.64 0.14 0.64
120   4   1  10   0   1   1 0 1 0 1 0.02 0.96 0.02 0.96
121   5   2   7   0   1   2 1 1 1 1 0.16 0.66 0.16 0.66
122   5   1   3  -2   0   2 0 0 0 0 0.04 0.50 0.04 0.50
123   4   1   3  -2   0   2 0 0 0 0 0.06 0.52 0.06 0.52
124   4   1  14   0   1   1 0 1 0 1 0.02 0.92 0.02 0.92
125   4   1  13  -3   0   2 0 0 0 0 0.06 0.52 0.06 0.52
126   2   2   5  -6   0   2 0 0 0 0 0.12 0.62 0.12 0.62
127   4   1   2  -9   0   1 0 0 0 0 0.04 0.88 0.04 0.88
128   5   2  10   0   1   1 0 1 0 1 0.06 0.90 0.04 0.90
129   3   2  13  -3   0   2 0 0 0 0 0.12 0.62 0.12 0.62
130   3   2   6  -6   0   1 0 0 0 0 0.08 0.86 0.06 0.86
131   5   1   7  -1   0   2 0 0 0 0 0.08 0.54 0.08 0.54
132   4   1  16   0   1   1 0 1 0 1 0.04 0.88 0.04 0.88
133   1   2  14  -3   0   1 0 0 0 0 0.08 0.86 0.06 0.86
134   2   2  16  -3   0   1 0 0 0 0 0.10 0.88 0.08 0.88
135   1   2   5   0   1   2 1 1 1 1 0.14 0.64 0.14 0.64
136   5   2   8  -3   0   1 0 0 0 0 0.10 0.88 0.08 0.88
137   5   1   8  -3   0   1 0 0 0 0 0.06 0.84 0.06 0.84
138   5   2  11   4   0   2 0 0 0 0 0.10 0.60 0.10 0.60
139   3   2   5  -4   0   2 0 0 0 0 0.10 0.60 0.10 0.60
140   3   1  16   0   1   1 1 0 1 0 0.06 0.84 0.06 0.84
141   5   1  13  -7   0   2 0 0 0 0 0.08 0.54 0.08 0.54
142   5   2   4   0   1   1 1 0 1 0 0.12 0.90 0.10 0.90
143   3   1  10   0   1   1 1 0 0 0 0.02 0.86 0.02 0.86
144   3   2   6  -6   0   1 0 0 0 0 0.08 0.90 0.06 0.90
145   1   1  14  -4   0   1 0 0 0 0 0.02 0.86 0.02 0.86
146   4   2  12   6   0   1 0 0 0 0 0.08 0.92 0.06 0.92
147   5   2   9   5   0   2 0 0 0 0 0.12 0.62 0.12 0.62
148   1   2   7   1   0   2 0 0 0 0 0.12 0.62 0.12 0.62
149   4   1  14  -7   0   1 0 0 0 0 0.02 0.88 0.04 0.88
150   4   1  13  -7   0   2 0 0 0 0 0.10 0.56 0.10 0.56
151   2   1  15   0   1   2 1 0 1 0 0.10 0.56 0.10 0.56
152   2   1  15  -4   0   2 0 0 0 0 0.06 0.58 0.06 0.58
153   2   2  13   0   1   2 1 0 1 0 0.14 0.64 0.14 0.64
154   4   2   2  -9   0   1 0 0 0 0 0.10 0.92 0.08 0.92
155   3   2  12   8   0   1 0 0 0 0 0.10 0.94 0.08 0.94
156   5   1   9   7   0   2 0 0 0 0 0.06 0.58 0.06 0.58
157   1   2   5  -6   0   2 0 0 0 0 0.10 0.64 0.10 0.64
158   5   1   9   7   0   2 0 0 0 0 0.08 0.60 0.08 0.60
159   5   1   4   3   0   1 0 0 0 0 0.04 0.88 0.04 0.88
160   3   2   1  -5   0   2 0 0 0 0 0.10 0.66 0.10 0.66
161   5   1  14  -3   0   1 0 0 0 0 0.04 0.90 0.06 0.90
162   2   1  11   7   0   2 0 0 0 0 0.08 0.60 0.08 0.60
163   5   1   1  -5   0   2 0 0 0 0 0.10 0.62 0.10 0.62
164   3   1   5   0   1   2 1 0 1 0 0.10 0.62 0.10 0.62
165   1   2  16   2   0   1 0 0 0 0 0.12 0.94 0.10 0.94
166   3   2  13  -5   0   2 0 0 0 0 0.12 0.66 0.12 0.66
167   2   1   8   3   0   1 0 0 0 0 0.06 0.90 0.06 0.90
168   5   1   7   0   1   2 0 1 0 1 0.06 0.64 0.06 0.64
169   5   1  14   0   1   1 1 0 1 0 0.06 0.92 0.08 0.92
170   1   2   2  -9   0   1 0 0 0 0 0.12 0.96 0.10 0.96
171   4   2   5  -3   0   2 0 0 0 0 0.12 0.68 0.12 0.68
172   5   1  13  -5   0   2 0 0 0 0 0.06 0.60 0.06 0.60
173   5   1  16   0   1   1 0 0 0 0 0.02 0.92 0.04 0.92
174   3   2  16   3   0   1 0 0 0 0 0.14 0.96 0.12 0.96
175   1   2   3   0   1   2 1 0 1 0 0.14 0.68 0.14 0.68
176   5   2   8   4   0   1 0 0 0 0 0.14 0.98 0.12 0.98
177   3   2  13   0   1   2 1 0 1 0 0.10 0.70 0.10 0.70
178   5   1   5  -3   0   2 0 0 0 0 0.08 0.60 0.08 0.60
179   2   2   2   0   1   1 1 0 1 0 0.16 0.98 0.14 0.98
180   1   1  16   3   0   1 0 0 0 0 0.02 0.94 0.04 0.94
181   4   1   7  -2   0   2 0 0 0 0 0.08 0.62 0.08 0.62
182   4   1   9  -8   0   2 0 0 0 0 0.10 0.62 0.10 0.62
183   4   1  15   0   1   2 1 0 1 0 0.10 0.64 0.10 0.64
184   5   1  13  -7   0   2 0 0 0 0 0.06 0.64 0.06 0.64
185   3   1   6   0   1   1 1 0 0 0 0.04 0.94 0.06 0.94
186   5   2   5  -3   0   2 0 0 0 0 0.06 0.70 0.06 0.70
187   2   2   7   0   1   2 0 1 0 1 0.06 0.72 0.06 0.72
188   5   1   2   0   1   1 0 1 0 1 0.02 0.96 0.06 0.96
189   3   2  16   0   1   1 0 1 0 1 0.12 1.00 0.10 1.00
190   4   1   7   0   1   2 0 1 0 1 0.06 0.66 0.06 0.66
191   3   2  12   0   1   1 1 0 1 0 0.12 0.96 0.10 0.96
192   5   2  15   2   0   2 0 0 0 0 0.08 0.68 0.08 0.68
193   4   1  15   0   1   2 1 0 1 0 0.08 0.62 0.08 0.62
194   1   2  12   0   1   1 0 1 0 1 0.08 0.96 0.06 0.96
195   3   2   2  -7   0   1 0 0 0 0 0.08 0.92 0.06 0.92
196   2   1  14   0   1   1 0 0 1 0 0.02 0.92 0.08 0.92
197   3   1  15   1   0   2 0 0 0 0 0.04 0.62 0.04 0.62
198   5   2  12   8   0   1 0 0 0 0 0.10 0.92 0.08 0.92
199   1   2  15   0   1   2 0 1 0 1 0.08 0.68 0.08 0.68
200   5   1  12   0   1   1 0 1 0 1 0.04 0.92 0.04 0.92
201   3   2  15   1   0   2 0 0 0 0 0.10 0.64 0.10 0.64
202   1   1  15   1   0   2 0 0 0 0 0.04 0.64 0.04 0.64
203   5   2   2  -7   0   1 0 0 0 0 0.10 0.94 0.08 0.94
204   2   1  14  -5   0   1 0 0 0 0 0.04 0.88 0.04 0.88
205   2   2  16   4   0   1 0 0 0 0 0.12 0.94 0.10 0.94
206   5   1  15  -2   0   2 0 0 0 0 0.06 0.64 0.06 0.64
207   2   1  10 -10   0   1 0 0 0 0 0.06 0.88 0.06 0.88
208   2   1  13  -3   0   2 0 0 0 0 0.06 0.66 0.06 0.66
209   1   1   1  -6   0   2 0 0 0 0 0.08 0.66 0.08 0.66
210   1   1   8  -3   0   1 0 0 0 0 0.06 0.90 0.06 0.90
211   1   1  16   4   0   1 0 0 0 0 0.08 0.90 0.08 0.90
212   2   1   3  -4   0   2 0 0 0 0 0.08 0.68 0.08 0.68
213   3   2   9  -5   0   2 0 0 0 0 0.10 0.64 0.10 0.64
214   3   2   9  -5   0   2 0 0 0 0 0.12 0.66 0.12 0.66
215   3   1   3  -4   0   2 0 0 0 0 0.10 0.68 0.10 0.68
216   5   2   6  -4   0   1 0 0 0 0 0.12 0.96 0.10 0.96
217   4   2   6  -7   0   1 0 0 0 0 0.14 0.96 0.12 0.96
218   1   2  10  -8   0   1 0 0 0 0 0.14 0.98 0.12 0.98
219   1   2   9   0   1   2 0 1 1 1 0.12 0.66 0.12 0.66
220   5   2   7  -2   0   2 0 0 0 0 0.14 0.62 0.08 0.62
221   1   2  11   3   0   2 0 0 0 0 0.14 0.62 0.08 0.62
222   3   2   6  -6   0   1 0 0 0 0 0.16 0.98 0.14 0.98
223   3   1  12   9   0   1 0 0 0 0 0.08 0.92 0.08 0.92
224   3   2   7   0   1   2 1 0 0 0 0.16 0.64 0.10 0.64
225   5   2  10  -7   0   1 0 0 0 0 0.16 1.00 0.14 1.00
226   1   1   1   0   1   2 1 0 1 0 0.10 0.70 0.10 0.70
227   1   1   9  -6   0   2 0 0 0 0 0.06 0.70 0.06 0.70
228   2   2   1  -4   0   2 0 0 0 0 0.12 0.64 0.10 0.64
229   5   1   2   0   1   1 1 0 1 0 0.10 0.92 0.10 0.92
230   5   2  15  -4   0   2 0 0 0 0 0.12 0.66 0.12 0.66
231   2   2  13   0   1   2 1 0 1 0 0.14 0.66 0.12 0.66
232   1   1  11   4   0   2 0 0 0 0 0.06 0.72 0.06 0.72
233   2   2  12  10   0   1 0 0 0 0 0.18 1.00 0.16 1.00
234   1   2   1  -5   0   2 0 0 0 0 0.10 0.68 0.08 0.68
235   1   1   7  -3   0   2 0 0 0 0 0.08 0.72 0.08 0.72
236   1   2  10  -8   0   1 0 0 0 0 0.18 1.00 0.16 1.00
237   1   2  12  10   0   1 0 0 0 0 0.20 1.00 0.18 1.00
238   2   1   5   0   1   2 1 0 1 0 0.08 0.74 0.08 0.74
239   1   1  10  -8   0   1 0 0 0 0 0.06 0.94 0.06 0.94
240   4   2   3  -3   0   2 0 0 0 0 0.10 0.68 0.08 0.68
241   5   1   5  -5   0   2 0 0 0 0 0.04 0.74 0.04 0.74
242   1   1   6  -6   0   1 0 0 0 0 0.06 0.94 0.06 0.94
243   2   1   7  -2   0   2 0 0 0 0 0.04 0.76 0.04 0.76
244   2   2  11   5   0   2 0 0 0 0 0.12 0.70 0.10 0.70
245   4   2   7  -3   0   2 0 0 0 0 0.12 0.70 0.10 0.70
246   5   2  12  10   0   1 0 0 0 0 0.20 1.00 0.18 1.00
247   3   2   2   0   1   1 1 0 1 0 0.22 1.00 0.20 1.00
248   1   2  15  -2   0   2 0 0 0 0 0.14 0.72 0.12 0.72
249   4   2  15  -6   0   2 0 0 0 0 0.14 0.72 0.12 0.72
250   2   1  12   9   0   1 0 0 0 0 0.08 0.96 0.08 0.96
251   1   1   5  -3   0   2 0 0 0 0 0.06 0.76 0.06 0.76
252   2   1  11   4   0   2 0 0 0 0 0.06 0.78 0.06 0.78
253   3   1  13   0   1   2 1 0 1 0 0.08 0.78 0.08 0.78
254   3   2   7   0   1   2 0 1 0 1 0.16 0.74 0.14 0.74
255   3   1   4   0   1   1 0 1 0 1 0.08 0.96 0.08 0.96
256   1   2   6   0   1   1 1 0 1 0 0.18 1.00 0.16 1.00
257   3   2   8   5   0   1 0 0 0 0 0.14 1.00 0.12 1.00
258   1   1   9  -5   0   2 0 0 0 0 0.04 0.80 0.04 0.80
259   4   2  12   0   1   1 1 0 1 0 0.14 1.00 0.12 1.00
260   4   1  10   0   1   1 0 1 1 1 0.10 0.92 0.10 0.92
261   3   2  11   5   0   2 0 0 0 0 0.16 0.70 0.14 0.70
262   1   2   7   2   0   2 0 0 0 0 0.18 0.70 0.16 0.70
263   5   2   3  -6   0   2 0 0 0 0 0.18 0.72 0.16 0.72
264   2   1  11   0   1   2 1 0 1 0 0.04 0.80 0.04 0.80
265   5   2  14  -6   0   1 0 0 0 0 0.10 1.00 0.08 1.00
266   2   1  16   4   0   1 0 0 0 0 0.10 0.88 0.06 0.88
267   3   1   6  -5   0   1 0 0 0 0 0.12 0.88 0.06 0.88
268   4   2   9   0   1   2 1 0 1 0 0.20 0.72 0.18 0.72
269   3   2  14  -3   0   1 0 0 0 0 0.10 1.00 0.08 1.00
270   1   2   9   0   1   2 1 0 1 0 0.16 0.74 0.14 0.74
271   5   2   2  -7   0   1 0 0 0 0 0.12 1.00 0.10 1.00
272   1   1   5   0   0   2 0 0 0 0 0.02 0.82 0.02 0.82
273   1   1  13   0   0   2 0 0 0 0 0.02 0.82 0.02 0.82
274   4   1   3  -3   0   2 0 0 0 0 0.04 0.84 0.04 0.84
275   5   1   3  -4   0   2 0 0 0 0 0.04 0.84 0.04 0.84
276   4   2  16   5   0   1 0 0 0 0 0.12 1.00 0.10 1.00
277   3   2  10  -9   0   1 0 0 0 0 0.14 1.00 0.12 1.00
278   1   2   6  -7   0   1 0 0 0 0 0.14 1.00 0.12 1.00
279   3   2  10   0   1   1 1 0 1 0 0.16 1.00 0.14 1.00
280   4   2  10   0   1   1 0 1 1 1 0.12 1.00 0.10 1.00
281   4   2   8   2   0   1 0 0 0 0 0.12 0.96 0.06 0.96
282   2   1  14   0   1   1 0 1 1 1 0.12 0.90 0.08 0.90
283   4   2   9  -6   0   2 0 0 0 0 0.12 0.74 0.10 0.74
284   1   2   2  -5   0   1 0 0 0 0 0.14 0.96 0.06 0.96
285   3   1   4   0   1   1 1 1 0 1 0.14 0.86 0.04 0.86
286   1   1   2  -5   0   1 0 0 0 0 0.10 0.82 0.04 0.82
287   5   2   3   0   1   2 0 1 1 1 0.12 0.76 0.10 0.76
288   5   1   3  -3   0   2 0 0 0 0 0.06 0.86 0.06 0.86
289   5   2  14  -3   0   1 0 0 0 0 0.14 0.98 0.08 0.98
290   3   1  10   0   1   1 0 1 0 1 0.10 0.82 0.06 0.82
291   5   1   8   7   0   1 0 0 0 0 0.12 0.78 0.06 0.78
292   4   2  10  -7   0   1 0 0 0 0 0.16 0.98 0.08 0.98
293   2   2   3  -2   0   2 0 0 0 0 0.14 0.72 0.06 0.72
294   4   1   2  -8   0   1 0 0 0 0 0.12 0.78 0.08 0.78
295   2   1  16   5   0   1 0 0 0 0 0.14 0.80 0.08 0.80
296   3   1  12   9   0   1 0 0 0 0 0.14 0.80 0.10 0.80
297   4   1  13  -5   0   2 0 0 0 0 0.06 0.86 0.06 0.86
298   3   2   9  -6   0   2 0 0 0 0 0.14 0.72 0.06 0.72
299   4   2   3   2   0   2 0 0 0 0 0.16 0.74 0.08 0.74
300   4   2  11   3   0   2 0 0 0 0 0.16 0.74 0.08 0.74
301   1   1   1  -5   0   2 0 0 0 0 0.08 0.88 0.08 0.88
302   1   1  12   5   0   1 0 0 0 0 0.16 0.82 0.10 0.82
303   4   1  15  -3   0   2 0 0 0 0 0.08 0.88 0.08 0.88
304   5   2  15  -3   0   2 0 0 0 0 0.18 0.76 0.10 0.76
305   4   1   5  -6   0   2 0 0 0 0 0.10 0.90 0.10 0.90
306   1   1  10  -7   0   1 0 0 0 0 0.16 0.82 0.12 0.82
307   5   1  10  -7   0   1 0 0 0 0 0.18 0.84 0.12 0.84
308   1   2  11   0   1   2 1 0 1 0 0.18 0.76 0.10 0.76
309   2   2   3   1   0   2 0 0 0 0 0.14 0.78 0.06 0.78
310   5   2  13   0   1   2 1 0 1 0 0.14 0.78 0.06 0.78
311   4   2  14   0   1   1 1 0 1 0 0.16 1.00 0.10 1.00
312   2   2   9  -6   0   2 0 0 0 0 0.10 0.80 0.02 0.80
313   1   1  15  -6   0   2 0 0 0 0 0.10 0.90 0.10 0.90
314   4   1   9   0   1   2 1 0 1 0 0.12 0.92 0.12 0.92
315   2   2   7   4   0   2 0 0 0 0 0.10 0.80 0.02 0.80
316   3   1   6  -7   0   1 0 0 0 0 0.18 0.84 0.14 0.84
317   3   2   1  -3   0   2 0 0 0 0 0.12 0.82 0.04 0.82
318   2   2  12   9   0   1 0 0 0 0 0.12 1.00 0.06 1.00
319   5   2  12   9   0   1 0 0 0 0 0.12 1.00 0.06 1.00
320   5   2  16   3   0   1 0 0 0 0 0.14 1.00 0.08 1.00
321   2   2   9  -5   0   2 0 0 0 0 0.12 0.82 0.04 0.82
322   4   2  16   2   0   1 0 0 0 0 0.14 1.00 0.08 1.00
323   4   2   2  -9   0   1 0 0 0 0 0.16 1.00 0.10 1.00
324   2   1   6  -9   0   1 0 0 0 0 0.20 0.86 0.14 0.86
325   3   2   5  -4   0   2 0 0 0 0 0.14 0.84 0.06 0.84
326   2   1   1  -3   0   2 0 0 0 0 0.08 0.92 0.08 0.92
327   4   2  11   3   0   2 0 0 0 0 0.14 0.84 0.06 0.84
328   2   1   7   0   1   2 1 0 1 0 0.08 0.94 0.08 0.94
329   5   1   8   0   1   1 1 0 1 0 0.20 0.86 0.16 0.86
330   4   1   4   2   0   1 0 0 0 0 0.16 0.88 0.12 0.88
331   4   2   1  -3   0   2 0 0 0 0 0.16 0.86 0.08 0.86
332   2   2   2  -8   0   1 0 0 0 0 0.16 1.00 0.10 1.00
333   4   2   7   0   1   2 1 0 1 0 0.16 0.86 0.08 0.86
334   4   2   8   0   1   1 1 0 1 0 0.18 1.00 0.12 1.00
335   5   2   9   0   1   2 1 0 1 0 0.12 0.88 0.04 0.88
336   1   1   3   2   0   2 0 0 0 0 0.04 0.94 0.04 0.94
337   1   1  15   0   1   2 1 0 1 0 0.04 0.96 0.04 0.96
338   2   2   8   4   0   1 0 0 0 0 0.14 1.00 0.08 1.00
339   5   1   1  -7   0   2 0 0 0 0 0.02 0.96 0.02 0.96
340   5   1  15  -1   0   2 0 0 0 0 0.02 0.98 0.02 0.98
341   3   2   3  -1   0   2 0 0 0 0 0.08 0.88 0.02 0.88
342   3   1   1  -7   0   2 0 0 0 0 0.04 0.98 0.04 0.98
343   3   1   7   1   0   2 0 0 0 0 0.04 1.00 0.04 1.00
344   3   2  10  -9   0   1 0 0 0 0 0.14 1.00 0.08 1.00
345   4   1   9  -3   0   2 0 0 0 0 0.06 1.00 0.06 1.00
346   2   2  10   0   1   1 1 0 1 0 0.16 1.00 0.10 1.00
347   4   2  10  -7   0   1 0 0 0 0 0.12 1.00 0.06 1.00
348   1   1  12   0   1   1 0 1 1 1 0.16 0.88 0.12 0.88
349   3   2   3   0   1   2 0 1 0 1 0.08 0.90 0.02 0.90
350   5   1   4   0   1   1 1 1 1 1 0.18 0.84 0.08 0.84
351   1   2   8   2   0   1 0 0 0 0 0.12 1.00 0.06 1.00
352   5   1  11   3   0   2 0 0 0 0 0.06 1.00 0.06 1.00
353   4   1   5  -4   0   2 0 0 0 0 0.08 1.00 0.08 1.00
354   2   1   4   2   0   1 0 0 0 0 0.14 0.80 0.04 0.80
355   4   2  11   4   0   2 0 0 0 0 0.10 0.86 0.04 0.86
356   2   2  12   4   0   1 0 0 0 0 0.14 1.00 0.08 1.00
357   2   2  13  -7   0   2 0 0 0 0 0.10 0.86 0.04 0.86
358   1   2   3   0   1   2 0 1 0 1 0.12 0.88 0.06 0.88
359   2   1   6   0   1   1 1 0 0 0 0.14 0.80 0.04 0.80
360   4   1  16   0   1   1 1 0 1 0 0.10 0.82 0.06 0.82
361   3   1   2  -9   0   1 0 0 0 0 0.06 0.82 0.02 0.82
362   1   2  10  -9   0   1 0 0 0 0 0.14 1.00 0.08 1.00
363   2   2   6  -3   0   1 0 0 0 0 0.16 1.00 0.10 1.00
364   3   1  13  -7   0   2 0 0 0 0 0.08 1.00 0.08 1.00
365   3   1  13   0   1   2 1 0 1 0 0.10 1.00 0.10 1.00
366   3   1  11   3   0   2 0 0 0 0 0.06 1.00 0.06 1.00
367   1   2  12   7   0   1 0 0 0 0 0.16 1.00 0.10 1.00
368   2   1  13  -4   0   2 0 0 0 0 0.06 1.00 0.06 1.00
369   1   1   4   3   0   1 0 0 0 0 0.06 0.84 0.02 0.84
370   3   1   2   0   1   1 0 1 0 1 0.08 0.84 0.04 0.84
371   4   1   8   2   0   1 0 0 0 0 0.08 0.80 0.04 0.80
372   3   1  10  -8   0   1 0 0 0 0 0.10 0.80 0.06 0.80
373   4   1   6   0   1   1 1 0 1 0 0.10 0.82 0.06 0.82
374   4   2   4   3   0   1 0 0 0 0 0.18 1.00 0.12 1.00
375   5   1   5   0   1   2 1 0 1 0 0.08 1.00 0.08 1.00
376   2   2  10   0   1   1 1 0 1 0 0.18 1.00 0.12 1.00
377   5   1   6  -6   0   1 0 0 0 0 0.06 0.82 0.02 0.82
378   1   1  14  -4   0   1 0 0 0 0 0.06 0.84 0.02 0.84
379   4   2  13  -5   0   2 0 0 0 0 0.12 0.84 0.06 0.84
380   1   2   4   0   1   1 1 0 1 0 0.14 1.00 0.08 1.00
381   1   2   5  -7   0   2 0 0 0 0 0.14 0.84 0.08 0.84
382   4   2  13  -6   0   2 0 0 0 0 0.14 0.86 0.08 0.86
383   4   2  16   2   0   1 0 0 0 0 0.10 1.00 0.04 1.00
384   2   2   6  -6   0   1 0 0 0 0 0.10 1.00 0.04 1.00
385   2   2   3  -2   0   2 0 0 0 0 0.16 0.86 0.10 0.86
386   3   1  14   0   1   1 0 1 0 1 0.08 0.84 0.04 0.84
387   4   1   2  -9   0   1 0 0 0 0 0.08 0.80 0.04 0.80
388   4   1   3   1   0   2 0 0 0 0 0.04 1.00 0.04 1.00
389   2   2  11   7   0   2 0 0 0 0 0.16 0.88 0.10 0.88
390   1   1   2   0   1   1 1 0 1 0 0.10 0.80 0.06 0.80
391   4   2   4   3   0   1 0 0 0 0 0.12 1.00 0.06 1.00
392   3   1   7   0   1   2 0 1 0 1 0.04 1.00 0.04 1.00
393   5   2   7   0   1   2 1 0 1 0 0.18 0.88 0.12 0.88
394   2   2   1  -4   0   2 0 0 0 0 0.14 0.90 0.08 0.90
395   3   2   1   0   1   2 0 1 1 1 0.14 0.90 0.08 0.90
396   2   2   5  -4   0   2 0 0 0 0 0.16 0.86 0.04 0.86
397   2   2   4  -6   0   1 0 0 0 0 0.12 1.00 0.06 1.00
398   4   1  11   3   0   2 0 0 0 0 0.06 0.96 0.06 0.96
399   2   1   1  -6   0   2 0 0 0 0 0.06 0.96 0.06 0.96
400   3   2   5   0   1   2 1 0 0 0 0.16 0.86 0.04 0.86
401   1   2  13  -3   0   2 0 0 0 0 0.12 0.88 0.06 0.88
402   5   1   6   0   1   1 1 0 1 0 0.06 0.82 0.02 0.82
403   2   2  16   3   0   1 0 0 0 0 0.14 1.00 0.08 1.00
404   3   2   2  -8   0   1 0 0 0 0 0.14 1.00 0.08 1.00
405   2   1   6  -5   0   1 0 0 0 0 0.02 0.82 0.02 0.82
406   4   2   7   2   0   2 0 0 0 0 0.12 0.88 0.06 0.88
407   4   1  12   0   1   1 1 0 1 0 0.02 0.84 0.02 0.84
408   4   1   1  -4   0   2 0 0 0 0 0.08 0.98 0.08 0.98
409   5   2   1  -5   0   2 0 0 0 0 0.14 0.90 0.08 0.90
410   2   2   9  -6   0   2 0 0 0 0 0.14 0.90 0.08 0.90
411   3   2   3  -6   0   2 0 0 0 0 0.16 0.92 0.10 0.92
412   4   1   8   2   0   1 0 0 0 0 0.02 0.84 0.02 0.84
413   1   2  16  -1   0   1 0 0 0 0 0.16 1.00 0.10 1.00
414   5   1  10  -5   0   1 0 0 0 0 0.02 0.86 0.02 0.86
415   5   1  10  -6   0   1 0 0 0 0 0.04 0.86 0.04 0.86
416   2   1   9  -3   0   2 0 0 0 0 0.08 0.98 0.08 0.98
417   1   2  15   0   1   2 1 0 1 0 0.16 0.92 0.10 0.92
418   3   1  14   0   1   1 0 1 0 1 0.04 0.88 0.04 0.88
419   3   1   9   0   1   2 1 1 1 1 0.10 1.00 0.10 1.00
420   2   2   1  -6   0   2 0 0 0 0 0.12 0.94 0.06 0.94
421   2   1   7  -1   0   2 0 0 0 0 0.06 0.96 0.06 0.96
422   3   2  14  -5   0   1 0 0 0 0 0.16 1.00 0.10 1.00
423   1   2   3  -2   0   2 0 0 0 0 0.12 0.94 0.06 0.94
424   5   2  10  -6   0   1 0 0 0 0 0.18 1.00 0.12 1.00
425   4   2   1   0   1   2 1 1 0 1 0.14 0.96 0.08 0.96
426   4   2  14   0   1   1 1 0 1 0 0.18 1.00 0.12 1.00
427   5   1  16   0   1   1 1 0 1 0 0.06 0.84 0.06 0.84
428   2   1  12   8   0   1 0 0 0 0 0.02 0.84 0.02 0.84
429   5   2  16   0   1   1 1 0 1 0 0.14 1.00 0.08 1.00
430   3   2  15  -4   0   2 0 0 0 0 0.10 0.92 0.08 0.92
431   3   2   4   3   0   1 0 0 0 0 0.10 1.00 0.04 1.00
432   1   2  11   4   0   2 0 0 0 0 0.10 0.92 0.10 0.92
433   3   1  14  -7   0   1 0 0 0 0 0.02 0.86 0.02 0.86
434   2   1   2  -1   0   1 0 0 0 0 0.04 0.86 0.04 0.86
435   3   1   3  -2   0   2 0 0 0 0 0.06 0.96 0.06 0.96
436   5   1  16   0   0   1 0 0 0 0 0.04 0.88 0.04 0.88
437   2   2  14  -3   0   1 0 0 0 0 0.10 1.00 0.04 1.00
438   3   2   8   5   0   1 0 0 0 0 0.12 1.00 0.06 1.00
439   3   1   1   0   1   2 0 1 1 1 0.08 0.98 0.08 0.98
440   3   1   8   4   0   1 0 0 0 0 0.06 0.88 0.06 0.88
441   3   1   2  -4   0   1 0 0 0 0 0.06 0.90 0.06 0.90
442   2   2   6  -4   0   1 0 0 0 0 0.12 1.00 0.06 1.00
443   5   1  12   6   0   1 0 0 0 0 0.08 0.90 0.08 0.90
444   2   1  16  -3   0   1 0 0 0 0 0.08 0.92 0.08 0.92
445   1   2  16  -3   0   1 0 0 0 0 0.14 1.00 0.08 1.00
446   5   2   8   3   0   1 0 0 0 0 0.14 1.00 0.08 1.00
447   4   2  12   9   0   1 0 0 0 0 0.16 1.00 0.10 1.00
448   2   1   4  -3   0   1 0 0 0 0 0.10 0.92 0.10 0.92
449   4   2   8   0   1   1 0 1 0 1 0.16 1.00 0.10 1.00
450   1   2   1  -8   0   2 0 0 0 0 0.12 0.94 0.10 0.94
451   3   2   4   2   0   1 0 0 0 0 0.18 0.96 0.12 0.96
452   2   1   9  -6   0   2 0 0 0 0 0.08 0.94 0.04 0.94
453   1   1   9  -3   0   2 0 0 0 0 0.10 0.94 0.04 0.94
454   2   1   3  -3   0   2 0 0 0 0 0.10 0.96 0.06 0.96
455   5   1   9  -5   0   2 0 0 0 0 0.12 0.96 0.06 0.96
456   1   1  13  -7   0   2 0 0 0 0 0.12 0.98 0.08 0.98
457   2   1   2   0   1   1 1 0 1 0 0.10 0.94 0.10 0.94
458   4   1   5  -3   0   2 0 0 0 0 0.14 0.98 0.08 0.98
459   2   1  15   0   1   2 1 0 1 0 0.14 1.00 0.10 1.00
460   3   2   7  -2   0   2 0 0 0 0 0.12 0.94 0.12 0.94
461   3   1  12   6   0   1 0 0 0 0 0.06 0.94 0.06 0.94
462   2   2   7  -1   0   2 0 0 0 0 0.14 0.96 0.12 0.96
463   3   1   8  -1   0   1 0 0 0 0 0.06 0.96 0.06 0.96
464   4   1   1  -4   0   2 0 0 0 0 0.10 1.00 0.06 1.00
465   5   1   2  -8   0   1 0 0 0 0 0.08 0.96 0.08 0.96
466   1   2  14   0   1   1 0 1 0 1 0.18 0.96 0.12 0.96
467   2   2   4   0   1   1 1 0 1 0 0.20 0.92 0.14 0.92
468   3   1  11   4   0   2 0 0 0 0 0.10 1.00 0.06 1.00
469   3   2   4   4   0   1 0 0 0 0 0.16 0.92 0.10 0.92
470   2   1   2  -5   0   1 0 0 0 0 0.08 0.98 0.08 0.98
471   2   2  10  -6   0   1 0 0 0 0 0.16 0.94 0.10 0.94
472   5   2  14  -5   0   1 0 0 0 0 0.18 0.94 0.12 0.94
473   2   1   8   3   0   1 0 0 0 0 0.10 0.98 0.10 0.98
474   2   2   4   3   0   1 0 0 0 0 0.18 0.96 0.12 0.96
475   1   1  10  -6   0   1 0 0 0 0 0.10 1.00 0.10 1.00
476   2   1   5   0   1   2 0 1 0 1 0.12 1.00 0.08 1.00
477   3   1  15  -3   0   2 0 0 0 0 0.12 0.96 0.08 0.96
478   2   1   4   3   0   1 0 0 0 0 0.12 1.00 0.12 1.00
479   3   2  12   8   0   1 0 0 0 0 0.20 0.96 0.14 0.96
480   3   2  16   2   0   1 0 0 0 0 0.20 0.98 0.14 0.98
