  1   1   5   1   0   0   1 0.00 0.00 0.00 0.00   0   0   0   0   0
  2   1   5   1   0   0   1 0.00 0.00 0.00 0.00   0   0   0   0   0
  3   1   5   4   0   0   2 0.00 0.00 0.00 0.00   0   0   0   0   0
  4   1   5   5   0   0   1 0.00 0.00 0.00 0.00   0   0   0   0   0
  5   1   5   3   0   0   1 0.00 0.00 0.00 0.00   0   0   0   0   0
  6   1   5   6   0   0   2 0.00 0.00 0.00 0.00   0   0   0   0   0
  7   1   5   3   0   0   1 0.00 0.00 0.00 0.00   0   0   0   0   0
  8   1   5   1   0   0   1 0.00 0.00 0.00 0.00   0   0   0   0   0
  9   1   5   4   0   0   2 0.00 0.00 0.00 0.00   0   0   0   0   0
 10   0   5   4   0   0   0 0.00 0.00 0.00 0.00   0   0   0   0   0
 11   1   5   4   0   0   2 0.00 0.00 0.00 0.00   0   0   0   0   0
 12   1   5   5   0   0   1 0.00 0.00 0.00 0.00   0   0   0   0   0
 13   1   5   5   0   0   1 0.00 0.00 0.00 0.00   0   0   0   0   0
 14   1   5   5   0   0   1 0.00 0.00 0.00 0.00   0   0   0   0   0
 15   1   5   3   0   0   1 0.00 0.00 0.00 0.00   0   0   0   0   0
 16   1   5   2   0   0   2 0.00 0.00 0.00 0.00   0   0   0   0   0
 17   1   5   2   0   0   2 0.00 0.00 0.00 0.00   0   0   0   0   0
 18   1   5   4   0   0   2 0.00 0.00 0.00 0.00   0   0   0   0   0
 19   1   5   1   0   0   1 0.00 0.00 0.00 0.00   0   0   0   0   0
 20   1   5   4   0   0   2 0.00 0.00 0.00 0.00   0   0   0   0   0
 21   1   5   5   0   0   1 0.00 0.00 0.00 0.00   0   0   0   0   0
 22   1   5   2   0   0   2 0.00 0.00 0.00 0.00   0   0   0   0   0
 23   1   5   2   0   0   2 0.00 0.00 0.00 0.00   0   0   0   0   0
 24   1   5   6   0   0   2 0.00 0.00 0.00 0.00   0   0   0   0   0
 25   1   5   2   0   0   2 0.00 0.00 0.00 0.00   0   0   0   0   0
 26   0   5   5   0   0   0 0.00 0.00 0.00 0.00   0   0   0   0   0
 27   1   5   2   0   0   2 0.00 0.00 0.00 0.00   0   0   0   0   0
 28   1   5   6   0   0   2 0.00 0.00 0.00 0.00   0   0   0   0   0
 29   1   5   1   0   0   1 0.00 0.00 0.00 0.00   0   0   0   0   0
 30   1   5   3   0   0   1 0.00 0.00 0.00 0.00   0   0   0   0   0
 31   0   5   2   0   0   0 0.00 0.00 0.00 0.00   0   0   0   0   0
 32   0   5   3   0   0   0 0.00 0.00 0.00 0.00   0   0   0   0   0
 33   1   5   4   0   0   2 0.00 0.00 0.00 0.00   0   0   0   0   0
 34   1   5   3   0   0   1 0.00 0.00 0.00 0.00   0   0   0   0   0
 35   0   5   6   0   0   0 0.00 0.00 0.00 0.00   0   0   0   0   0
 36   1   5   5   0   0   1 0.00 0.00 0.00 0.00   0   0   0   0   0
 37   1   5   1   0   0   1 0.00 0.00 0.00 0.00   0   0   0   0   0
 38   1   5   6   0   0   2 0.00 0.00 0.00 0.00   0   0   0   0   0
 39   0   5   1   0   0   0 0.00 0.00 0.00 0.00   0   0   0   0   0
 40   1   5   3   0   0   1 0.00 0.00 0.00 0.00   0   0   0   0   0
 41   1   5   6   0   0   2 0.00 0.00 0.00 0.00   0   0   0   0   0
 42   1   5   6   0   0   2 0.00 0.00 0.00 0.00   0   0   0   0   0
 43   1   2   6   0   0   2 0.00 0.00 0.00 0.00   0   0   0   0   0
 44   1   2   2   0   0   2 0.00 0.00 0.00 0.00   0   0   0   0   0
 45   1   2   4   0   0   2 0.00 0.00 0.00 0.00   0   0   0   0   0
 46   1   2   3   0   0   1 0.00 0.00 0.00 0.00   0   0   0   0   0
 47   1   2   5   0   0   1 0.00 0.00 0.00 0.00   0   0   0   0   0
 48   1   2   4   0   0   2 0.00 0.00 0.00 0.00   0   0   0   0   0
 49   1   2   6   0   0   2 0.00 0.00 0.00 0.00   0   0   0   0   0
 50   0   2   5   0   0   0 0.00 0.00 0.00 0.00   0   0   0   0   0
 51   1   2   3   0   0   1 0.00 0.00 0.00 0.00   0   0   0   0   0
 52   1   2   6   0   0   2 0.00 0.00 0.00 0.00   0   0   0   0   0
 53   1   2   4   0   0   2 0.00 0.00 0.00 0.00   0   0   0   0   0
 54   1   2   5   0   0   1 0.00 0.00 0.00 0.00   0   0   0   0   0
 55   1   2   4   0   0   2 0.00 0.00 0.00 0.00   0   0   0   0   0
 56   1   2   1   0   0   1 0.00 0.00 0.00 0.00   0   0   0   0   0
 57   0   2   6   0   0   0 0.00 0.00 0.00 0.00   0   0   0   0   0
 58   1   2   4   0   0   2 0.00 0.00 0.00 0.00   0   0   0   0   0
 59   0   2   2   0   0   0 0.00 0.00 0.00 0.00   0   0   0   0   0
 60   1   2   1   0   0   1 0.00 0.00 0.00 0.00   0   0   0   0   0
 61   0   2   1   0   0   0 0.00 0.00 0.00 0.00   0   0   0   0   0
 62   1   2   2   0   0   2 0.00 0.00 0.00 0.00   0   0   0   0   0
 63   1   2   5   0   0   1 0.00 0.00 0.00 0.00   0   0   0   0   0
 64   1   2   1   0   0   1 0.00 0.00 0.00 0.00   0   0   0   0   0
 65   1   2   3   0   0   1 0.00 0.00 0.00 0.00   0   0   0   0   0
 66   1   2   2   0   0   2 0.00 0.00 0.00 0.00   0   0   0   0   0
 67   1   2   3   0   0   1 0.00 0.00 0.00 0.00   0   0   0   0   0
 68   1   2   6   0   0   2 0.00 0.00 0.00 0.00   0   0   0   0   0
 69   1   2   2   0   0   2 0.00 0.00 0.00 0.00   0   0   0   0   0
 70   0   2   4   0   0   0 0.00 0.00 0.00 0.00   0   0   0   0   0
 71   1   2   3   0   0   1 0.00 0.00 0.00 0.00   0   0   0   0   0
 72   1   2   1   0   0   1 0.00 0.00 0.00 0.00   0   0   0   0   0
 73   1   2   3   0   0   1 0.00 0.00 0.00 0.00   0   0   0   0   0
 74   1   2   6   0   0   2 0.00 0.00 0.00 0.00   0   0   0   0   0
 75   0   2   3   0   0   0 0.00 0.00 0.00 0.00   0   0   0   0   0
 76   1   2   5   0   0   1 0.00 0.00 0.00 0.00   0   0   0   0   0
 77   1   2   4   0   0   2 0.00 0.00 0.00 0.00   0   0   0   0   0
 78   1   2   5   0   0   1 0.00 0.00 0.00 0.00   0   0   0   0   0
 79   1   2   6   0   0   2 0.00 0.00 0.00 0.00   0   0   0   0   0
 80   1   2   5   0   0   1 0.00 0.00 0.00 0.00   0   0   0   0   0
 81   1   2   1   0   0   1 0.00 0.00 0.00 0.00   0   0   0   0   0
 82   1   2   1   0   0   1 0.00 0.00 0.00 0.00   0   0   0   0   0
 83   1   2   2   0   0   2 0.00 0.00 0.00 0.00   0   0   0   0   0
 84   1   2   2   0   0   2 0.00 0.00 0.00 0.00   0   0   0   0   0
 85   1   3   3   0   0   1 0.00 0.00 0.00 0.00   0   0   0   0   0
 86   1   3   4   0   0   2 0.00 0.00 0.00 0.00   0   0   0   0   0
 87   0   3   3   0   0   0 0.00 0.00 0.00 0.00   0   0   0   0   0
 88   1   3   4   0   0   2 0.00 0.00 0.00 0.00   0   0   0   0   0
 89   1   3   1   0   0   1 0.00 0.00 0.00 0.00   0   0   0   0   0
 90   1   3   5   0   0   1 0.00 0.00 0.00 0.00   0   0   0   0   0
 91   1   3   4   0   0   2 0.00 0.00 0.00 0.00   0   0   0   0   0
 92   1   3   5   0   0   1 0.00 0.00 0.00 0.00   0   0   0   0   0
 93   0   3   6   0   0   0 0.00 0.00 0.00 0.00   0   0   0   0   0
 94   1   3   1   0   0   1 0.00 0.00 0.00 0.00   0   0   0   0   0
 95   1   3   2   0   0   2 0.00 0.00 0.00 0.00   0   0   0   0   0
 96   1   3   1   0   0   1 0.00 0.00 0.00 0.00   0   0   0   0   0
 97   1   3   1   0   0   1 0.00 0.00 0.00 0.00   0   0   0   0   0
 98   0   3   2   0   0   0 0.00 0.00 0.00 0.00   0   0   0   0   0
 99   1   3   3   0   0   1 0.00 0.00 0.00 0.00   0   0   0   0   0
100   1   3   1   0   0   1 0.00 0.00 0.00 0.00   0   0   0   0   0
101   1   3   6   0   0   2 0.00 0.00 0.00 0.00   0   0   0   0   0
102   1   3   4   0   0   2 0.00 0.00 0.00 0.00   0   0   0   0   0
103   1   3   6   0   0   2 0.00 0.00 0.00 0.00   0   0   0   0   0
104   1   3   6   0   0   2 0.00 0.00 0.00 0.00   0   0   0   0   0
105   1   3   6   0   0   2 0.00 0.00 0.00 0.00   0   0   0   0   0
106   1   3   4   0   0   2 0.00 0.00 0.00 0.00   0   0   0   0   0
107   1   3   2   0   0   2 0.00 0.00 0.00 0.00   0   0   0   0   0
108   1   3   3   0   0   1 0.00 0.00 0.00 0.00   0   0   0   0   0
109   1   3   5   0   0   1 0.00 0.00 0.00 0.00   0   0   0   0   0
110   0   3   4   0   0   0 0.00 0.00 0.00 0.00   0   0   0   0   0
111   1   3   2   0   0   2 0.00 0.00 0.00 0.00   0   0   0   0   0
112   1   3   2   0   0   2 0.00 0.00 0.00 0.00   0   0   0   0   0
113   1   3   5   0   0   1 0.00 0.00 0.00 0.00   0   0   0   0   0
114   1   3   5   0   0   1 0.00 0.00 0.00 0.00   0   0   0   0   0
115   1   3   3   0   0   1 0.00 0.00 0.00 0.00   0   0   0   0   0
116   1   3   6   0   0   2 0.00 0.00 0.00 0.00   0   0   0   0   0
117   1   3   2   0   0   2 0.00 0.00 0.00 0.00   0   0   0   0   0
118   1   3   3   0   0   1 0.00 0.00 0.00 0.00   0   0   0   0   0
119   1   3   5   0   0   1 0.00 0.00 0.00 0.00   0   0   0   0   0
120   0   3   1   0   0   0 0.00 0.00 0.00 0.00   0   0   0   0   0
121   1   3   6   0   0   2 0.00 0.00 0.00 0.00   0   0   0   0   0
122   1   3   1   0   0   1 0.00 0.00 0.00 0.00   0   0   0   0   0
123   0   3   5   0   0   0 0.00 0.00 0.00 0.00   0   0   0   0   0
124   1   3   3   0   0   1 0.00 0.00 0.00 0.00   0   0   0   0   0
125   1   3   2   0   0   2 0.00 0.00 0.00 0.00   0   0   0   0   0
126   1   3   4   0   0   2 0.00 0.00 0.00 0.00   0   0   0   0   0
127   1   4   6   0   0   2 0.00 0.00 0.00 0.00   0   0   0   0   0
128   1   4   3   0   0   1 0.00 0.00 0.00 0.00   0   0   0   0   0
129   1   4   3   0   0   1 0.00 0.00 0.00 0.00   0   0   0   0   0
130   1   4   2   0   0   2 0.00 0.00 0.00 0.00   0   0   0   0   0
131   0   4   2   0   0   0 0.00 0.00 0.00 0.00   0   0   0   0   0
132   1   4   1   0   0   1 0.00 0.00 0.00 0.00   0   0   0   0   0
133   1   4   5   0   0   1 0.00 0.00 0.00 0.00   0   0   0   0   0
134   0   4   4   0   0   0 0.00 0.00 0.00 0.00   0   0   0   0   0
135   1   4   4   0   0   2 0.00 0.00 0.00 0.00   0   0   0   0   0
136   0   4   5   0   0   0 0.00 0.00 0.00 0.00   0   0   0   0   0
137   1   4   6   0   0   2 0.00 0.00 0.00 0.00   0   0   0   0   0
138   1   4   2   0   0   2 0.00 0.00 0.00 0.00   0   0   0   0   0
139   1   4   3   0   0   1 0.00 0.00 0.00 0.00   0   0   0   0   0
140   1   4   1   0   0   1 0.00 0.00 0.00 0.00   0   0   0   0   0
141   0   4   3   0   0   0 0.00 0.00 0.00 0.00   0   0   0   0   0
142   1   4   4   0   0   2 0.00 0.00 0.00 0.00   0   0   0   0   0
143   1   4   2   0   0   2 0.00 0.00 0.00 0.00   0   0   0   0   0
144   1   4   3   0   0   1 0.00 0.00 0.00 0.00   0   0   0   0   0
145   1   4   6   0   0   2 0.00 0.00 0.00 0.00   0   0   0   0   0
146   1   4   6   0   0   2 0.00 0.00 0.00 0.00   0   0   0   0   0
147   1   4   2   0   0   2 0.00 0.00 0.00 0.00   0   0   0   0   0
148   1   4   4   0   0   2 0.00 0.00 0.00 0.00   0   0   0   0   0
149   1   4   2   0   0   2 0.00 0.00 0.00 0.00   0   0   0   0   0
150   1   4   6   0   0   2 0.00 0.00 0.00 0.00   0   0   0   0   0
151   1   4   5   0   0   1 0.00 0.00 0.00 0.00   0   0   0   0   0
152   0   4   6   0   0   0 0.00 0.00 0.00 0.00   0   0   0   0   0
153   1   4   1   0   0   1 0.00 0.00 0.00 0.00   0   0   0   0   0
154   1   4   1   0   0   1 0.00 0.00 0.00 0.00   0   0   0   0   0
155   1   4   5   0   0   1 0.00 0.00 0.00 0.00   0   0   0   0   0
156   1   4   2   0   0   2 0.00 0.00 0.00 0.00   0   0   0   0   0
157   1   4   3   0   0   1 0.00 0.00 0.00 0.00   0   0   0   0   0
158   1   4   5   0   0   1 0.00 0.00 0.00 0.00   0   0   0   0   0
159   0   4   1   0   0   0 0.00 0.00 0.00 0.00   0   0   0   0   0
160   1   4   5   0   0   1 0.00 0.00 0.00 0.00   0   0   0   0   0
161   1   4   1   0   0   1 0.00 0.00 0.00 0.00   0   0   0   0   0
162   1   4   3   0   0   1 0.00 0.00 0.00 0.00   0   0   0   0   0
163   1   4   4   0   0   2 0.00 0.00 0.00 0.00   0   0   0   0   0
164   1   4   6   0   0   2 0.00 0.00 0.00 0.00   0   0   0   0   0
165   1   4   5   0   0   1 0.00 0.00 0.00 0.00   0   0   0   0   0
166   1   4   1   0   0   1 0.00 0.00 0.00 0.00   0   0   0   0   0
167   1   4   4   0   0   2 0.00 0.00 0.00 0.00   0   0   0   0   0
168   1   4   4   0   0   2 0.00 0.00 0.00 0.00   0   0   0   0   0
169   0   1   2   0   0   0 0.00 0.00 0.00 0.00   0   0   0   0   0
170   1   1   5   0   0   1 0.00 0.00 0.00 0.00   0   0   0   0   0
171   0   1   3   0   0   0 0.00 0.00 0.00 0.00   0   0   0   0   0
172   1   1   1   0   0   1 0.00 0.00 0.00 0.00   0   0   0   0   0
173   1   1   3   0   0   1 0.00 0.00 0.00 0.00   0   0   0   0   0
174   0   1   6   0   0   0 0.00 0.00 0.00 0.00   0   0   0   0   0
175   1   1   1   0   0   1 0.00 0.00 0.00 0.00   0   0   0   0   0
176   1   1   3   0   0   1 0.00 0.00 0.00 0.00   0   0   0   0   0
177   1   1   2   0   0   2 0.00 0.00 0.00 0.00   0   0   0   0   0
178   1   1   4   0   0   2 0.00 0.00 0.00 0.00   0   0   0   0   0
179   1   1   3   0   0   1 0.00 0.00 0.00 0.00   0   0   0   0   0
180   0   1   4   0   0   0 0.00 0.00 0.00 0.00   0   0   0   0   0
181   1   1   2   0   0   2 0.00 0.00 0.00 0.00   0   0   0   0   0
182   1   1   6   0   0   2 0.00 0.00 0.00 0.00   0   0   0   0   0
183   1   1   5   0   0   1 0.00 0.00 0.00 0.00   0   0   0   0   0
184   1   1   3   0   0   1 0.00 0.00 0.00 0.00   0   0   0   0   0
185   1   1   2   0   0   2 0.00 0.00 0.00 0.00   0   0   0   0   0
186   1   1   1   0   0   1 0.00 0.00 0.00 0.00   0   0   0   0   0
187   1   1   2   0   0   2 0.00 0.00 0.00 0.00   0   0   0   0   0
188   1   1   5   0   0   1 0.00 0.00 0.00 0.00   0   0   0   0   0
189   1   1   2   0   0   2 0.00 0.00 0.00 0.00   0   0   0   0   0
190   0   1   5   0   0   0 0.00 0.00 0.00 0.00   0   0   0   0   0
191   1   1   4   0   0   2 0.00 0.00 0.00 0.00   0   0   0   0   0
192   1   1   5   0   0   1 0.00 0.00 0.00 0.00   0   0   0   0   0
193   1   1   1   0   0   1 0.00 0.00 0.00 0.00   0   0   0   0   0
194   1   1   5   0   0   1 0.00 0.00 0.00 0.00   0   0   0   0   0
195   1   1   4   0   0   2 0.00 0.00 0.00 0.00   0   0   0   0   0
196   1   1   4   0   0   2 0.00 0.00 0.00 0.00   0   0   0   0   0
197   1   1   1   0   0   1 0.00 0.00 0.00 0.00   0   0   0   0   0
198   0   1   1   0   0   0 0.00 0.00 0.00 0.00   0   0   0   0   0
199   1   1   6   0   0   2 0.00 0.00 0.00 0.00   0   0   0   0   0
200   1   1   2   0   0   2 0.00 0.00 0.00 0.00   0   0   0   0   0
201   1   1   4   0   0   2 0.00 0.00 0.00 0.00   0   0   0   0   0
202   1   1   6   0   0   2 0.00 0.00 0.00 0.00   0   0   0   0   0
203   1   1   6   0   0   2 0.00 0.00 0.00 0.00   0   0   0   0   0
204   1   1   3   0   0   1 0.00 0.00 0.00 0.00   0   0   0   0   0
205   1   1   6   0   0   2 0.00 0.00 0.00 0.00   0   0   0   0   0
206   1   1   1   0   0   1 0.00 0.00 0.00 0.00   0   0   0   0   0
207   1   1   5   0   0   1 0.00 0.00 0.00 0.00   0   0   0   0   0
208   1   1   6   0   0   2 0.00 0.00 0.00 0.00   0   0   0   0   0
209   1   1   3   0   0   1 0.00 0.00 0.00 0.00   0   0   0   0   0
210   1   1   4   0   0   2 0.00 0.00 0.00 0.00   0   0   0   0   0
